Year,Pasture,Patch,Pasture_Patch,Pasture_Patch_Year,Pasture_Patch_Year_Transect,Robel.N,Robel.E,Robel.S,Robel.W,Avg_Robel,SD_Robel,WSG,Fescue,Sedges,CSG,Forbs,Legumes,Woody,Violets,Bare,Litter,Litter_dep,Panic,Seed_mix,Angle_of_O
2018,DUN,E,DUN_E,DUN_E_2018,DUN_E_2018,7,6,7,6,7,0.577350269,16,1,.,63,16,0,0,3,0,98,4,0,16,
2018,DUN,E,DUN_E,DUN_E_2018,DUN_E_2018,4,4,7,5,5,1.414213562,38,3,.,63,16,0,63,16,0,98,10,1,98,
2018,DUN,E,DUN_E,DUN_E_2018,DUN_E_2018,5,5,7,5,6,1,38,3,.,63,16,0,0,16,0,98,8,0,63,
2018,DUN,E,DUN_E,DUN_E_2018,DUN_E_2018,6,9,5,7,7,1.707825128,16,1,.,38,63,0,0,16,0,98,9,0,16,
2018,DUN,E,DUN_E,DUN_E_2018,DUN_E_2018,3,5,5,8,5,2.061552813,16,16,.,63,38,0,0,16,0,98,11,0,38,
2018,DUN,E,DUN_E,DUN_E_2018,DUN_E_2018,5,5,3,3,4,1.154700538,3,38,.,63,3,0,0,0,3,86,1,0,0,
2018,DUN,E,DUN_E,DUN_E_2018,DUN_E_2018,5,9,6,5,6,1.892969449,38,3,.,38,16,0,0,16,3,63,6,0,63,
2018,DUN,E,DUN_E,DUN_E_2018,DUN_E_2018,7,6,6,5,6,0.816496581,63,3,.,38,3,0,0,0,3,38,1,0,0,
2018,DUN,E,DUN_E,DUN_E_2018,DUN_E_2018,4,5,7,5,5,1.258305739,16,0,.,38,3,0,0,0,0,86,3,0,0,
2018,DUN,E,DUN_E,DUN_E_2018,DUN_E_2018,12,20,11,7,13,5.446711546,0,3,.,86,38,0,0,0,16,63,6,0,0,
2018,DUN,E,DUN_E,DUN_E_2018,DUN_E_2018,5,4,5,5,5,0.5,16,16,.,38,16,0,0,0,3,63,2,0,0,
2018,DUN,E,DUN_E,DUN_E_2018,DUN_E_2018,7,9,9,6,8,1.5,0,0,.,63,16,0,0,0,0,98,5,0,0,
2018,DUN,E,DUN_E,DUN_E_2018,DUN_E_2018,20,10,3,5,10,7.593857167,16,0,.,16,38,0,0,0,3,86,7,0,0,
2018,DUN,E,DUN_E,DUN_E_2018,DUN_E_2018,7,9,9,11,9,1.632993162,38,0,.,63,0,0,0,0,3,63,6,0,0,
2018,DUN,E,DUN_E,DUN_E_2018,DUN_E_2018,9,8,8,8,8,0.5,63,0,.,16,63,0,0,16,0,63,3,0,63,
2018,DUN,E,DUN_E,DUN_E_2018,DUN_E_2018,11,10,14,10,11,1.892969449,16,0,.,16,98,0,0,0,0,63,2,0,0,
2018,DUN,E,DUN_E,DUN_E_2018,DUN_E_2018,10,9,8,11,10,1.290994449,16,0,.,63,86,0,0,16,0,86,4.5,0,86,
2018,DUN,E,DUN_E,DUN_E_2018,DUN_E_2018,9,9,10,5,8,2.217355783,16,0,.,63,38,0,16,0,0,86,3.5,0,0,
2018,DUN,E,DUN_E,DUN_E_2018,DUN_E_2018,15,9,20,20,16,5.228129047,63,0,.,38,38,0,0,16,0,86,2,0,63,
2018,DUN,E,DUN_E,DUN_E_2018,DUN_E_2018,15,15,15,20,16,2.5,3,16,.,86,38,0,0,0,0,63,2,0,0,
2018,DUN,W,DUN_W,DUN_W_2018,DUN_W_2018,5,4,6,6,5,0.957427108,38,0,.,38,16,16,0,0,38,38,0.5,0,0,
2018,DUN,W,DUN_W,DUN_W_2018,DUN_W_2018,5,5,5,5,5,0,16,0,.,38,38,38,0,0,38,38,1.5,1,0,
2018,DUN,W,DUN_W,DUN_W_2018,DUN_W_2018,7,7,5,6,6,0.957427108,38,0,.,38,38,16,0,0,63,38,0,0,0,
2018,DUN,W,DUN_W,DUN_W_2018,DUN_W_2018,4,5,4,10,6,2.872281323,16,0,.,63,3,16,0,0,16,38,0.5,0,0,
2018,DUN,W,DUN_W,DUN_W_2018,DUN_W_2018,6,5,5,6,6,0.577350269,38,0,.,38,3,3,0,0,38,38,0.5,0,0,
2018,DUN,W,DUN_W,DUN_W_2018,DUN_W_2018,3,3,3,4,3,0.5,38,0,.,16,3,16,0,0,16,38,2,0,0,
2018,DUN,W,DUN_W,DUN_W_2018,DUN_W_2018,2,2,3,3,3,0.577350269,16,0,.,38,1,63,0,0,16,38,0,0,0,
2018,DUN,W,DUN_W,DUN_W_2018,DUN_W_2018,3,3,3,3,3,0,38,0,.,16,3,38,0,0,38,38,0.5,0,0,
2018,DUN,W,DUN_W,DUN_W_2018,DUN_W_2018,4,3,3,3,3,0.5,63,0,.,16,16,3,0,16,16,38,0,0,98,
2018,DUN,W,DUN_W,DUN_W_2018,DUN_W_2018,6,6,5,6,6,0.5,38,0,.,16,3,0,0,0,16,38,2,0,0,
2018,DUN,W,DUN_W,DUN_W_2018,DUN_W_2018,5,4,4,5,5,0.577350269,63,0,.,16,16,3,0,0,16,63,0.5,1,0,
2018,DUN,W,DUN_W,DUN_W_2018,DUN_W_2018,6,5,5,4,5,0.816496581,38,0,.,38,38,16,0,3,16,38,0,0,3,
2018,DUN,W,DUN_W,DUN_W_2018,DUN_W_2018,6,3,4,10,6,3.095695937,16,0,.,16,16,38,0,16,16,38,0,0,38,
2018,DUN,W,DUN_W,DUN_W_2018,DUN_W_2018,5,4,4,5,5,0.577350269,16,0,.,16,16,86,0,0,16,38,0.5,0,0,
2018,DUN,W,DUN_W,DUN_W_2018,DUN_W_2018,3,4,6,10,6,3.095695937,63,0,.,16,63,16,0,0,16,38,0.5,0,0,
2018,DUN,W,DUN_W,DUN_W_2018,DUN_W_2018,4,3,6,5,5,1.290994449,63,0,.,16,16,16,0,3,16,38,0,0,38,
2018,DUN,W,DUN_W,DUN_W_2018,DUN_W_2018,7,7,6,5,6,0.957427108,16,0,.,16,38,86,0,0,16,38,0.5,0,0,
2018,DUN,W,DUN_W,DUN_W_2018,DUN_W_2018,6,6,9,5,7,1.732050808,16,0,.,38,38,86,0,16,16,63,2,0,63,
2018,DUN,W,DUN_W,DUN_W_2018,DUN_W_2018,9,7,7,6,7,1.258305739,63,16,.,16,38,38,0,16,3,38,2,0,63,
2018,DUN,W,DUN_W,DUN_W_2018,DUN_W_2018,7,7,6,7,7,0.5,63,0,.,16,38,0,0,0,3,38,0.5,0,0,
2018,DUN,W,DUN_W,DUN_W_2018,DUN_W_2018,5,6,7,5,6,0.957427108,16,0,.,63,38,63,0,16,3,38,2,0,86,
2018,DUN,W,DUN_W,DUN_W_2018,DUN_W_2018,6,7,7,7,7,0.5,63,3,.,16,38,16,0,0,3,38,1.5,0,0,
2018,DUN,W,DUN_W,DUN_W_2018,DUN_W_2018,4,3,5,4,4,0.816496581,16,0,.,63,16,38,0,0,3,63,0,0,0,
2018,DUN,W,DUN_W,DUN_W_2018,DUN_W_2018,6,7,7,5,6,0.957427108,16,0,.,86,16,38,0,0,16,38,0,0,0,
2018,DUN,W,DUN_W,DUN_W_2018,DUN_W_2018,8,4,9,9,8,2.380476143,3,0,.,86,1,38,0,0,38,38,0,0,0,
2018,DUN,W,DUN_W,DUN_W_2018,DUN_W_2018,6,6,5,6,6,0.5,3,0,.,63,3,63,0,3,3,38,1.5,0,16,
2018,DUN,W,DUN_W,DUN_W_2018,DUN_W_2018,3,5,2,2,3,1.414213562,3,0,.,63,16,86,0,16,3,63,1,0,86,
2018,DUN,W,DUN_W,DUN_W_2018,DUN_W_2018,5,5,6,7,6,0.957427108,16,0,.,63,38,16,0,0,3,38,2,0,0,
2018,DUN,W,DUN_W,DUN_W_2018,DUN_W_2018,5,5,6,7,6,0.957427108,16,0,.,63,16,86,0,16,3,38,0.5,1,98,
2018,DUN,W,DUN_W,DUN_W_2018,DUN_W_2018,3,4,4,5,4,0.816496581,16,16,.,16,16,38,0,0,16,38,0,0,0,
2018,GIL,C,GIL_C,GIL_C_2018,GIL_C_2018,5,4,3,4,4,0.816496581,16,0,.,16,63,0,0,3,1,98,2,0,16,
2018,GIL,C,GIL_C,GIL_C_2018,GIL_C_2018,5,4,3,4,4,0.816496581,16,0,.,86,16,0,0,3,0,98,2.5,0,38,
2018,GIL,C,GIL_C,GIL_C_2018,GIL_C_2018,5,5,3,3,4,1.154700538,16,3,.,63,38,3,0,16,0,98,1,1,38,
2018,GIL,C,GIL_C,GIL_C_2018,GIL_C_2018,3,4,4,2,3,0.957427108,3,3,.,38,38,3,0,0,0,98,3,1,0,
2018,GIL,C,GIL_C,GIL_C_2018,GIL_C_2018,3,3,2,2,3,0.577350269,16,0,.,98,16,16,0,3,0,98,2.5,1,3,
2018,GIL,C,GIL_C,GIL_C_2018,GIL_C_2018,4,9,5,3,5,2.62995564,16,38,.,38,63,16,0,16,0,98,4,0,38,
2018,GIL,C,GIL_C,GIL_C_2018,GIL_C_2018,5,5,3,3,4,1.154700538,0,86,.,16,16,3,0,0,0,98,1.5,0,0,
2018,GIL,C,GIL_C,GIL_C_2018,GIL_C_2018,2,3,3,2,3,0.577350269,38,16,.,16,16,16,0,0,3,98,0.5,0,0,
2018,GIL,C,GIL_C,GIL_C_2018,GIL_C_2018,3,3,2,2,3,0.577350269,63,16,.,16,38,3,0,0,0,98,3,1,0,
2018,GIL,C,GIL_C,GIL_C_2018,GIL_C_2018,7,8,5,7,7,1.258305739,0,63,.,16,63,0,0,16,0,98,0.5,0,38,
2018,GIL,C,GIL_C,GIL_C_2018,GIL_C_2018,7,5,3,4,5,1.707825128,16,3,.,38,38,16,0,38,0,98,3.5,1,63,
2018,GIL,C,GIL_C,GIL_C_2018,GIL_C_2018,1,4,1,2,2,1.414213562,3,0,.,38,3,16,0,0,16,86,1.5,1,0,
2018,GIL,C,GIL_C,GIL_C_2018,GIL_C_2018,1,1,1,3,2,1,16,1,.,16,16,16,0,3,16,86,0.5,0,16,
2018,GIL,C,GIL_C,GIL_C_2018,GIL_C_2018,9,5,5,4,6,2.217355783,16,16,.,38,86,0,0,86,0,98,0.5,0,98,
2018,GIL,C,GIL_C,GIL_C_2018,GIL_C_2018,6,8,10,5,7,2.217355783,38,0,.,38,38,0,16,16,0,98,3,0,38,
2018,GIL,C,GIL_C,GIL_C_2018,GIL_C_2018,9,9,8,8,9,0.577350269,16,1,.,38,38,3,0,3,3,98,4,0,3,
2018,GIL,C,GIL_C,GIL_C_2018,GIL_C_2018,7,7,5,5,6,1.154700538,3,0,.,63,38,3,0,0,3,86,0,0,0,
2018,GIL,C,GIL_C,GIL_C_2018,GIL_C_2018,4,7,6,9,7,2.081665999,16,0,.,38,38,3,38,3,0,98,2,0,16,
2018,GIL,C,GIL_C,GIL_C_2018,GIL_C_2018,6,7,8,4,6,1.707825128,86,1,.,16,38,3,16,16,0,98,1,1,38,
2018,GIL,C,GIL_C,GIL_C_2018,GIL_C_2018,10,8,6,7,8,1.707825128,38,0,.,16,38,0,0,16,0,98,1.5,1,16,
2018,GIL,C,GIL_C,GIL_C_2018,GIL_C_2018,3,5,2,2,3,1.414213562,3,0,.,16,16,16,0,3,3,98,0.5,1,16,
2018,GIL,C,GIL_C,GIL_C_2018,GIL_C_2018,5,3,5,3,4,1.154700538,63,0,.,3,16,3,0,3,0,98,2,1,16,
2018,GIL,C,GIL_C,GIL_C_2018,GIL_C_2018,9,5,5,3,6,2.516611478,0,38,.,38,16,3,0,16,0,98,2.5,0,63,
2018,GIL,C,GIL_C,GIL_C_2018,GIL_C_2018,10,9,6,9,9,1.732050808,38,16,.,16,63,1,0,16,1,98,3,0,38,
2018,GIL,C,GIL_C,GIL_C_2018,GIL_C_2018,6,3,3,2,4,1.732050808,38,0,.,16,16,16,0,3,16,86,1.5,0,16,
2018,GIL,C,GIL_C,GIL_C_2018,GIL_C_2018,4,7,10,7,7,2.449489743,38,3,.,16,63,16,0,38,3,86,0.5,0,38,
2018,GIL,C,GIL_C,GIL_C_2018,GIL_C_2018,1,3,2,4,3,1.290994449,16,3,.,63,16,3,0,0,3,98,0.5,0,0,
2018,GIL,C,GIL_C,GIL_C_2018,GIL_C_2018,7,9,6,5,7,1.707825128,16,38,.,16,38,0,0,3,0,98,3,0,16,
2018,GIL,C,GIL_C,GIL_C_2018,GIL_C_2018,8,10,2,8,7,3.464101615,0,38,.,38,16,3,0,3,0,98,2,0,38,
2018,GIL,C,GIL_C,GIL_C_2018,GIL_C_2018,5,3,5,5,5,1,38,0,.,16,38,3,0,38,0,98,0,1,86,
2018,GIL,N,GIL_N,GIL_N_2018,GIL_N_2018,3,2,2,3,3,0.577350269,1,3,.,86,1,3,0,0,16,86,1,0,0,
2018,GIL,N,GIL_N,GIL_N_2018,GIL_N_2018,3,5,5,3,4,1.154700538,0,38,.,86,38,16,0,16,3,98,1,0,38,
2018,GIL,N,GIL_N,GIL_N_2018,GIL_N_2018,1,3,5,3,3,1.632993162,16,3,.,38,16,16,0,0,38,38,0.5,0,0,
2018,GIL,N,GIL_N,GIL_N_2018,GIL_N_2018,4,4,5,3,4,0.816496581,16,3,.,38,38,3,0,0,3,98,1.5,1,0,
2018,GIL,N,GIL_N,GIL_N_2018,GIL_N_2018,5,3,5,4,4,0.957427108,16,16,.,63,16,1,0,16,3,86,0,1,98,
2018,GIL,N,GIL_N,GIL_N_2018,GIL_N_2018,3,2,1,5,3,1.707825128,16,0,.,38,16,16,0,0,0,98,3,0,0,
2018,GIL,N,GIL_N,GIL_N_2018,GIL_N_2018,0,0,3,1,1,1.414213562,16,16,.,16,16,16,0,0,16,63,0.5,0,0,
2018,GIL,N,GIL_N,GIL_N_2018,GIL_N_2018,0,0,0,0,0,0,3,1,.,16,16,38,0,0,38,38,0.5,1,0,
2018,GIL,N,GIL_N,GIL_N_2018,GIL_N_2018,0,0,0,3,1,1.5,16,16,.,63,16,3,0,0,0,98,2.5,1,0,
2018,GIL,N,GIL_N,GIL_N_2018,GIL_N_2018,5,2,3,1,3,1.707825128,3,38,.,16,63,16,0,0,16,86,0.5,0,0,
2018,GIL,N,GIL_N,GIL_N_2018,GIL_N_2018,1,3,1,0,1,1.258305739,3,16,.,16,16,16,0,0,63,38,0,0,0,
2018,GIL,N,GIL_N,GIL_N_2018,GIL_N_2018,1,0,3,2,2,1.290994449,16,16,.,16,38,38,0,3,63,38,0.5,1,16,
2018,GIL,N,GIL_N,GIL_N_2018,GIL_N_2018,1,2,2,2,2,0.5,38,0,.,38,38,16,0,0,38,38,0,1,0,
2018,GIL,N,GIL_N,GIL_N_2018,GIL_N_2018,2,2,4,3,3,0.957427108,0,3,.,63,38,0,0,0,0,98,4.5,0,0,
2018,GIL,N,GIL_N,GIL_N_2018,GIL_N_2018,3,5,4,8,5,2.160246899,16,3,.,86,16,0,0,0,0,98,3,0,0,
2018,GIL,N,GIL_N,GIL_N_2018,GIL_N_2018,4,2,3,5,4,1.290994449,3,63,.,38,16,0,0,0,0,98,5.5,0,0,
2018,GIL,N,GIL_N,GIL_N_2018,GIL_N_2018,1,1,1,2,1,0.5,16,0,.,38,16,16,0,0,16,63,0.5,1,0,
2018,GIL,N,GIL_N,GIL_N_2018,GIL_N_2018,4,5,2,2,3,1.5,16,0,.,16,38,3,0,0,3,98,2,1,0,
2018,GIL,N,GIL_N,GIL_N_2018,GIL_N_2018,0,1,0,1,1,0.577350269,3,0,.,16,16,3,0,0,86,16,0,0,0,
2018,GIL,N,GIL_N,GIL_N_2018,GIL_N_2018,7,7,7,9,8,1,3,0,.,63,63,0,0,0,0,98,3,0,0,
2018,GIL,N,GIL_N,GIL_N_2018,GIL_N_2018,3,4,2,2,3,0.957427108,86,16,.,16,16,16,0,0,3,86,2.5,1,0,
2018,GIL,N,GIL_N,GIL_N_2018,GIL_N_2018,5,5,3,2,4,1.5,0,16,.,38,63,16,0,38,3,98,0.5,0,63,
2018,GIL,N,GIL_N,GIL_N_2018,GIL_N_2018,4,2,2,4,3,1.154700538,38,1,.,38,38,16,3,0,38,38,0,0,0,
2018,GIL,N,GIL_N,GIL_N_2018,GIL_N_2018,3,2,2,3,3,0.577350269,38,1,.,16,38,3,0,0,0,98,2,1,0,
2018,GIL,N,GIL_N,GIL_N_2018,GIL_N_2018,3,3,3,4,3,0.5,3,0,.,16,86,3,0,0,86,16,2,0,0,
2018,GIL,N,GIL_N,GIL_N_2018,GIL_N_2018,1,1,3,2,2,0.957427108,16,3,.,16,16,16,0,0,3,86,1,1,0,
2018,GIL,N,GIL_N,GIL_N_2018,GIL_N_2018,6,1,3,5,4,2.217355783,3,0,.,16,16,16,0,0,63,38,0,0,0,
2018,GIL,N,GIL_N,GIL_N_2018,GIL_N_2018,1,2,3,1,2,0.957427108,16,1,.,16,16,3,0,0,16,63,2,1,0,
2018,GIL,N,GIL_N,GIL_N_2018,GIL_N_2018,3,2,1,1,2,0.957427108,16,3,.,38,16,38,0,0,63,38,0,1,0,
2018,GIL,N,GIL_N,GIL_N_2018,GIL_N_2018,3,4,5,3,4,0.957427108,38,38,.,16,38,3,0,0,0,98,6,0,0,
2018,GIL,S,GIL_S,GIL_S_2018,GIL_S_2018,3,3,3,5,4,1,16,16,.,16,38,16,0,16,1,98,0.5,1,38,
2018,GIL,S,GIL_S,GIL_S_2018,GIL_S_2018,3,3,3,2,3,0.5,38,16,.,16,38,38,0,16,0,98,1.5,0,38,
2018,GIL,S,GIL_S,GIL_S_2018,GIL_S_2018,2,2,5,2,3,1.5,0,63,.,16,38,1,3,16,0,98,1.5,1,38,
2018,GIL,S,GIL_S,GIL_S_2018,GIL_S_2018,1,3,1,3,2,1.154700538,0,38,.,38,16,16,0,16,0,98,1.5,0,38,
2018,GIL,S,GIL_S,GIL_S_2018,GIL_S_2018,3,1,2,3,2,0.957427108,0,38,.,38,16,16,16,16,0,98,1.5,0,38,
2018,GIL,S,GIL_S,GIL_S_2018,GIL_S_2018,5,1,0,1,2,2.217355783,0,3,.,3,3,0,38,0,0,98,3.5,0,0,
2018,GIL,S,GIL_S,GIL_S_2018,GIL_S_2018,7,7,3,8,6,2.217355783,0,0,.,38,16,0,38,16,0,98,2,0,63,
2018,GIL,S,GIL_S,GIL_S_2018,GIL_S_2018,5,6,8,10,7,2.217355783,0,38,.,38,63,0,0,63,0,98,4,0,86,
2018,GIL,S,GIL_S,GIL_S_2018,GIL_S_2018,8,8,9,10,9,0.957427108,0,3,.,16,16,0,86,0,3,86,1.5,0,0,
2018,GIL,S,GIL_S,GIL_S_2018,GIL_S_2018,7,5,9,6,7,1.707825128,0,16,.,38,16,0,16,0,16,86,0.5,0,0,
2018,GIL,S,GIL_S,GIL_S_2018,GIL_S_2018,1,4,5,3,3,1.707825128,16,3,.,38,63,0,0,0,0,98,1,0,0,
2018,GIL,S,GIL_S,GIL_S_2018,GIL_S_2018,2,3,5,3,3,1.258305739,0,38,.,38,38,16,0,0,0,98,3,0,0,
2018,GIL,S,GIL_S,GIL_S_2018,GIL_S_2018,1,3,5,1,3,1.914854216,3,38,.,16,16,0,0,3,1,98,1,0,38,
2018,GIL,S,GIL_S,GIL_S_2018,GIL_S_2018,3,2,1,2,2,0.816496581,0,63,.,38,38,3,0,38,0,98,2,0,86,
2018,GIL,S,GIL_S,GIL_S_2018,GIL_S_2018,5,3,6,5,5,1.258305739,0,63,.,16,63,3,0,0,3,98,0.5,0,0,
2018,GIL,S,GIL_S,GIL_S_2018,GIL_S_2018,3,2,1,1,2,0.957427108,0,38,.,16,38,16,0,0,3,98,1,0,0,
2018,GIL,S,GIL_S,GIL_S_2018,GIL_S_2018,1,0,1,1,1,0.5,0,63,.,16,3,0,0,0,3,98,1,0,0,
2018,GIL,S,GIL_S,GIL_S_2018,GIL_S_2018,1,0,0,1,1,0.577350269,0,38,.,3,3,3,0,0,0,98,1,0,0,
2018,GIL,S,GIL_S,GIL_S_2018,GIL_S_2018,1,4,1,1,2,1.5,0,63,.,16,3,0,0,0,16,86,1.5,0,0,
2018,GIL,S,GIL_S,GIL_S_2018,GIL_S_2018,3,3,1,5,3,1.632993162,0,63,.,16,3,0,0,16,0,98,2,0,38,
2018,GIL,S,GIL_S,GIL_S_2018,GIL_S_2018,3,1,2,2,2,0.816496581,0,86,.,16,16,16,0,16,0,98,4,0,86,
2018,GIL,S,GIL_S,GIL_S_2018,GIL_S_2018,5,2,5,5,4,1.5,0,38,.,16,63,3,0,38,0,98,3,0,38,
2018,GIL,S,GIL_S,GIL_S_2018,GIL_S_2018,2,3,5,3,3,1.258305739,38,38,.,16,63,1,0,16,0,98,3.5,0,63,
2018,GIL,S,GIL_S,GIL_S_2018,GIL_S_2018,2,1,2,2,2,0.5,0,63,.,3,16,0,3,0,3,98,0.5,0,0,
2018,GIL,S,GIL_S,GIL_S_2018,GIL_S_2018,1,2,1,1,1,0.5,0,38,.,16,16,16,0,3,38,38,0,0,38,
2018,GIL,S,GIL_S,GIL_S_2018,GIL_S_2018,1,1,1,1,1,0,1,63,.,3,16,16,0,0,3,86,1.5,0,0,
2018,GIL,S,GIL_S,GIL_S_2018,GIL_S_2018,1,1,1,1,1,0,0,63,.,3,16,3,0,16,0,98,0.5,0,98,
2018,GIL,S,GIL_S,GIL_S_2018,GIL_S_2018,3,3,3,3,3,0,0,98,.,0,16,0,0,16,0,98,3,0,98,
2018,GIL,S,GIL_S,GIL_S_2018,GIL_S_2018,1,1,0,1,1,0.5,0,86,.,16,3,0,0,0,0,98,1,0,0,
2018,GIL,S,GIL_S,GIL_S_2018,GIL_S_2018,2,2,3,4,3,0.957427108,0,98,.,16,16,0,0,0,16,86,0,0,0,
2018,KLN,C,KLN_C,KLN_C_2018,KLN_C_2018,2,2,2,2,2,0,38,3,.,3,16,16,0,16,1,98,0.5,0,38,
2018,KLN,C,KLN_C,KLN_C_2018,KLN_C_2018,2,1,2,2,2,0.5,38,3,.,16,16,63,0,0,3,86,1,1,0,
2018,KLN,C,KLN_C,KLN_C_2018,KLN_C_2018,1,1,2,2,2,0.577350269,38,16,.,16,3,63,0,0,16,63,0,0,0,
2018,KLN,C,KLN_C,KLN_C_2018,KLN_C_2018,2,3,3,4,3,0.816496581,86,16,.,3,16,16,0,16,3,86,0,0,98,
2018,KLN,C,KLN_C,KLN_C_2018,KLN_C_2018,4,4,3,4,4,0.5,16,63,.,16,16,3,0,0,1,86,2,0,0,
2018,KLN,C,KLN_C,KLN_C_2018,KLN_C_2018,2,2,3,2,2,0.5,16,16,.,16,63,16,0,38,0,86,1.5,0,63,
2018,KLN,C,KLN_C,KLN_C_2018,KLN_C_2018,3,2,3,3,3,0.5,38,16,.,3,38,63,0,16,3,86,1.5,0,16,
2018,KLN,C,KLN_C,KLN_C_2018,KLN_C_2018,2,1,1,2,2,0.577350269,38,0,.,3,16,38,0,0,86,16,0,0,0,
2018,KLN,C,KLN_C,KLN_C_2018,KLN_C_2018,2,1,1,2,2,0.577350269,38,0,.,1,16,1,0,3,86,3,0,1,3,
2018,KLN,C,KLN_C,KLN_C_2018,KLN_C_2018,2,2,2,2,2,0,3,38,.,3,38,38,0,0,16,63,0,0,0,
2018,KLN,C,KLN_C,KLN_C_2018,KLN_C_2018,2,2,3,3,3,0.577350269,38,38,.,0,38,16,0,16,38,38,0,0,98,
2018,KLN,C,KLN_C,KLN_C_2018,KLN_C_2018,2,2,2,2,2,0,63,16,.,3,16,3,0,16,38,63,0,0,86,
2018,KLN,C,KLN_C,KLN_C_2018,KLN_C_2018,3,4,4,3,4,0.577350269,63,16,.,16,16,16,0,16,38,38,1.5,1,98,
2018,KLN,C,KLN_C,KLN_C_2018,KLN_C_2018,3,4,4,4,4,0.5,63,3,.,3,3,0,0,3,16,86,5,1,98,
2018,KLN,C,KLN_C,KLN_C_2018,KLN_C_2018,3,2,5,4,4,1.290994449,38,16,.,3,38,16,0,38,0,98,1,1,86,
2018,KLN,C,KLN_C,KLN_C_2018,KLN_C_2018,2,2,2,3,2,0.5,3,38,.,16,16,38,0,0,0,98,2.5,1,0,
2018,KLN,C,KLN_C,KLN_C_2018,KLN_C_2018,1,1,1,2,1,0.5,16,38,.,3,16,38,0,0,63,16,0,0,0,
2018,KLN,C,KLN_C,KLN_C_2018,KLN_C_2018,2,1,2,3,2,0.816496581,0,63,.,0,38,38,0,16,63,16,0,0,38,
2018,KLN,C,KLN_C,KLN_C_2018,KLN_C_2018,0,1,1,1,1,0.5,3,38,.,0,16,63,0,0,63,16,0,0,0,
2018,KLN,C,KLN_C,KLN_C_2018,KLN_C_2018,3,3,3,2,3,0.5,38,16,.,0,16,38,0,0,63,16,0,0,0,
2018,KLN,C,KLN_C,KLN_C_2018,KLN_C_2018,2,1,3,2,2,0.816496581,3,38,.,0,16,63,0,3,38,38,1.5,0,16,
2018,KLN,C,KLN_C,KLN_C_2018,KLN_C_2018,2,2,3,2,2,0.5,0,63,.,0,16,63,0,0,0,63,0.5,0,0,
2018,KLN,C,KLN_C,KLN_C_2018,KLN_C_2018,1,2,2,2,2,0.5,16,3,.,0,16,3,0,0,98,3,0,0,0,
2018,KLN,C,KLN_C,KLN_C_2018,KLN_C_2018,4,4,3,2,3,0.957427108,3,38,.,16,16,38,0,0,16,86,1,0,0,
2018,KLN,C,KLN_C,KLN_C_2018,KLN_C_2018,2,2,3,2,2,0.5,3,38,.,0,1,38,0,0,0,98,2,0,0,
2018,KLN,C,KLN_C,KLN_C_2018,KLN_C_2018,2,1,1,2,2,0.577350269,3,16,.,0,16,38,0,3,16,38,0,0,3,
2018,KLN,C,KLN_C,KLN_C_2018,KLN_C_2018,2,3,3,2,3,0.577350269,16,16,.,0,38,16,0,0,0,98,0,0,0,
2018,KLN,C,KLN_C,KLN_C_2018,KLN_C_2018,1,2,2,3,2,0.816496581,16,3,.,0,16,38,0,3,98,3,0,0,3,
2018,KLN,C,KLN_C,KLN_C_2018,KLN_C_2018,2,3,2,2,2,0.5,0,63,.,3,38,16,0,0,38,38,0.5,0,0,
2018,KLN,C,KLN_C,KLN_C_2018,KLN_C_2018,2,1,3,3,2,0.957427108,3,86,.,0,16,16,0,3,0,98,1,0,3,
2018,KLN,E,KLN_E,KLN_E_2018,KLN_E_2018,4,5,4,4,4,0.5,16,63,.,3,3,3,0,3,0,98,2,0,38,
2018,KLN,E,KLN_E,KLN_E_2018,KLN_E_2018,3,2,4,5,4,1.290994449,63,38,.,3,38,16,0,38,0,98,4.5,0,86,
2018,KLN,E,KLN_E,KLN_E_2018,KLN_E_2018,3,2,2,3,3,0.577350269,3,86,.,3,16,1,0,16,1,98,4,0,63,
2018,KLN,E,KLN_E,KLN_E_2018,KLN_E_2018,2,3,3,2,3,0.577350269,16,63,.,3,16,16,0,3,1,98,3,0,3,
2018,KLN,E,KLN_E,KLN_E_2018,KLN_E_2018,4,4,5,4,4,0.5,16,63,.,3,38,3,0,0,1,98,2.5,0,0,
2018,KLN,E,KLN_E,KLN_E_2018,KLN_E_2018,5,5,4,4,5,0.577350269,16,63,.,16,16,3,0,0,16,86,0,0,0,
2018,KLN,E,KLN_E,KLN_E_2018,KLN_E_2018,1,2,1,3,2,0.957427108,16,38,.,16,16,38,0,0,1,98,0.5,0,0,
2018,KLN,E,KLN_E,KLN_E_2018,KLN_E_2018,4,3,3,3,3,0.5,16,38,.,16,16,3,0,0,1,98,3.5,0,0,
2018,KLN,E,KLN_E,KLN_E_2018,KLN_E_2018,3,2,4,4,3,0.957427108,16,38,.,16,16,16,0,16,3,98,3,0,86,
2018,KLN,E,KLN_E,KLN_E_2018,KLN_E_2018,4,4,5,3,4,0.816496581,16,38,.,16,38,0,0,16,0,98,4.5,0,63,
2018,KLN,E,KLN_E,KLN_E_2018,KLN_E_2018,3,3,4,2,3,0.816496581,1,86,.,16,16,1,0,0,0,98,1,0,0,
2018,KLN,E,KLN_E,KLN_E_2018,KLN_E_2018,2,3,3,3,3,0.5,3,63,.,16,16,16,0,0,16,63,0,0,0,
2018,KLN,E,KLN_E,KLN_E_2018,KLN_E_2018,3,3,3,4,3,0.5,3,86,.,16,3,0,0,0,0,98,2,0,0,
2018,KLN,E,KLN_E,KLN_E_2018,KLN_E_2018,3,4,5,3,4,0.957427108,3,86,.,16,16,1,0,0,0,98,5.5,0,0,
2018,KLN,E,KLN_E,KLN_E_2018,KLN_E_2018,1,1,2,2,2,0.577350269,3,38,.,3,16,1,0,0,86,3,0,0,0,
2018,KLN,E,KLN_E,KLN_E_2018,KLN_E_2018,2,3,4,6,4,1.707825128,16,63,.,16,16,3,0,0,0,86,1,0,0,
2018,KLN,E,KLN_E,KLN_E_2018,KLN_E_2018,2,3,4,3,3,0.816496581,3,38,.,38,16,0,0,0,0,98,1,0,0,
2018,KLN,E,KLN_E,KLN_E_2018,KLN_E_2018,1,2,3,2,2,0.816496581,38,16,.,16,16,16,0,0,3,86,0,0,0,
2018,KLN,E,KLN_E,KLN_E_2018,KLN_E_2018,1,3,3,2,2,0.957427108,3,63,.,16,16,3,0,0,0,98,5,0,0,
2018,KLN,E,KLN_E,KLN_E_2018,KLN_E_2018,2,3,2,3,3,0.577350269,16,63,.,16,16,1,0,16,0,98,1,0,98,
2018,KLN,E,KLN_E,KLN_E_2018,KLN_E_2018,2,2,2,2,2,0,38,16,.,16,16,16,0,3,0,98,3,0,38,
2018,KLN,E,KLN_E,KLN_E_2018,KLN_E_2018,2,2,3,2,2,0.5,16,38,.,16,16,38,0,16,3,98,1.5,0,63,
2018,KLN,E,KLN_E,KLN_E_2018,KLN_E_2018,2,3,2,2,2,0.5,16,38,.,16,16,16,0,0,0,98,1,0,0,
2018,KLN,E,KLN_E,KLN_E_2018,KLN_E_2018,2,3,3,2,3,0.577350269,38,16,.,0,16,16,0,0,0,98,2,0,0,
2018,KLN,E,KLN_E,KLN_E_2018,KLN_E_2018,3,3,3,3,3,0,16,38,.,0,16,0,0,0,0,98,1.5,0,0,
2018,KLN,E,KLN_E,KLN_E_2018,KLN_E_2018,2,2,2,0,2,1,3,63,.,0,16,0,0,3,0,98,1,0,3,
2018,KLN,E,KLN_E,KLN_E_2018,KLN_E_2018,1,0,0,0,0,0.5,16,63,.,0,16,0,0,0,3,16,0,0,0,
2018,KLN,E,KLN_E,KLN_E_2018,KLN_E_2018,2,2,2,1,2,0.5,16,63,.,16,16,38,3,0,0,98,0.5,0,0,
2018,KLN,E,KLN_E,KLN_E_2018,KLN_E_2018,2,1,2,1,2,0.577350269,3,86,.,0,16,38,0,0,16,86,0,0,0,
2018,KLN,W,KLN_W,KLN_W_2018,KLN_W_2018,1,1,1,1,1,0,16,0,.,3,16,16,0,3,98,3,0,0,16,
2018,KLN,W,KLN_W,KLN_W_2018,KLN_W_2018,1,1,1,2,1,0.5,38,0,.,1,38,16,0,16,63,16,0,0,38,
2018,KLN,W,KLN_W,KLN_W_2018,KLN_W_2018,1,1,1,2,1,0.5,38,3,.,3,16,38,0,0,38,38,0,0,0,
2018,KLN,W,KLN_W,KLN_W_2018,KLN_W_2018,0,1,1,0,1,0.577350269,16,3,.,3,38,16,0,0,86,3,0,0,0,
2018,KLN,W,KLN_W,KLN_W_2018,KLN_W_2018,1,1,2,2,2,0.577350269,63,3,.,3,16,38,0,0,38,38,0,0,0,
2018,KLN,W,KLN_W,KLN_W_2018,KLN_W_2018,0,0,0,1,0,0.5,38,3,.,3,16,16,0,0,86,3,0,0,0,
2018,KLN,W,KLN_W,KLN_W_2018,KLN_W_2018,1,0,1,0,1,0.577350269,0,63,.,0,3,63,0,0,38,16,0,0,0,
2018,KLN,W,KLN_W,KLN_W_2018,KLN_W_2018,1,0,0,0,0,0.5,0,63,.,3,3,16,0,0,38,16,0,0,0,
2018,KLN,W,KLN_W,KLN_W_2018,KLN_W_2018,1,1,0,0,1,0.577350269,3,38,.,1,16,38,0,0,38,3,0,0,0,
2018,KLN,W,KLN_W,KLN_W_2018,KLN_W_2018,0,1,1,2,1,0.816496581,16,16,.,0,16,16,0,0,38,38,0,0,0,
2018,KLN,W,KLN_W,KLN_W_2018,KLN_W_2018,1,1,1,1,1,0,38,16,.,1,16,16,0,0,63,3,0,0,0,
2018,KLN,W,KLN_W,KLN_W_2018,KLN_W_2018,1,2,2,2,2,0.5,38,3,.,0,38,38,0,0,63,16,0,0,0,
2018,KLN,W,KLN_W,KLN_W_2018,KLN_W_2018,1,1,1,1,1,0,3,38,.,1,16,38,0,0,63,3,0,0,0,
2018,KLN,W,KLN_W,KLN_W_2018,KLN_W_2018,0,1,0,0,0,0.5,3,38,.,1,16,38,0,0,63,16,0,0,0,
2018,KLN,W,KLN_W,KLN_W_2018,KLN_W_2018,1,1,0,1,1,0.5,38,38,.,1,3,3,0,0,3,3,0,0,0,
2018,KLN,W,KLN_W,KLN_W_2018,KLN_W_2018,2,3,2,3,3,0.577350269,38,16,.,3,38,38,0,0,16,63,0,0,0,
2018,KLN,W,KLN_W,KLN_W_2018,KLN_W_2018,0,0,1,1,1,0.577350269,38,3,.,0,16,38,0,0,16,3,0,0,0,
2018,KLN,W,KLN_W,KLN_W_2018,KLN_W_2018,1,2,3,3,2,0.957427108,16,63,.,0,16,38,0,0,3,3,0,0,0,
2018,KLN,W,KLN_W,KLN_W_2018,KLN_W_2018,1,2,2,1,2,0.577350269,16,38,.,0,16,16,0,0,63,3,0,0,0,
2018,KLN,W,KLN_W,KLN_W_2018,KLN_W_2018,0,1,1,1,1,0.5,16,16,.,3,16,38,0,0,63,16,0,0,0,
2018,KLN,W,KLN_W,KLN_W_2018,KLN_W_2018,0,1,2,1,1,0.816496581,16,38,.,3,16,16,0,0,63,3,0,0,0,
2018,KLN,W,KLN_W,KLN_W_2018,KLN_W_2018,1,1,1,1,1,0,16,16,.,16,16,38,0,0,86,3,0,0,0,
2018,KLN,W,KLN_W,KLN_W_2018,KLN_W_2018,1,1,1,1,1,0,16,38,.,1,16,16,0,0,38,16,0,0,0,
2018,KLN,W,KLN_W,KLN_W_2018,KLN_W_2018,1,2,1,1,1,0.5,38,16,.,3,16,16,0,0,63,16,0,0,0,
2018,KLN,W,KLN_W,KLN_W_2018,KLN_W_2018,1,2,2,2,2,0.5,16,38,.,3,38,38,0,0,63,16,0,0,0,
2018,KLN,W,KLN_W,KLN_W_2018,KLN_W_2018,2,2,2,2,2,0,38,16,.,16,16,38,0,3,63,16,0,1,3,
2018,KLN,W,KLN_W,KLN_W_2018,KLN_W_2018,1,1,1,1,1,0,38,3,.,0,16,16,0,0,86,3,0,0,0,
2018,KLN,W,KLN_W,KLN_W_2018,KLN_W_2018,3,2,2,3,3,0.577350269,3,38,.,0,38,16,0,0,38,16,0,0,0,
2018,KLN,W,KLN_W,KLN_W_2018,KLN_W_2018,0,0,0,1,0,0.5,3,63,.,3,16,38,0,0,16,3,0,0,0,
2018,KLN,W,KLN_W,KLN_W_2018,KLN_W_2018,2,2,2,2,2,0,3,63,.,3,16,16,0,16,16,16,0,0,86,
2018,KLT,E,KLT_E,KLT_E_2018,KLT_E_2018,6,7,5,5,6,0.957427108,38,0,.,38,38,0,0,0,16,86,5,0,0,
2018,KLT,E,KLT_E,KLT_E_2018,KLT_E_2018,5,6,6,6,6,0.5,38,0,.,16,16,0,0,3,3,86,7.5,0,16,
2018,KLT,E,KLT_E,KLT_E_2018,KLT_E_2018,9,9,8,9,9,0.5,3,0,.,16,63,86,0,0,16,86,0.5,0,0,
2018,KLT,E,KLT_E,KLT_E_2018,KLT_E_2018,5,5,5,9,6,2,63,0,.,16,16,0,0,0,0,98,9.5,0,0,
2018,KLT,E,KLT_E,KLT_E_2018,KLT_E_2018,6,6,7,6,6,0.5,38,0,.,38,16,0,0,0,0,98,1.5,0,0,
2018,KLT,E,KLT_E,KLT_E_2018,KLT_E_2018,5,5,5,5,5,0,63,0,.,3,3,3,0,0,0,98,2.5,0,0,
2018,KLT,E,KLT_E,KLT_E_2018,KLT_E_2018,3,4,5,4,4,0.816496581,63,0,.,3,1,0,0,0,16,63,0.5,0,0,
2018,KLT,E,KLT_E,KLT_E_2018,KLT_E_2018,7,6,6,6,6,0.5,63,0,.,16,16,1,0,0,3,86,3,0,0,
2018,KLT,E,KLT_E,KLT_E_2018,KLT_E_2018,10,8,7,8,8,1.258305739,63,0,.,16,38,63,0,0,3,86,5.5,0,0,
2018,KLT,E,KLT_E,KLT_E_2018,KLT_E_2018,8,9,9,9,9,0.5,38,0,.,38,38,38,0,16,0,98,6.5,0,16,
2018,KLT,E,KLT_E,KLT_E_2018,KLT_E_2018,7,8,9,7,8,0.957427108,86,0,.,16,16,63,0,3,0,98,2.5,0,16,
2018,KLT,E,KLT_E,KLT_E_2018,KLT_E_2018,7,7,8,5,7,1.258305739,63,0,.,38,16,38,0,16,3,86,4.5,0,16,
2018,KLT,E,KLT_E,KLT_E_2018,KLT_E_2018,4,4,4,3,4,0.5,63,0,.,3,1,3,0,0,16,86,4.5,0,0,
2018,KLT,E,KLT_E,KLT_E_2018,KLT_E_2018,9,10,7,7,8,1.5,16,0,.,16,63,0,0,16,0,98,4,0,38,
2018,KLT,E,KLT_E,KLT_E_2018,KLT_E_2018,10,12,11,9,11,1.290994449,16,0,.,38,63,0,0,16,3,98,13.5,0,16,
2018,KLT,E,KLT_E,KLT_E_2018,KLT_E_2018,10,9,10,10,10,0.5,16,0,.,38,98,0,0,16,0,98,9.5,0,38,
2018,KLT,E,KLT_E,KLT_E_2018,KLT_E_2018,6,7,10,9,8,1.825741858,63,0,.,16,16,0,0,0,0,98,3.5,0,0,
2018,KLT,E,KLT_E,KLT_E_2018,KLT_E_2018,6,6,7,7,7,0.577350269,63,0,.,16,16,3,0,3,0,98,1.5,0,16,
2018,KLT,E,KLT_E,KLT_E_2018,KLT_E_2018,3,5,4,4,4,0.816496581,63,0,.,1,3,0,0,0,38,38,0,0,0,
2018,KLT,E,KLT_E,KLT_E_2018,KLT_E_2018,10,11,9,9,10,0.957427108,16,0,.,16,98,0,0,16,63,16,0,0,16,
2018,KLT,E,KLT_E,KLT_E_2018,KLT_E_2018,20,9,13,20,16,5.446711546,0,0,.,16,86,0,0,0,16,86,4,0,0,
2018,KLT,E,KLT_E,KLT_E_2018,KLT_E_2018,9,9,9,9,9,0,0,0,.,16,98,0,0,0,16,86,3,0,0,
2018,KLT,E,KLT_E,KLT_E_2018,KLT_E_2018,7,13,9,9,10,2.516611478,3,0,.,63,86,0,0,0,16,86,3.5,0,0,
2018,KLT,E,KLT_E,KLT_E_2018,KLT_E_2018,11,15,13,9,12,2.581988897,3,0,.,38,98,0,0,0,16,86,4,0,0,
2018,KLT,E,KLT_E,KLT_E_2018,KLT_E_2018,7,6,9,6,7,1.414213562,3,0,.,16,98,0,0,0,16,63,1,0,0,
2018,KLT,E,KLT_E,KLT_E_2018,KLT_E_2018,8,7,7,6,7,0.816496581,3,0,.,16,98,0,0,0,3,86,1.5,1,0,
2018,KLT,E,KLT_E,KLT_E_2018,KLT_E_2018,5,4,5,0,4,2.380476143,1,0,.,16,98,0,0,38,38,63,0,1,63,
2018,KLT,E,KLT_E,KLT_E_2018,KLT_E_2018,4,6,5,3,5,1.290994449,0,0,.,16,86,0,0,16,38,63,0,1,16,
2018,KLT,E,KLT_E,KLT_E_2018,KLT_E_2018,6,7,5,4,6,1.290994449,38,0,.,16,86,0,0,16,38,63,0,0,16,
2018,KLT,E,KLT_E,KLT_E_2018,KLT_E_2018,6,7,7,6,7,0.577350269,63,0,.,16,86,0,0,3,38,63,0,0,3,
2018,KLT,S,KLT_S,KLT_S_2018,KLT_S_2018,4,4,3,4,4,0.5,16,0,.,16,38,0,3,16,3,98,0,0,38,
2018,KLT,S,KLT_S,KLT_S_2018,KLT_S_2018,11,10,10,12,11,0.957427108,0,0,.,3,98,0,16,3,16,86,0.5,0,3,
2018,KLT,S,KLT_S,KLT_S_2018,KLT_S_2018,8,9,8,6,8,1.258305739,38,0,.,3,63,3,0,0,16,86,0.5,0,0,
2018,KLT,S,KLT_S,KLT_S_2018,KLT_S_2018,6,7,6,6,6,0.5,38,0,.,1,86,3,0,0,3,86,1,0,0,
2018,KLT,S,KLT_S,KLT_S_2018,KLT_S_2018,4,4,5,5,5,0.577350269,38,0,.,3,38,0,0,3,16,86,1,0,3,
2018,KLT,S,KLT_S,KLT_S_2018,KLT_S_2018,8,7,6,6,7,0.957427108,38,0,.,3,38,0,0,38,16,86,2,0,86,
2018,KLT,S,KLT_S,KLT_S_2018,KLT_S_2018,7,6,7,8,7,0.816496581,16,0,.,1,98,1,0,0,16,86,1,0,0,
2018,KLT,S,KLT_S,KLT_S_2018,KLT_S_2018,7,9,10,11,9,1.707825128,3,0,.,16,98,0,0,16,16,86,5.5,0,16,
2018,KLT,S,KLT_S,KLT_S_2018,KLT_S_2018,7,7,6,6,7,0.577350269,38,0,.,3,38,3,0,16,16,86,1,0,38,
2018,KLT,S,KLT_S,KLT_S_2018,KLT_S_2018,6,6,5,8,6,1.258305739,38,0,.,0,16,38,0,3,38,63,1.5,0,16,
2018,KLT,S,KLT_S,KLT_S_2018,KLT_S_2018,6,6,7,7,7,0.577350269,3,0,.,38,16,3,0,0,3,86,2.5,0,0,
2018,KLT,S,KLT_S,KLT_S_2018,KLT_S_2018,7,7,6,6,7,0.577350269,16,0,.,16,38,3,0,0,3,98,1,0,0,
2018,KLT,S,KLT_S,KLT_S_2018,KLT_S_2018,5,5,5,6,5,0.5,38,0,.,3,16,3,0,16,16,86,2,0,63,
2018,KLT,S,KLT_S,KLT_S_2018,KLT_S_2018,10,11,11,11,11,0.5,3,0,.,16,98,3,0,0,3,86,2,0,0,
2018,KLT,S,KLT_S,KLT_S_2018,KLT_S_2018,4,5,5,5,5,0.5,38,0,.,16,38,3,0,16,3,86,2,0,38,
2018,KLT,S,KLT_S,KLT_S_2018,KLT_S_2018,4,4,3,4,4,0.5,63,0,.,16,16,0,0,16,3,86,1.5,1,86,
2018,KLT,S,KLT_S,KLT_S_2018,KLT_S_2018,5,4,4,4,4,0.5,63,0,.,3,16,16,0,3,0,98,2,0,16,
2018,KLT,S,KLT_S,KLT_S_2018,KLT_S_2018,7,4,4,6,5,1.5,16,0,.,16,38,16,0,38,3,98,3,0,98,
2018,KLT,S,KLT_S,KLT_S_2018,KLT_S_2018,8,5,4,4,5,1.892969449,16,0,.,16,38,0,0,16,0,98,3.5,0,38,
2018,KLT,S,KLT_S,KLT_S_2018,KLT_S_2018,6,5,6,6,6,0.5,3,0,.,16,16,0,0,3,0,98,2.5,1,16,
2018,KLT,S,KLT_S,KLT_S_2018,KLT_S_2018,8,6,7,8,7,0.957427108,3,0,.,3,63,16,0,16,0,98,2.5,0,38,
2018,KLT,S,KLT_S,KLT_S_2018,KLT_S_2018,7,5,5,7,6,1.154700538,16,0,.,16,16,3,38,3,0,98,11,0,16,
2018,KLT,S,KLT_S,KLT_S_2018,KLT_S_2018,4,4,4,3,4,0.5,3,0,.,38,16,16,3,16,3,98,1.5,0,38,
2018,KLT,S,KLT_S,KLT_S_2018,KLT_S_2018,5,5,5,6,5,0.5,63,0,.,3,16,3,0,16,3,86,4,0,98,
2018,KLT,S,KLT_S,KLT_S_2018,KLT_S_2018,4,5,4,4,4,0.5,63,0,.,0,16,3,0,16,16,86,1,0,63,
2018,KLT,S,KLT_S,KLT_S_2018,KLT_S_2018,4,5,4,4,4,0.5,16,0,.,3,38,0,0,3,3,86,2,0,3,
2018,KLT,S,KLT_S,KLT_S_2018,KLT_S_2018,5,4,5,5,5,0.5,38,0,.,16,16,0,0,3,1,98,3.5,0,16,
2018,KLT,S,KLT_S,KLT_S_2018,KLT_S_2018,6,6,6,5,6,0.5,16,0,.,16,38,16,0,0,0,98,2,2,0,
2018,KLT,S,KLT_S,KLT_S_2018,KLT_S_2018,7,5,6,6,6,0.816496581,3,0,.,16,38,1,0,16,16,86,0.5,0,16,
2018,KLT,S,KLT_S,KLT_S_2018,KLT_S_2018,14,15,15,16,15,0.816496581,3,0,.,16,98,3,38,0,16,63,8,0,0,
2018,KLT,W,KLT_W,KLT_W_2018,KLT_W_2018,8,4,5,5,6,1.732050808,16,1,.,86,16,1,0,0,0,98,4,0,0,
2018,KLT,W,KLT_W,KLT_W_2018,KLT_W_2018,6,7,5,5,6,0.957427108,63,1,.,16,3,16,0,3,0,98,3.5,0,86,
2018,KLT,W,KLT_W,KLT_W_2018,KLT_W_2018,20,7,7,10,11,6.164414003,63,1,.,16,16,3,0,0,0,98,2.5,0,0,
2018,KLT,W,KLT_W,KLT_W_2018,KLT_W_2018,9,9,14,12,11,2.449489743,16,1,.,1,86,1,0,0,0,98,12,0,0,
2018,KLT,W,KLT_W,KLT_W_2018,KLT_W_2018,20,11,12,20,16,4.924428901,63,1,.,16,86,0,0,0,0,98,12,0,0,
2018,KLT,W,KLT_W,KLT_W_2018,KLT_W_2018,15,13,14,10,13,2.160246899,63,0,.,16,38,0,0,0,0,98,26.5,0,0,
2018,KLT,W,KLT_W,KLT_W_2018,KLT_W_2018,11,5,8,10,9,2.645751311,86,0,.,3,16,3,0,0,0,98,6,0,0,
2018,KLT,W,KLT_W,KLT_W_2018,KLT_W_2018,10,12,9,9,10,1.414213562,86,0,.,3,38,16,0,16,0,98,11.5,0,38,
2018,KLT,W,KLT_W,KLT_W_2018,KLT_W_2018,7,6,9,8,8,1.290994449,86,0,.,3,38,0,0,0,0,98,11.5,0,0,
2018,KLT,W,KLT_W,KLT_W_2018,KLT_W_2018,12,11,7,13,11,2.62995564,38,0,.,1,38,86,0,0,0,98,17,0,0,
2018,KLT,W,KLT_W,KLT_W_2018,KLT_W_2018,16,6,8,20,13,6.608075867,86,0,.,3,16,0,0,3,3,98,1.5,0,16,
2018,KLT,W,KLT_W,KLT_W_2018,KLT_W_2018,9,11,9,9,10,1,86,0,.,3,16,0,0,16,0,98,14,0,38,
2018,KLT,W,KLT_W,KLT_W_2018,KLT_W_2018,9,10,9,7,9,1.258305739,38,0,.,1,98,38,0,38,0,98,20,0,38,
2018,KLT,W,KLT_W,KLT_W_2018,KLT_W_2018,7,6,5,5,6,0.957427108,86,0,.,1,16,38,0,0,0,98,14,0,0,
2018,KLT,W,KLT_W,KLT_W_2018,KLT_W_2018,9,8,9,9,9,0.5,38,0,.,38,63,3,0,3,0,98,21.5,0,16,
2018,KLT,W,KLT_W,KLT_W_2018,KLT_W_2018,12,11,12,10,11,0.957427108,63,0,.,3,63,16,0,16,0,98,25.5,0,16,
2018,KLT,W,KLT_W,KLT_W_2018,KLT_W_2018,8,6,7,9,8,1.290994449,38,0,.,3,63,38,0,0,0,98,16,0,0,
2018,KLT,W,KLT_W,KLT_W_2018,KLT_W_2018,8,15,5,5,8,4.716990566,63,0,.,16,16,0,0,0,3,86,3,0,0,
2018,KLT,W,KLT_W,KLT_W_2018,KLT_W_2018,5,5,5,6,5,0.5,86,0,.,1,3,38,0,0,16,63,3,0,0,
2018,KLT,W,KLT_W,KLT_W_2018,KLT_W_2018,9,9,7,15,10,3.464101615,63,0,.,3,16,16,0,0,3,86,13.5,0,0,
2018,KLT,W,KLT_W,KLT_W_2018,KLT_W_2018,6,5,4,2,4,1.707825128,86,0,.,3,16,16,0,0,3,86,6,0,0,
2018,KLT,W,KLT_W,KLT_W_2018,KLT_W_2018,5,7,6,6,6,0.816496581,86,0,.,16,16,16,0,0,3,86,8.5,0,0,
2018,KLT,W,KLT_W,KLT_W_2018,KLT_W_2018,6,8,6,6,7,1,86,0,.,3,16,3,0,0,3,86,10,0,0,
2018,KLT,W,KLT_W,KLT_W_2018,KLT_W_2018,8,7,7,11,8,1.892969449,86,0,.,3,16,0,0,3,0,98,10,0,16,
2018,KLT,W,KLT_W,KLT_W_2018,KLT_W_2018,7,6,10,11,9,2.380476143,16,0,.,16,16,86,0,16,16,63,0.5,0,63,
2018,KLT,W,KLT_W,KLT_W_2018,KLT_W_2018,5,8,7,7,7,1.258305739,38,0,.,16,16,3,0,16,3,86,18.5,0,38,
2018,KLT,W,KLT_W,KLT_W_2018,KLT_W_2018,5,5,4,5,5,0.5,63,0,.,16,0,3,0,0,16,86,7.5,0,0,
2018,KLT,W,KLT_W,KLT_W_2018,KLT_W_2018,7,7,8,8,8,0.577350269,63,0,.,3,38,0,0,16,16,86,4,0,38,
2018,KLT,W,KLT_W,KLT_W_2018,KLT_W_2018,7,5,6,7,6,0.957427108,63,0,.,16,38,0,0,16,3,86,7,0,86,
2018,KLT,W,KLT_W,KLT_W_2018,KLT_W_2018,5,15,5,3,7,5.416025603,63,0,.,16,16,0,0,0,16,86,9,0,0,
2018,LTR,C,LTR_C,LTR_C_2018,LTR_C_2018,3,4,3,4,4,0.577350269,38,16,.,16,38,3,0,3,86,16,0,1,3,
2018,LTR,C,LTR_C,LTR_C_2018,LTR_C_2018,7,8,5,6,7,1.290994449,38,38,.,16,86,0,0,38,86,16,0,0,63,
2018,LTR,C,LTR_C,LTR_C_2018,LTR_C_2018,1,2,2,3,2,0.816496581,16,16,.,16,38,3,16,16,86,16,0,0,38,
2018,LTR,C,LTR_C,LTR_C_2018,LTR_C_2018,2,1,2,5,3,1.732050808,16,16,.,16,38,16,3,16,86,16,0.5,0,63,
2018,LTR,C,LTR_C,LTR_C_2018,LTR_C_2018,1,1,3,2,2,0.957427108,3,63,.,3,38,16,0,3,86,16,0,0,16,
2018,LTR,C,LTR_C,LTR_C_2018,LTR_C_2018,2,4,3,4,3,0.957427108,3,38,.,3,63,1,0,16,86,16,0,0,38,
2018,LTR,C,LTR_C,LTR_C_2018,LTR_C_2018,3,4,3,2,3,0.816496581,16,16,.,16,38,16,3,0,86,16,0,0,0,
2018,LTR,C,LTR_C,LTR_C_2018,LTR_C_2018,2,3,3,3,3,0.5,0,63,.,16,38,16,0,0,86,3,0,1,0,
2018,LTR,C,LTR_C,LTR_C_2018,LTR_C_2018,2,3,1,3,2,0.957427108,16,16,.,16,16,16,0,0,38,16,0,1,0,
2018,LTR,C,LTR_C,LTR_C_2018,LTR_C_2018,3,1,1,4,2,1.5,0,16,.,16,63,16,0,0,16,86,0,0,0,
2018,LTR,C,LTR_C,LTR_C_2018,LTR_C_2018,3,4,1,5,3,1.707825128,0,38,.,16,63,16,3,3,86,3,0,0,16,
2018,LTR,C,LTR_C,LTR_C_2018,LTR_C_2018,3,2,1,1,2,0.957427108,16,3,.,3,63,3,0,16,86,3,0,1,38,
2018,LTR,C,LTR_C,LTR_C_2018,LTR_C_2018,3,2,1,3,2,0.957427108,16,63,.,16,38,3,3,0,63,3,0,0,0,
2018,LTR,C,LTR_C,LTR_C_2018,LTR_C_2018,3,3,3,1,3,1,16,16,.,3,38,38,3,3,63,3,0,1,3,
2018,LTR,C,LTR_C,LTR_C_2018,LTR_C_2018,2,2,2,2,2,0,38,16,.,3,38,38,3,16,63,16,0,0,38,
2018,LTR,C,LTR_C,LTR_C_2018,LTR_C_2018,1,1,1,2,1,0.5,38,16,.,3,63,3,1,16,63,16,0,0,63,
2018,LTR,C,LTR_C,LTR_C_2018,LTR_C_2018,1,1,1,1,1,0,63,1,.,3,38,3,0,16,38,38,0.5,0,63,
2018,LTR,C,LTR_C,LTR_C_2018,LTR_C_2018,2,2,2,2,2,0,63,0,.,3,38,1,0,38,86,3,0,1,63,
2018,LTR,C,LTR_C,LTR_C_2018,LTR_C_2018,4,10,2,2,5,3.785938897,38,0,.,16,63,16,0,38,86,16,0,0,63,
2018,LTR,C,LTR_C,LTR_C_2018,LTR_C_2018,5,3,2,3,3,1.258305739,63,0,.,16,38,3,0,38,86,16,0,0,86,
2018,LTR,C,LTR_C,LTR_C_2018,LTR_C_2018,1,1,1,5,2,2,3,3,.,86,16,3,0,3,38,38,0.5,1,3,
2018,LTR,C,LTR_C,LTR_C_2018,LTR_C_2018,5,4,4,6,5,0.957427108,0,0,.,63,86,16,0,38,63,38,0,1,63,
2018,LTR,C,LTR_C,LTR_C_2018,LTR_C_2018,3,1,3,3,3,1,16,16,.,16,63,0,0,16,86,16,0,1,38,
2018,LTR,C,LTR_C,LTR_C_2018,LTR_C_2018,3,3,1,3,3,1,38,0,.,16,38,3,0,16,86,16,0,0,63,
2018,LTR,C,LTR_C,LTR_C_2018,LTR_C_2018,5,3,5,2,4,1.5,63,0,.,16,38,3,1,16,63,38,0,0,38,
2018,LTR,C,LTR_C,LTR_C_2018,LTR_C_2018,3,1,0,1,1,1.258305739,16,0,.,3,16,16,0,16,86,16,0,1,16,
2018,LTR,C,LTR_C,LTR_C_2018,LTR_C_2018,1,1,1,2,1,0.5,63,0,.,3,16,3,3,0,86,16,0,0,0,
2018,LTR,C,LTR_C,LTR_C_2018,LTR_C_2018,1,2,1,1,1,0.5,16,0,.,16,38,3,0,3,38,38,0,0,3,
2018,LTR,C,LTR_C,LTR_C_2018,LTR_C_2018,3,3,1,1,2,1.154700538,63,3,.,3,38,16,3,3,86,16,0,0,3,
2018,LTR,C,LTR_C,LTR_C_2018,LTR_C_2018,0,1,1,1,1,0.5,16,3,.,16,16,16,3,3,38,38,0,0,38,
2018,LTR,E,LTR_E,LTR_E_2018,LTR_E_2018,2,4,2,2,3,1,3,16,.,16,38,3,0,3,63,38,0,1,16,
2018,LTR,E,LTR_E,LTR_E_2018,LTR_E_2018,2,1,3,4,3,1.290994449,16,0,.,3,38,3,0,16,63,38,0,1,38,
2018,LTR,E,LTR_E,LTR_E_2018,LTR_E_2018,10,3,4,1,5,3.872983346,16,3,.,16,16,38,0,16,63,16,0,1,86,
2018,LTR,E,LTR_E,LTR_E_2018,LTR_E_2018,3,2,3,7,4,2.217355783,16,38,.,16,63,16,0,3,16,38,0,1,16,
2018,LTR,E,LTR_E,LTR_E_2018,LTR_E_2018,7,2,3,7,5,2.62995564,3,38,.,38,38,38,0,16,38,38,0,0,63,
2018,LTR,E,LTR_E,LTR_E_2018,LTR_E_2018,7,5,4,5,5,1.258305739,16,38,.,16,63,3,0,38,63,38,0,0,63,
2018,LTR,E,LTR_E,LTR_E_2018,LTR_E_2018,6,6,4,6,6,1,16,16,.,16,63,63,0,16,63,16,0,0,38,
2018,LTR,E,LTR_E,LTR_E_2018,LTR_E_2018,3,6,3,4,4,1.414213562,3,16,.,38,63,3,0,3,38,38,0,1,16,
2018,LTR,E,LTR_E,LTR_E_2018,LTR_E_2018,3,4,5,3,4,0.957427108,0,16,.,16,86,3,0,3,38,38,0.5,1,3,
2018,LTR,E,LTR_E,LTR_E_2018,LTR_E_2018,1,3,3,1,2,1.154700538,3,3,.,16,63,38,0,0,38,38,0,1,0,
2018,LTR,E,LTR_E,LTR_E_2018,LTR_E_2018,1,1,3,3,2,1.154700538,3,16,.,16,86,3,0,16,63,16,0,1,38,
2018,LTR,E,LTR_E,LTR_E_2018,LTR_E_2018,1,1,2,3,2,0.957427108,38,3,.,16,86,1,0,16,63,16,0,1,38,
2018,LTR,E,LTR_E,LTR_E_2018,LTR_E_2018,1,1,1,1,1,0,38,3,.,16,63,16,0,3,63,16,0,1,3,
2018,LTR,E,LTR_E,LTR_E_2018,LTR_E_2018,1,1,2,1,1,0.5,3,38,.,16,38,3,0,0,63,38,0.5,0,0,
2018,LTR,E,LTR_E,LTR_E_2018,LTR_E_2018,2,2,3,2,2,0.5,16,16,.,16,63,3,3,3,63,38,0,0,3,
2018,LTR,E,LTR_E,LTR_E_2018,LTR_E_2018,1,2,1,3,2,0.957427108,0,3,.,86,63,3,3,3,38,38,0,0,3,
2018,LTR,E,LTR_E,LTR_E_2018,LTR_E_2018,1,2,5,3,3,1.707825128,16,16,.,38,16,3,3,3,63,16,0,1,3,
2018,LTR,E,LTR_E,LTR_E_2018,LTR_E_2018,3,1,3,3,3,1,38,16,.,16,63,38,0,0,63,16,0,1,0,
2018,LTR,E,LTR_E,LTR_E_2018,LTR_E_2018,3,1,1,1,2,1,0,38,.,16,63,3,0,16,38,38,0.5,1,38,
2018,LTR,E,LTR_E,LTR_E_2018,LTR_E_2018,7,6,5,6,6,0.816496581,3,0,.,63,38,3,3,16,38,38,0.5,1,38,
2018,LTR,E,LTR_E,LTR_E_2018,LTR_E_2018,1,2,1,1,1,0.5,0,16,.,63,16,3,3,0,16,38,0.5,1,0,
2018,LTR,E,LTR_E,LTR_E_2018,LTR_E_2018,2,2,2,2,2,0,16,16,.,16,16,3,0,3,86,16,0,1,16,
2018,LTR,E,LTR_E,LTR_E_2018,LTR_E_2018,2,2,3,3,3,0.577350269,16,3,.,16,38,16,0,16,63,38,0,1,63,
2018,LTR,E,LTR_E,LTR_E_2018,LTR_E_2018,2,2,3,3,3,0.577350269,3,38,.,16,86,16,0,16,38,63,0.5,1,38,
2018,LTR,E,LTR_E,LTR_E_2018,LTR_E_2018,2,2,2,4,3,1,3,16,.,63,63,16,0,3,16,63,0,1,3,
2018,LTR,E,LTR_E,LTR_E_2018,LTR_E_2018,1,1,2,1,1,0.5,3,38,.,38,63,16,0,0,38,38,0,0,0,
2018,LTR,E,LTR_E,LTR_E_2018,LTR_E_2018,1,4,1,1,2,1.5,16,16,.,3,16,38,0,0,38,38,0,1,0,
2018,LTR,E,LTR_E,LTR_E_2018,LTR_E_2018,1,1,1,1,1,0,0,63,.,16,16,16,0,0,38,16,0,0,0,
2018,LTR,E,LTR_E,LTR_E_2018,LTR_E_2018,3,5,5,5,5,1,16,16,.,16,86,16,0,3,86,3,0,0,16,
2018,LTR,W,LTR_W,LTR_W_2018,LTR_W_2018,1,1,1,2,1,0.5,16,16,.,16,38,16,3,16,63,38,0,1,16,
2018,LTR,W,LTR_W,LTR_W_2018,LTR_W_2018,0,1,1,2,1,0.816496581,38,16,.,3,16,3,3,3,16,63,0.5,0,16,
2018,LTR,W,LTR_W,LTR_W_2018,LTR_W_2018,3,2,1,0,2,1.290994449,63,0,.,16,16,16,3,3,63,38,0,1,16,
2018,LTR,W,LTR_W,LTR_W_2018,LTR_W_2018,3,1,1,2,2,0.957427108,16,16,.,3,38,16,1,3,38,38,0,0,16,
2018,LTR,W,LTR_W,LTR_W_2018,LTR_W_2018,1,0,0,0,0,0.5,16,3,.,1,16,16,0,16,98,3,0,0,63,
2018,LTR,W,LTR_W,LTR_W_2018,LTR_W_2018,1,0,0,0,0,0.5,16,16,.,3,3,16,0,0,98,3,0,0,0,
2018,LTR,W,LTR_W,LTR_W_2018,LTR_W_2018,0,0,0,0,0,0,16,0,.,3,3,38,0,0,98,1,0,0,0,
2018,LTR,W,LTR_W,LTR_W_2018,LTR_W_2018,3,3,3,3,3,0,0,0,.,3,86,3,0,0,63,38,0.5,0,0,
2018,LTR,W,LTR_W,LTR_W_2018,LTR_W_2018,2,1,0,1,1,0.816496581,16,16,.,16,16,38,0,16,86,16,0,0,63,
2018,LTR,W,LTR_W,LTR_W_2018,LTR_W_2018,1,0,1,1,1,0.5,16,16,.,3,16,63,1,0,98,3,0,0,0,
2018,LTR,W,LTR_W,LTR_W_2018,LTR_W_2018,1,1,0,1,1,0.5,38,0,.,3,16,38,16,16,98,3,0,0,63,
2018,LTR,W,LTR_W,LTR_W_2018,LTR_W_2018,1,1,1,0,1,0.5,38,3,.,3,16,16,1,0,86,16,0,0,0,
2018,LTR,W,LTR_W,LTR_W_2018,LTR_W_2018,1,0,0,0,0,0.5,38,16,.,1,16,3,0,16,98,3,0,0,63,
2018,LTR,W,LTR_W,LTR_W_2018,LTR_W_2018,1,1,1,1,1,0,38,1,.,16,38,3,1,16,63,16,0,0,63,
2018,LTR,W,LTR_W,LTR_W_2018,LTR_W_2018,2,1,1,0,1,0.816496581,63,16,.,16,16,3,0,16,63,38,0,0,86,
2018,LTR,W,LTR_W,LTR_W_2018,LTR_W_2018,3,1,1,5,3,1.914854216,16,38,.,16,38,3,0,16,38,38,0,0,38,
2018,LTR,W,LTR_W,LTR_W_2018,LTR_W_2018,0,0,0,1,0,0.5,38,16,.,3,3,38,0,3,38,38,0,0,98,
2018,LTR,W,LTR_W,LTR_W_2018,LTR_W_2018,7,5,5,1,5,2.516611478,16,38,.,16,38,0,16,38,16,63,0.5,0,86,
2018,LTR,W,LTR_W,LTR_W_2018,LTR_W_2018,1,3,1,4,2,1.5,38,16,.,16,38,0,16,3,38,63,0.5,0,16,
2018,LTR,W,LTR_W,LTR_W_2018,LTR_W_2018,3,0,1,1,1,1.258305739,38,3,.,16,16,16,16,16,86,16,0.5,1,86,
2018,LTR,W,LTR_W,LTR_W_2018,LTR_W_2018,2,2,2,1,2,0.5,63,16,.,3,16,0,0,16,38,16,0,1,86,
2018,LTR,W,LTR_W,LTR_W_2018,LTR_W_2018,1,1,1,1,1,0,38,3,.,3,16,38,0,3,63,38,0,1,16,
2018,LTR,W,LTR_W,LTR_W_2018,LTR_W_2018,1,2,1,1,1,0.5,86,3,.,3,16,16,3,0,63,16,0,1,0,
2018,LTR,W,LTR_W,LTR_W_2018,LTR_W_2018,1,1,1,1,1,0,38,16,.,3,16,38,0,3,38,38,0,1,16,
2018,LTR,W,LTR_W,LTR_W_2018,LTR_W_2018,1,1,1,2,1,0.5,16,3,.,16,16,16,1,3,86,16,0,0,16,
2018,LTR,W,LTR_W,LTR_W_2018,LTR_W_2018,2,2,1,1,2,0.577350269,38,0,.,3,16,16,16,16,38,38,0,0,86,
2018,LTR,W,LTR_W,LTR_W_2018,LTR_W_2018,1,1,1,1,1,0,38,0,.,16,16,3,16,3,38,38,0,0,16,
2018,LTR,W,LTR_W,LTR_W_2018,LTR_W_2018,0,1,0,0,0,0.5,38,3,.,3,16,16,0,0,98,3,0,0,0,
2018,LTR,W,LTR_W,LTR_W_2018,LTR_W_2018,1,1,0,1,1,0.5,38,16,.,3,16,16,1,0,63,16,0,0,0,
2018,LTR,W,LTR_W,LTR_W_2018,LTR_W_2018,2,2,4,5,3,1.5,38,38,.,16,16,16,0,16,63,16,0,0,38,
2018,PAW,E,PAW_E,PAW_E_2018,PAW_E_2018,6,7,5,5,6,0.957427108,63,0,.,3,38,16,3,38,3,98,2,0,86,
2018,PAW,E,PAW_E,PAW_E_2018,PAW_E_2018,6,10,6,7,7,1.892969449,16,0,.,3,38,16,16,38,16,63,13,0,86,
2018,PAW,E,PAW_E,PAW_E_2018,PAW_E_2018,6,7,12,6,8,2.872281323,3,0,.,0,38,0,16,16,3,98,5,0,38,
2018,PAW,E,PAW_E,PAW_E_2018,PAW_E_2018,15,7,5,11,10,4.434711565,38,0,.,0,38,16,16,16,16,86,10,0,63,
2018,PAW,E,PAW_E,PAW_E_2018,PAW_E_2018,10,6,7,6,7,1.892969449,16,0,.,16,16,38,16,3,0,98,1.5,1,16,
2018,PAW,E,PAW_E,PAW_E_2018,PAW_E_2018,8,15,9,13,11,3.304037934,38,0,.,16,16,3,16,16,3,98,2.5,0,98,
2018,PAW,E,PAW_E,PAW_E_2018,PAW_E_2018,20,6,5,5,9,7.348469228,16,0,.,16,63,0,0,16,0,98,3.5,0,16,
2018,PAW,E,PAW_E,PAW_E_2018,PAW_E_2018,3,6,8,8,6,2.362907813,16,0,.,16,38,16,16,3,3,98,6,0,16,
2018,PAW,E,PAW_E,PAW_E_2018,PAW_E_2018,6,7,16,7,9,4.69041576,38,0,.,16,38,16,38,16,16,86,7,0,38,
2018,PAW,E,PAW_E,PAW_E_2018,PAW_E_2018,10,10,12,8,10,1.632993162,3,0,.,3,38,16,86,38,16,86,4.5,0,86,
2018,PAW,E,PAW_E,PAW_E_2018,PAW_E_2018,6,6,6,6,6,0,3,0,.,3,38,0,16,16,3,98,1.5,0,38,
2018,PAW,E,PAW_E,PAW_E_2018,PAW_E_2018,5,5,5,6,5,0.5,3,0,.,3,63,0,16,16,0,98,1.5,0,38,
2018,PAW,E,PAW_E,PAW_E_2018,PAW_E_2018,6,6,5,6,6,0.5,16,0,.,3,63,16,16,3,16,98,7,0,16,
2018,PAW,E,PAW_E,PAW_E_2018,PAW_E_2018,7,6,5,2,5,2.160246899,16,0,.,3,16,16,38,0,3,98,6,0,0,
2018,PAW,E,PAW_E,PAW_E_2018,PAW_E_2018,6,3,6,7,6,1.732050808,38,0,.,3,38,3,16,3,38,38,4.5,0,16,
2018,PAW,E,PAW_E,PAW_E_2018,PAW_E_2018,6,4,4,6,5,1.154700538,16,0,.,16,86,0,16,16,3,98,5.5,0,16,
2018,PAW,E,PAW_E,PAW_E_2018,PAW_E_2018,6,6,10,6,7,2,16,0,.,3,16,3,38,16,16,86,7,0,86,
2018,PAW,E,PAW_E,PAW_E_2018,PAW_E_2018,7,5,5,15,8,4.760952286,3,0,.,3,86,16,38,3,16,86,3,1,3,
2018,PAW,E,PAW_E,PAW_E_2018,PAW_E_2018,7,9,9,10,9,1.258305739,16,0,.,16,38,3,38,16,16,86,8,0,38,
2018,PAW,E,PAW_E,PAW_E_2018,PAW_E_2018,7,8,7,6,7,0.816496581,3,0,.,16,86,0,16,38,3,98,2.5,1,38,
2018,PAW,E,PAW_E,PAW_E_2018,PAW_E_2018,5,7,11,5,7,2.828427125,16,0,.,16,63,0,16,16,3,86,2,0,38,
2018,PAW,E,PAW_E,PAW_E_2018,PAW_E_2018,10,6,7,7,8,1.732050808,38,0,.,3,38,3,63,0,3,86,2,0,0,
2018,PAW,E,PAW_E,PAW_E_2018,PAW_E_2018,6,5,4,5,5,0.816496581,63,0,.,3,16,0,38,3,3,86,12,0,38,
2018,PAW,E,PAW_E,PAW_E_2018,PAW_E_2018,7,5,5,5,6,1,38,0,.,0,38,16,38,16,16,86,4,0,38,
2018,PAW,E,PAW_E,PAW_E_2018,PAW_E_2018,7,6,5,3,5,1.707825128,38,0,.,3,38,3,63,16,3,98,3.5,0,38,
2018,PAW,E,PAW_E,PAW_E_2018,PAW_E_2018,7,6,6,6,6,0.5,16,3,.,16,63,0,16,3,3,98,1,0,16,
2018,PAW,E,PAW_E,PAW_E_2018,PAW_E_2018,10,4,5,7,7,2.645751311,16,0,.,16,16,0,0,16,3,86,3,0,86,
2018,PAW,E,PAW_E,PAW_E_2018,PAW_E_2018,7,5,5,5,6,1,16,0,.,3,38,0,63,16,3,86,1,1,38,
2018,PAW,E,PAW_E,PAW_E_2018,PAW_E_2018,7,6,0,5,5,3.109126351,16,0,.,3,63,0,16,38,3,86,0.5,0,63,
2018,PAW,E,PAW_E,PAW_E_2018,PAW_E_2018,6,5,7,5,6,0.957427108,3,0,.,0,38,3,38,38,16,63,3,0,86,
2018,PAW,S,PAW_S,PAW_S_2018,PAW_S_2018,3,3,3,5,4,1,16,1,.,1,16,0,16,16,3,98,4,0,38,
2018,PAW,S,PAW_S,PAW_S_2018,PAW_S_2018,5,4,5,7,5,1.258305739,3,0,.,3,38,38,0,0,16,86,0,0,0,
2018,PAW,S,PAW_S,PAW_S_2018,PAW_S_2018,5,6,5,6,6,0.577350269,3,0,.,3,16,38,0,16,0,98,1.5,0,86,
2018,PAW,S,PAW_S,PAW_S_2018,PAW_S_2018,5,3,5,6,5,1.258305739,16,0,.,3,3,38,38,0,38,38,0,0,0,
2018,PAW,S,PAW_S,PAW_S_2018,PAW_S_2018,7,7,5,7,7,1,0,0,.,3,86,0,63,0,0,98,5,0,0,
2018,PAW,S,PAW_S,PAW_S_2018,PAW_S_2018,5,3,5,5,5,1,3,0,.,3,63,0,16,16,0,98,0,0,38,
2018,PAW,S,PAW_S,PAW_S_2018,PAW_S_2018,1,1,0,1,1,0.5,16,0,.,3,63,3,0,0,3,98,1.5,1,0,
2018,PAW,S,PAW_S,PAW_S_2018,PAW_S_2018,3,3,3,3,3,0,3,0,.,0,63,16,16,16,0,98,4,0,38,
2018,PAW,S,PAW_S,PAW_S_2018,PAW_S_2018,3,4,4,5,4,0.816496581,3,0,.,3,86,16,16,16,0,98,1.5,0,38,
2018,PAW,S,PAW_S,PAW_S_2018,PAW_S_2018,3,1,2,3,2,0.957427108,16,0,.,0,38,3,0,3,0,98,4,0,3,
2018,PAW,S,PAW_S,PAW_S_2018,PAW_S_2018,8,10,2,3,6,3.862210075,3,0,.,16,63,0,3,38,38,38,0,0,63,
2018,PAW,S,PAW_S,PAW_S_2018,PAW_S_2018,8,8,10,7,8,1.258305739,0,0,.,3,98,0,16,0,0,86,0,0,0,
2018,PAW,S,PAW_S,PAW_S_2018,PAW_S_2018,5,5,6,5,5,0.5,3,0,.,3,86,0,16,16,3,86,2,0,38,
2018,PAW,S,PAW_S,PAW_S_2018,PAW_S_2018,5,5,5,4,5,0.5,16,0,.,3,86,0,16,16,16,86,1,0,38,
2018,PAW,S,PAW_S,PAW_S_2018,PAW_S_2018,10,4,5,3,6,3.109126351,38,1,.,3,63,0,0,63,0,98,4,0,86,
2018,PAW,S,PAW_S,PAW_S_2018,PAW_S_2018,3,4,3,5,4,0.957427108,16,16,.,16,63,16,0,63,0,98,4,0,98,
2018,PAW,S,PAW_S,PAW_S_2018,PAW_S_2018,6,3,6,5,5,1.414213562,0,0,.,3,16,38,0,0,16,86,2,0,0,
2018,PAW,S,PAW_S,PAW_S_2018,PAW_S_2018,5,10,10,9,9,2.380476143,16,1,.,0,63,16,0,38,0,98,2,0,38,
2018,PAW,S,PAW_S,PAW_S_2018,PAW_S_2018,6,6,7,5,6,0.816496581,16,0,.,3,98,3,0,3,0,98,5,0,16,
2018,PAW,S,PAW_S,PAW_S_2018,PAW_S_2018,7,10,10,7,9,1.732050808,3,0,.,3,38,16,86,0,16,86,10,0,0,
2018,PAW,S,PAW_S,PAW_S_2018,PAW_S_2018,5,7,6,6,6,0.816496581,0,0,.,3,16,0,63,0,0,98,9,0,0,
2018,PAW,S,PAW_S,PAW_S_2018,PAW_S_2018,10,9,12,13,11,1.825741858,0,0,.,3,38,0,98,0,0,98,17,0,0,
2018,PAW,S,PAW_S,PAW_S_2018,PAW_S_2018,7,6,7,7,7,0.5,0,0,.,3,86,0,16,0,16,86,1,0,0,
2018,PAW,S,PAW_S,PAW_S_2018,PAW_S_2018,7,15,10,10,11,3.31662479,0,0,.,3,63,38,16,38,16,86,9,0,63,
2018,PAW,S,PAW_S,PAW_S_2018,PAW_S_2018,5,7,5,5,6,1,0,0,.,3,63,3,63,3,3,98,2,0,16,
2018,PAW,S,PAW_S,PAW_S_2018,PAW_S_2018,7,6,10,8,8,1.707825128,0,0,.,3,98,0,0,0,0,98,3,0,0,
2018,PAW,S,PAW_S,PAW_S_2018,PAW_S_2018,10,6,10,7,8,2.061552813,0,0,.,3,63,0,38,16,0,98,6,0,38,
2018,PAW,S,PAW_S,PAW_S_2018,PAW_S_2018,10,7,8,6,8,1.707825128,16,0,.,3,86,3,0,38,0,98,10,0,38,
2018,PAW,S,PAW_S,PAW_S_2018,PAW_S_2018,10,7,6,6,7,1.892969449,3,0,.,3,86,3,0,38,3,86,2,0,38,
2018,PAW,S,PAW_S,PAW_S_2018,PAW_S_2018,5,6,6,7,6,0.816496581,98,0,.,0,3,0,0,3,0,98,9.5,0,98,
2018,PAW,W,PAW_W,PAW_W_2018,PAW_W_2018,5,5,6,5,5,0.5,38,0,.,3,38,3,0,16,3,86,0,0,16,
2018,PAW,W,PAW_W,PAW_W_2018,PAW_W_2018,5,5,6,5,5,0.5,38,0,.,3,38,16,16,0,38,38,1,0,0,
2018,PAW,W,PAW_W,PAW_W_2018,PAW_W_2018,5,8,7,20,10,6.782329983,38,0,.,3,38,0,3,3,3,98,11.5,0,16,
2018,PAW,W,PAW_W,PAW_W_2018,PAW_W_2018,9,6,10,6,8,2.061552813,63,0,.,16,38,0,0,16,3,98,5.5,0,16,
2018,PAW,W,PAW_W,PAW_W_2018,PAW_W_2018,5,6,5,7,6,0.957427108,16,0,.,16,38,0,16,16,3,98,4,1,38,
2018,PAW,W,PAW_W,PAW_W_2018,PAW_W_2018,6,6,6,9,7,1.5,16,0,.,3,63,0,16,16,3,98,6,0,38,
2018,PAW,W,PAW_W,PAW_W_2018,PAW_W_2018,5,6,5,7,6,0.957427108,63,0,.,16,16,16,16,3,3,86,5,1,3,
2018,PAW,W,PAW_W,PAW_W_2018,PAW_W_2018,7,7,8,8,8,0.577350269,38,0,.,16,63,16,16,0,0,98,9.5,0,0,
2018,PAW,W,PAW_W,PAW_W_2018,PAW_W_2018,7,6,7,8,7,0.816496581,16,0,.,3,63,0,16,16,16,86,3.5,1,16,
2018,PAW,W,PAW_W,PAW_W_2018,PAW_W_2018,9,9,9,8,9,0.5,16,0,.,16,63,0,0,38,3,86,10,0,63,
2018,PAW,W,PAW_W,PAW_W_2018,PAW_W_2018,3,3,3,3,3,0,63,0,.,3,16,16,0,0,0,98,7,0,0,
2018,PAW,W,PAW_W,PAW_W_2018,PAW_W_2018,3,7,6,4,5,1.825741858,38,0,.,16,38,16,38,0,0,98,7,1,0,
2018,PAW,W,PAW_W,PAW_W_2018,PAW_W_2018,5,6,7,8,7,1.290994449,16,0,.,3,63,0,16,0,3,86,6.5,1,0,
2018,PAW,W,PAW_W,PAW_W_2018,PAW_W_2018,5,6,7,7,6,0.957427108,63,0,.,3,38,0,0,16,0,98,8.5,0,38,
2018,PAW,W,PAW_W,PAW_W_2018,PAW_W_2018,5,10,5,7,7,2.362907813,16,3,.,16,16,0,16,16,3,86,3,1,38,
2018,PAW,W,PAW_W,PAW_W_2018,PAW_W_2018,5,6,7,7,6,0.957427108,16,0,.,3,86,0,0,3,16,86,9,0,16,
2018,PAW,W,PAW_W,PAW_W_2018,PAW_W_2018,10,10,6,7,8,2.061552813,16,0,.,3,63,0,0,3,3,98,13,1,16,
2018,PAW,W,PAW_W,PAW_W_2018,PAW_W_2018,10,7,9,7,8,1.5,16,0,.,1,86,0,16,16,0,98,21,0,16,
2018,PAW,W,PAW_W,PAW_W_2018,PAW_W_2018,8,8,10,9,9,0.957427108,3,0,.,16,38,63,16,3,0,98,7.5,0,16,
2018,PAW,W,PAW_W,PAW_W_2018,PAW_W_2018,7,7,6,5,6,0.957427108,3,1,.,3,38,3,0,0,3,98,8,0,0,
2018,PAW,W,PAW_W,PAW_W_2018,PAW_W_2018,7,7,7,8,7,0.5,38,0,.,16,16,0,3,16,0,98,10,0,63,
2018,PAW,W,PAW_W,PAW_W_2018,PAW_W_2018,10,7,6,6,7,1.892969449,38,0,.,16,38,16,63,0,16,63,3,0,0,
2018,PAW,W,PAW_W,PAW_W_2018,PAW_W_2018,6,2,3,10,5,3.593976442,16,0,.,3,86,0,38,16,16,86,0.5,0,16,
2018,PAW,W,PAW_W,PAW_W_2018,PAW_W_2018,6,6,5,7,6,0.816496581,38,0,.,3,86,0,0,3,38,38,0,1,16,
2018,PAW,W,PAW_W,PAW_W_2018,PAW_W_2018,6,7,7,9,7,1.258305739,16,0,.,3,86,0,16,38,3,86,6,0,38,
2018,PAW,W,PAW_W,PAW_W_2018,PAW_W_2018,7,7,7,8,7,0.5,16,0,.,3,86,0,16,16,3,98,8,0,16,
2018,PAW,W,PAW_W,PAW_W_2018,PAW_W_2018,10,5,9,6,8,2.380476143,63,1,.,3,63,0,0,16,38,63,4,0,38,
2018,PAW,W,PAW_W,PAW_W_2018,PAW_W_2018,6,6,9,7,7,1.414213562,86,0,.,16,16,0,16,3,0,98,11,0,38,
2018,PAW,W,PAW_W,PAW_W_2018,PAW_W_2018,6,5,5,6,6,0.577350269,63,0,.,0,63,0,0,16,3,98,7.5,0,38,
2018,PAW,W,PAW_W,PAW_W_2018,PAW_W_2018,5,6,5,6,6,0.577350269,86,0,.,16,38,0,0,3,0,98,5,1,16,
2018,PYN,N,PYN_N,PYN_N_2018,PYN_N_2018,1,1,3,3,2,1.154700538,38,63,.,16,16,38,0,0,16,86,0.5,0,0,
2018,PYN,N,PYN_N,PYN_N_2018,PYN_N_2018,1,1,1,1,1,0,16,16,.,63,16,38,0,0,16,86,0.5,0,0,
2018,PYN,N,PYN_N,PYN_N_2018,PYN_N_2018,0,4,1,1,2,1.732050808,16,38,.,16,16,38,3,0,16,63,0,0,0,
2018,PYN,N,PYN_N,PYN_N_2018,PYN_N_2018,1,1,1,1,1,0,38,3,.,38,16,38,1,0,16,63,0.5,0,0,
2018,PYN,N,PYN_N,PYN_N_2018,PYN_N_2018,3,1,1,1,2,1,16,16,.,16,16,63,0,0,16,63,1,1,0,
2018,PYN,N,PYN_N,PYN_N_2018,PYN_N_2018,3,6,1,1,3,2.362907813,16,16,.,3,38,63,0,0,3,98,3,0,0,
2018,PYN,N,PYN_N,PYN_N_2018,PYN_N_2018,4,5,5,4,5,0.577350269,86,38,.,3,16,16,0,16,0,98,7.5,0,98,
2018,PYN,N,PYN_N,PYN_N_2018,PYN_N_2018,1,1,1,2,1,0.5,16,38,.,3,3,63,1,16,3,63,0.5,1,98,
2018,PYN,N,PYN_N,PYN_N_2018,PYN_N_2018,2,2,2,2,2,0,0,63,.,16,38,16,0,38,3,63,0.5,0,86,
2018,PYN,N,PYN_N,PYN_N_2018,PYN_N_2018,2,2,2,2,2,0,16,38,.,3,16,38,0,16,3,98,1,0,98,
2018,PYN,N,PYN_N,PYN_N_2018,PYN_N_2018,4,5,2,3,4,1.290994449,63,16,.,16,16,16,38,16,16,38,3.5,1,98,
2018,PYN,N,PYN_N,PYN_N_2018,PYN_N_2018,1,1,1,2,1,0.5,38,16,.,16,3,16,0,3,3,98,1,0,98,
2018,PYN,N,PYN_N,PYN_N_2018,PYN_N_2018,2,2,4,1,2,1.258305739,16,38,.,38,38,38,3,0,16,86,0.5,0,0,
2018,PYN,N,PYN_N,PYN_N_2018,PYN_N_2018,20,2,5,2,7,8.61684397,38,16,.,16,16,38,3,0,3,98,1.5,0,0,
2018,PYN,N,PYN_N,PYN_N_2018,PYN_N_2018,2,3,6,1,3,2.160246899,16,38,.,16,16,38,0,16,0,98,2,0,98,
2018,PYN,N,PYN_N,PYN_N_2018,PYN_N_2018,1,1,1,1,1,0,0,63,.,16,16,38,0,0,16,63,1,0,0,
2018,PYN,N,PYN_N,PYN_N_2018,PYN_N_2018,2,2,2,1,2,0.5,63,16,.,3,3,16,0,0,16,63,0.5,1,0,
2018,PYN,N,PYN_N,PYN_N_2018,PYN_N_2018,1,1,2,2,2,0.577350269,38,16,.,3,3,63,0,0,1,98,1,1,0,
2018,PYN,N,PYN_N,PYN_N_2018,PYN_N_2018,3,2,3,20,7,8.679477711,63,16,.,3,16,16,0,0,1,98,1,1,0,
2018,PYN,N,PYN_N,PYN_N_2018,PYN_N_2018,2,2,3,2,2,0.5,0,63,.,3,0,63,0,0,0,98,1,1,0,
2018,PYN,N,PYN_N,PYN_N_2018,PYN_N_2018,3,2,2,3,3,0.577350269,0,63,.,16,16,16,0,0,0,98,1,1,0,
2018,PYN,N,PYN_N,PYN_N_2018,PYN_N_2018,3,3,2,3,3,0.5,38,38,.,3,16,16,0,16,0,98,1,1,16,
2018,PYN,N,PYN_N,PYN_N_2018,PYN_N_2018,2,2,2,2,2,0,63,38,.,16,16,38,0,0,3,98,0.5,0,0,
2018,PYN,N,PYN_N,PYN_N_2018,PYN_N_2018,3,2,2,2,2,0.5,0,63,.,16,16,16,0,0,38,98,0.5,0,0,
2018,PYN,N,PYN_N,PYN_N_2018,PYN_N_2018,3,1,2,3,2,0.957427108,3,63,.,16,16,16,0,3,3,98,1,0,16,
2018,PYN,N,PYN_N,PYN_N_2018,PYN_N_2018,4,4,4,5,4,0.5,16,16,.,38,3,0,0,3,0,98,3,0,38,
2018,PYN,N,PYN_N,PYN_N_2018,PYN_N_2018,4,5,4,3,4,0.816496581,3,63,.,16,16,3,0,16,0,98,3,0,38,
2018,PYN,N,PYN_N,PYN_N_2018,PYN_N_2018,2,2,2,2,2,0,38,38,.,16,16,16,0,0,3,98,2,0,0,
2018,PYN,N,PYN_N,PYN_N_2018,PYN_N_2018,1,1,2,2,2,0.577350269,38,16,.,16,3,16,0,0,16,63,1,1,0,
2018,PYN,N,PYN_N,PYN_N_2018,PYN_N_2018,2,2,1,2,2,0.5,38,16,.,16,3,38,0,0,0,98,3.5,0,16,
2018,PYN,S,PYN_S,PYN_S_2018,PYN_S_2018,4,2,4,3,3,0.957427108,0,86,.,16,38,0,0,16,3,86,0,0,38,
2018,PYN,S,PYN_S,PYN_S_2018,PYN_S_2018,3,1,1,2,2,0.957427108,16,16,.,16,63,38,0,16,38,38,0,0,63,
2018,PYN,S,PYN_S,PYN_S_2018,PYN_S_2018,0,1,1,1,1,0.5,16,38,.,16,16,38,0,0,38,63,0,0,0,
2018,PYN,S,PYN_S,PYN_S_2018,PYN_S_2018,1,0,0,0,0,0.5,16,16,.,16,16,63,0,0,38,63,0,0,0,
2018,PYN,S,PYN_S,PYN_S_2018,PYN_S_2018,0,0,0,0,0,0,38,16,.,3,16,63,0,0,16,86,0.5,0,0,
2018,PYN,S,PYN_S,PYN_S_2018,PYN_S_2018,1,1,1,2,1,0.5,38,38,.,3,16,38,0,0,63,16,0,1,0,
2018,PYN,S,PYN_S,PYN_S_2018,PYN_S_2018,0,0,1,1,1,0.577350269,38,16,.,16,16,38,0,0,63,16,0,0,0,
2018,PYN,S,PYN_S,PYN_S_2018,PYN_S_2018,3,2,2,2,2,0.5,3,16,.,16,98,38,0,3,86,3,0,0,3,
2018,PYN,S,PYN_S,PYN_S_2018,PYN_S_2018,1,1,1,1,1,0,16,3,.,3,16,38,0,3,38,38,0,1,3,
2018,PYN,S,PYN_S,PYN_S_2018,PYN_S_2018,1,1,1,1,1,0,38,3,.,16,3,38,0,3,38,63,0,0,98,
2018,PYN,S,PYN_S,PYN_S_2018,PYN_S_2018,1,1,1,1,1,0,16,38,.,16,3,38,0,0,63,38,0,0,0,
2018,PYN,S,PYN_S,PYN_S_2018,PYN_S_2018,3,2,2,3,3,0.577350269,38,38,.,16,38,38,0,0,38,63,0,0,0,
2018,PYN,S,PYN_S,PYN_S_2018,PYN_S_2018,1,1,1,1,1,0,16,38,.,16,16,63,0,0,16,86,0.5,0,0,
2018,PYN,S,PYN_S,PYN_S_2018,PYN_S_2018,1,1,1,1,1,0,16,3,.,16,16,38,0,0,16,86,0,0,0,
2018,PYN,S,PYN_S,PYN_S_2018,PYN_S_2018,1,3,2,3,2,0.957427108,38,38,.,16,38,38,0,16,16,86,0,1,38,
2018,PYN,S,PYN_S,PYN_S_2018,PYN_S_2018,1,1,1,1,1,0,16,38,.,16,3,63,0,3,38,38,0,1,98,
2018,PYN,S,PYN_S,PYN_S_2018,PYN_S_2018,1,6,1,1,2,2.5,16,16,.,3,38,38,0,16,16,63,1,1,63,
2018,PYN,S,PYN_S,PYN_S_2018,PYN_S_2018,1,1,2,1,1,0.5,16,16,.,16,16,38,0,0,16,63,0.5,0,0,
2018,PYN,S,PYN_S,PYN_S_2018,PYN_S_2018,2,2,2,2,2,0,3,16,.,38,63,63,0,0,38,38,0,0,0,
2018,PYN,S,PYN_S,PYN_S_2018,PYN_S_2018,2,2,2,2,2,0,16,16,.,16,38,16,0,0,38,38,0.5,0,0,
2018,PYN,S,PYN_S,PYN_S_2018,PYN_S_2018,1,1,1,1,1,0,38,38,.,16,3,38,0,0,38,38,0,0,0,
2018,PYN,S,PYN_S,PYN_S_2018,PYN_S_2018,1,1,1,1,1,0,16,16,.,16,16,63,0,0,16,63,0.5,0,0,
2018,PYN,S,PYN_S,PYN_S_2018,PYN_S_2018,1,2,1,2,2,0.577350269,1,38,.,16,16,38,0,0,16,63,0.5,0,0,
2018,PYN,S,PYN_S,PYN_S_2018,PYN_S_2018,2,1,2,1,2,0.577350269,0,86,.,16,38,86,0,0,16,86,3.5,0,0,
2018,PYN,S,PYN_S,PYN_S_2018,PYN_S_2018,2,2,2,1,2,0.5,16,16,.,38,38,38,0,0,16,38,0.5,0,0,
2018,PYN,S,PYN_S,PYN_S_2018,PYN_S_2018,2,2,2,3,2,0.5,16,38,.,38,86,38,0,0,16,38,0.5,0,0,
2018,PYN,S,PYN_S,PYN_S_2018,PYN_S_2018,2,1,1,2,2,0.577350269,16,38,.,38,86,38,0,0,16,38,0.5,0,0,
2018,PYN,S,PYN_S,PYN_S_2018,PYN_S_2018,2,2,1,1,2,0.577350269,16,16,.,16,38,63,0,0,38,38,0.5,0,0,
2018,PYN,S,PYN_S,PYN_S_2018,PYN_S_2018,2,2,1,1,2,0.577350269,3,16,.,16,38,38,0,0,38,38,0.5,0,0,
2018,PYN,S,PYN_S,PYN_S_2018,PYN_S_2018,2,2,2,3,2,0.5,16,16,.,38,38,16,16,0,38,38,0,0,0,
2018,PYN,W,PYN_W,PYN_W_2018,PYN_W_2018,2,3,2,2,2,0.5,3,86,.,16,16,38,0,0,3,86,1,0,0,
2018,PYN,W,PYN_W,PYN_W_2018,PYN_W_2018,3,2,12,2,5,4.856267428,0,86,.,16,38,16,16,0,16,86,1.5,0,0,
2018,PYN,W,PYN_W,PYN_W_2018,PYN_W_2018,2,2,2,2,2,0,38,63,.,3,16,16,0,0,3,86,1.5,0,0,
2018,PYN,W,PYN_W,PYN_W_2018,PYN_W_2018,2,2,2,2,2,0,16,16,.,3,16,38,0,0,3,86,2,0,0,
2018,PYN,W,PYN_W,PYN_W_2018,PYN_W_2018,1,1,2,1,1,0.5,38,16,.,16,16,63,0,3,16,86,1,0,38,
2018,PYN,W,PYN_W,PYN_W_2018,PYN_W_2018,1,1,1,1,1,0,16,16,.,16,38,38,0,3,16,86,1,0,3,
2018,PYN,W,PYN_W,PYN_W_2018,PYN_W_2018,3,2,2,2,2,0.5,63,16,.,16,16,16,0,0,16,86,1,1,0,
2018,PYN,W,PYN_W,PYN_W_2018,PYN_W_2018,2,2,1,1,2,0.577350269,38,16,.,16,16,63,0,0,16,86,1,0,0,
2018,PYN,W,PYN_W,PYN_W_2018,PYN_W_2018,2,2,2,2,2,0,16,16,.,16,63,38,0,3,3,98,0.5,0,16,
2018,PYN,W,PYN_W,PYN_W_2018,PYN_W_2018,2,2,2,2,2,0,16,16,.,16,63,38,0,3,16,86,1.5,0,16,
2018,PYN,W,PYN_W,PYN_W_2018,PYN_W_2018,2,2,1,2,2,0.5,38,16,.,16,16,38,0,3,16,86,0.5,1,16,
2018,PYN,W,PYN_W,PYN_W_2018,PYN_W_2018,1,1,1,1,1,0,38,16,.,3,3,38,0,3,16,86,1,0,86,
2018,PYN,W,PYN_W,PYN_W_2018,PYN_W_2018,1,1,2,1,1,0.5,38,16,.,3,3,38,3,0,16,86,0.5,1,0,
2018,PYN,W,PYN_W,PYN_W_2018,PYN_W_2018,4,2,2,2,3,1,38,16,.,3,86,38,3,0,16,86,1,1,16,
2018,PYN,W,PYN_W,PYN_W_2018,PYN_W_2018,2,1,3,2,2,0.816496581,63,16,.,3,38,38,0,0,16,86,0.5,1,0,
2018,PYN,W,PYN_W,PYN_W_2018,PYN_W_2018,4,3,4,4,4,0.5,38,38,.,16,16,38,0,0,16,86,0,1,0,
2018,PYN,W,PYN_W,PYN_W_2018,PYN_W_2018,1,1,2,1,1,0.5,16,38,.,3,16,38,0,0,3,98,0.5,0,0,
2018,PYN,W,PYN_W,PYN_W_2018,PYN_W_2018,1,1,1,1,1,0,16,3,.,16,16,38,0,0,16,86,1,0,0,
2018,PYN,W,PYN_W,PYN_W_2018,PYN_W_2018,2,2,2,2,2,0,38,16,.,3,38,38,0,0,3,98,1.5,0,0,
2018,PYN,W,PYN_W,PYN_W_2018,PYN_W_2018,1,1,1,1,1,0,1,16,.,38,38,63,0,0,16,63,1.5,0,0,
2018,PYN,W,PYN_W,PYN_W_2018,PYN_W_2018,2,1,1,1,1,0.5,16,3,.,3,63,16,0,0,16,86,1,0,0,
2018,PYN,W,PYN_W,PYN_W_2018,PYN_W_2018,2,2,2,1,2,0.5,16,16,.,3,63,38,0,0,16,86,1,1,0,
2018,PYN,W,PYN_W,PYN_W_2018,PYN_W_2018,2,2,2,1,2,0.5,16,16,.,3,38,63,0,0,16,86,0.5,1,0,
2018,PYN,W,PYN_W,PYN_W_2018,PYN_W_2018,2,1,1,2,2,0.577350269,38,38,.,3,38,38,0,0,3,98,2.5,0,0,
2018,PYN,W,PYN_W,PYN_W_2018,PYN_W_2018,1,2,2,2,2,0.5,3,38,.,16,16,63,0,0,3,98,0.5,1,0,
2018,PYN,W,PYN_W,PYN_W_2018,PYN_W_2018,1,2,2,1,2,0.577350269,16,63,.,16,16,86,0,0,16,63,0.5,1,0,
2018,PYN,W,PYN_W,PYN_W_2018,PYN_W_2018,2,2,2,2,2,0,38,16,.,3,16,63,0,0,3,98,1,1,0,
2018,PYN,W,PYN_W,PYN_W_2018,PYN_W_2018,1,1,1,1,1,0,38,38,.,3,16,38,0,0,3,98,1,0,0,
2018,PYN,W,PYN_W,PYN_W_2018,PYN_W_2018,1,1,1,1,1,0,16,16,.,16,16,63,0,0,3,98,0,0,0,
2018,PYN,W,PYN_W,PYN_W_2018,PYN_W_2018,1,1,1,1,1,0,16,16,.,3,38,86,0,0,16,63,0.5,0,0,
2018,PYS,N,PYS_N,PYS_N_2018,PYS_N_2018,1,20,1,1,6,9.5,16,38,.,16,16,16,0,3,63,16,0,0,16,
2018,PYS,N,PYS_N,PYS_N_2018,PYS_N_2018,3,3,4,2,3,0.816496581,3,16,.,16,38,38,0,0,38,16,0,0,0,
2018,PYS,N,PYS_N,PYS_N_2018,PYS_N_2018,2,1,2,2,2,0.5,16,16,.,38,3,16,16,0,63,16,0,0,0,
2018,PYS,N,PYS_N,PYS_N_2018,PYS_N_2018,4,5,4,5,5,0.577350269,3,16,.,38,86,16,0,0,38,38,0,0,0,
2018,PYS,N,PYS_N,PYS_N_2018,PYS_N_2018,2,2,1,1,2,0.577350269,3,16,.,16,16,16,0,0,16,63,0,0,0,
2018,PYS,N,PYS_N,PYS_N_2018,PYS_N_2018,1,1,2,5,2,1.892969449,16,16,.,16,16,38,0,0,86,3,0,0,0,
2018,PYS,N,PYS_N,PYS_N_2018,PYS_N_2018,1,2,3,4,3,1.290994449,16,16,.,16,38,38,0,16,63,16,0,0,38,
2018,PYS,N,PYS_N,PYS_N_2018,PYS_N_2018,6,7,6,4,6,1.258305739,3,38,.,16,63,16,0,0,16,63,0,0,0,
2018,PYS,N,PYS_N,PYS_N_2018,PYS_N_2018,4,5,2,2,3,1.5,16,16,.,16,38,16,0,16,86,16,0,0,38,
2018,PYS,N,PYS_N,PYS_N_2018,PYS_N_2018,3,4,3,2,3,0.816496581,16,16,.,16,38,16,16,16,63,16,0,0,38,
2018,PYS,N,PYS_N,PYS_N_2018,PYS_N_2018,1,1,1,2,1,0.5,16,16,.,16,16,16,0,3,98,3,0,0,16,
2018,PYS,N,PYS_N,PYS_N_2018,PYS_N_2018,3,4,2,2,3,0.957427108,3,38,.,16,16,38,0,3,16,63,0,0,16,
2018,PYS,N,PYS_N,PYS_N_2018,PYS_N_2018,2,2,2,1,2,0.5,16,16,.,16,16,38,0,0,63,16,0,0,0,
2018,PYS,N,PYS_N,PYS_N_2018,PYS_N_2018,2,2,1,2,2,0.5,3,16,.,38,16,16,0,0,38,38,0,0,0,
2018,PYS,N,PYS_N,PYS_N_2018,PYS_N_2018,2,1,1,2,2,0.577350269,16,16,.,16,16,38,0,0,63,16,0,0,0,
2018,PYS,N,PYS_N,PYS_N_2018,PYS_N_2018,1,1,1,1,1,0,3,38,.,16,16,63,0,0,86,3,0,0,0,
2018,PYS,N,PYS_N,PYS_N_2018,PYS_N_2018,2,2,2,3,2,0.5,3,16,.,16,16,16,0,16,98,3,0,0,86,
2018,PYS,N,PYS_N,PYS_N_2018,PYS_N_2018,2,3,3,2,3,0.577350269,3,63,.,16,16,16,0,3,16,63,0,0,16,
2018,PYS,N,PYS_N,PYS_N_2018,PYS_N_2018,1,2,1,1,1,0.5,1,16,.,16,16,16,0,3,98,1,0,0,16,
2018,PYS,N,PYS_N,PYS_N_2018,PYS_N_2018,1,1,1,1,1,0,16,3,.,16,16,3,0,16,98,1,0,1,86,
2018,PYS,N,PYS_N,PYS_N_2018,PYS_N_2018,2,1,2,2,2,0.5,16,16,.,16,63,38,0,3,63,16,0,0,3,
2018,PYS,N,PYS_N,PYS_N_2018,PYS_N_2018,2,1,2,1,2,0.577350269,16,16,.,16,16,16,0,0,86,3,0,0,0,
2018,PYS,N,PYS_N,PYS_N_2018,PYS_N_2018,2,1,1,1,1,0.5,3,16,.,16,16,16,0,0,86,3,0,0,0,
2018,PYS,N,PYS_N,PYS_N_2018,PYS_N_2018,1,2,2,2,2,0.5,16,16,.,16,38,16,0,16,86,3,0,0,38,
2018,PYS,N,PYS_N,PYS_N_2018,PYS_N_2018,1,1,3,2,2,0.957427108,16,16,.,16,16,38,0,3,63,16,0,0,16,
2018,PYS,N,PYS_N,PYS_N_2018,PYS_N_2018,1,1,1,1,1,0,16,16,.,3,16,38,0,3,63,16,0,0,16,
2018,PYS,N,PYS_N,PYS_N_2018,PYS_N_2018,3,2,3,3,3,0.5,16,38,.,16,16,1,0,0,16,63,0,0,0,
2018,PYS,N,PYS_N,PYS_N_2018,PYS_N_2018,2,1,1,1,1,0.5,16,16,.,16,38,38,0,3,86,3,0,0,16,
2018,PYS,N,PYS_N,PYS_N_2018,PYS_N_2018,4,3,3,1,3,1.258305739,3,16,.,16,16,16,0,0,16,63,0,0,0,
2018,PYS,N,PYS_N,PYS_N_2018,PYS_N_2018,1,1,1,1,1,0,3,16,.,16,3,38,0,0,16,38,0,0,0,
2018,PYS,S,PYS_S,PYS_S_2018,PYS_S_2018,2,2,2,2,2,0,0,63,.,0,16,38,0,0,0,98,0.5,0,0,
2018,PYS,S,PYS_S,PYS_S_2018,PYS_S_2018,2,2,1,1,2,0.577350269,3,38,.,16,16,38,0,0,3,86,0,0,0,
2018,PYS,S,PYS_S,PYS_S_2018,PYS_S_2018,0,2,3,1,2,1.290994449,0,86,.,16,16,0,0,0,0,98,0.5,0,0,
2018,PYS,S,PYS_S,PYS_S_2018,PYS_S_2018,2,1,2,3,2,0.816496581,0,16,.,16,16,63,0,0,0,98,0.5,0,0,
2018,PYS,S,PYS_S,PYS_S_2018,PYS_S_2018,4,3,3,3,3,0.5,38,16,.,16,38,38,0,16,0,98,1.5,0,38,
2018,PYS,S,PYS_S,PYS_S_2018,PYS_S_2018,3,2,2,2,2,0.5,16,16,.,16,38,16,0,0,0,98,0.5,1,0,
2018,PYS,S,PYS_S,PYS_S_2018,PYS_S_2018,2,2,2,2,2,0,0,16,.,16,63,16,0,0,3,86,0.5,1,0,
2018,PYS,S,PYS_S,PYS_S_2018,PYS_S_2018,3,2,2,3,3,0.577350269,38,16,.,16,16,16,0,16,3,86,1,0,86,
2018,PYS,S,PYS_S,PYS_S_2018,PYS_S_2018,3,1,2,2,2,0.816496581,0,63,.,0,38,0,16,0,0,98,1,0,0,
2018,PYS,S,PYS_S,PYS_S_2018,PYS_S_2018,5,2,3,4,4,1.290994449,0,86,.,3,38,16,0,16,0,98,2,0,16,
2018,PYS,S,PYS_S,PYS_S_2018,PYS_S_2018,4,4,3,3,4,0.577350269,16,16,.,3,38,16,0,38,0,98,2,0,86,
2018,PYS,S,PYS_S,PYS_S_2018,PYS_S_2018,3,3,2,3,3,0.5,16,16,.,0,38,16,3,16,0,98,1,0,38,
2018,PYS,S,PYS_S,PYS_S_2018,PYS_S_2018,4,4,3,4,4,0.5,3,38,.,3,38,16,0,0,0,98,1,0,0,
2018,PYS,S,PYS_S,PYS_S_2018,PYS_S_2018,2,2,1,2,2,0.5,0,63,.,3,16,16,0,0,0,98,1.5,0,0,
2018,PYS,S,PYS_S,PYS_S_2018,PYS_S_2018,2,2,2,3,2,0.5,0,86,.,0,38,3,0,0,0,98,1,0,0,
2018,PYS,S,PYS_S,PYS_S_2018,PYS_S_2018,3,3,4,4,4,0.577350269,38,16,.,16,16,38,0,3,1,98,1,0,38,
2018,PYS,S,PYS_S,PYS_S_2018,PYS_S_2018,3,2,3,3,3,0.5,16,16,.,16,16,63,0,0,38,38,0,1,0,
2018,PYS,S,PYS_S,PYS_S_2018,PYS_S_2018,3,4,4,5,4,0.816496581,16,38,.,16,38,16,0,0,0,98,0,0,0,
2018,PYS,S,PYS_S,PYS_S_2018,PYS_S_2018,3,3,2,2,3,0.577350269,16,16,.,16,16,63,0,0,16,63,0.5,0,0,
2018,PYS,S,PYS_S,PYS_S_2018,PYS_S_2018,5,3,4,3,4,0.957427108,16,38,.,16,38,3,0,0,3,86,5,0,0,
2018,PYS,S,PYS_S,PYS_S_2018,PYS_S_2018,2,2,2,0,2,1,16,16,.,16,63,16,0,0,1,98,1.5,0,0,
2018,PYS,S,PYS_S,PYS_S_2018,PYS_S_2018,2,2,3,3,3,0.577350269,16,16,.,16,63,16,0,0,3,98,1,1,0,
2018,PYS,S,PYS_S,PYS_S_2018,PYS_S_2018,4,4,4,4,4,0,16,16,.,16,38,16,0,0,16,63,1,0,0,
2018,PYS,S,PYS_S,PYS_S_2018,PYS_S_2018,3,4,3,4,4,0.577350269,16,16,.,16,16,16,0,0,16,86,2,0,0,
2018,PYS,S,PYS_S,PYS_S_2018,PYS_S_2018,2,3,3,2,3,0.577350269,16,16,.,16,86,16,0,0,3,86,0,0,0,
2018,PYS,S,PYS_S,PYS_S_2018,PYS_S_2018,2,2,2,2,2,0,16,16,.,16,38,16,0,0,16,86,1,1,0,
2018,PYS,S,PYS_S,PYS_S_2018,PYS_S_2018,3,3,2,4,3,0.816496581,16,38,.,16,16,38,0,0,16,86,2.5,1,0,
2018,PYS,W,PYS_W,PYS_W_2018,PYS_W_2018,2,2,2,2,2,0,3,38,.,3,38,16,0,0,1,98,3.5,1,0,
2018,PYS,W,PYS_W,PYS_W_2018,PYS_W_2018,3,2,3,3,3,0.5,16,16,.,38,16,16,0,0,0,98,1.5,0,0,
2018,PYS,W,PYS_W,PYS_W_2018,PYS_W_2018,2,3,3,2,3,0.577350269,16,63,.,16,16,16,0,0,0,98,3,1,0,
2018,PYS,W,PYS_W,PYS_W_2018,PYS_W_2018,3,4,3,3,3,0.5,3,16,.,38,3,16,0,0,0,98,2.5,0,0,
2018,PYS,W,PYS_W,PYS_W_2018,PYS_W_2018,4,4,4,4,4,0,38,16,.,16,3,16,0,0,0,98,4,1,0,
2018,PYS,W,PYS_W,PYS_W_2018,PYS_W_2018,5,3,3,3,4,1,16,16,.,16,16,38,0,0,0,98,2,0,0,
2018,PYS,W,PYS_W,PYS_W_2018,PYS_W_2018,4,4,3,5,4,0.816496581,3,38,.,16,16,16,0,16,0,98,3.5,0,98,
2018,PYS,W,PYS_W,PYS_W_2018,PYS_W_2018,3,4,4,4,4,0.5,16,38,.,16,16,16,0,0,0,98,2.5,1,0,
2018,PYS,W,PYS_W,PYS_W_2018,PYS_W_2018,3,3,6,3,4,1.5,38,16,.,16,16,16,0,0,0,98,2.5,1,0,
2018,PYS,W,PYS_W,PYS_W_2018,PYS_W_2018,3,3,5,3,4,1,16,38,.,16,3,38,0,0,0,98,1,1,0,
2018,PYS,W,PYS_W,PYS_W_2018,PYS_W_2018,3,3,2,3,3,0.5,3,16,.,16,3,16,0,0,0,98,3,1,0,
2018,PYS,W,PYS_W,PYS_W_2018,PYS_W_2018,4,3,3,5,4,0.957427108,38,16,.,16,0,16,0,0,0,98,4,0,0,
2018,PYS,W,PYS_W,PYS_W_2018,PYS_W_2018,3,3,4,4,4,0.577350269,16,16,.,16,0,16,0,0,0,98,2,1,0,
2018,PYS,W,PYS_W,PYS_W_2018,PYS_W_2018,4,4,4,2,4,1,16,16,.,16,16,16,0,3,0,98,5.5,1,16,
2018,PYS,W,PYS_W,PYS_W_2018,PYS_W_2018,3,3,4,4,4,0.577350269,16,16,.,16,16,16,0,16,3,86,4,0,63,
2018,PYS,W,PYS_W,PYS_W_2018,PYS_W_2018,3,3,3,3,3,0,3,16,.,38,16,38,0,0,0,98,1.5,0,0,
2018,PYS,W,PYS_W,PYS_W_2018,PYS_W_2018,4,3,4,3,4,0.577350269,16,16,.,38,16,16,0,16,0,98,2,0,98,
2018,PYS,W,PYS_W,PYS_W_2018,PYS_W_2018,3,4,5,3,4,0.957427108,16,16,.,38,16,16,0,0,0,98,3,0,0,
2018,PYS,W,PYS_W,PYS_W_2018,PYS_W_2018,3,5,8,3,5,2.362907813,16,16,.,16,1,16,0,0,0,98,2,0,0,
2018,PYS,W,PYS_W,PYS_W_2018,PYS_W_2018,3,3,3,3,3,0,16,16,.,16,16,16,16,0,0,98,0.5,0,0,
2018,PYS,W,PYS_W,PYS_W_2018,PYS_W_2018,4,3,3,3,3,0.5,16,16,.,16,16,16,0,16,0,98,2.5,0,63,
2018,PYS,W,PYS_W,PYS_W_2018,PYS_W_2018,4,3,2,4,3,0.957427108,16,16,.,16,3,38,0,0,0,98,0.5,1,0,
2018,PYS,W,PYS_W,PYS_W_2018,PYS_W_2018,2,3,3,3,3,0.5,16,16,.,16,16,16,1,16,0,98,1.5,0,86,
2018,PYS,W,PYS_W,PYS_W_2018,PYS_W_2018,3,7,7,3,5,2.309401077,16,16,.,16,38,16,0,16,0,98,1,0,86,
2018,PYS,W,PYS_W,PYS_W_2018,PYS_W_2018,10,10,6,5,8,2.62995564,16,38,.,16,38,16,3,16,0,98,1,0,63,
2018,PYS,W,PYS_W,PYS_W_2018,PYS_W_2018,4,3,3,4,4,0.577350269,63,16,.,16,16,16,0,3,0,98,1.5,0,16,
2018,PYS,W,PYS_W,PYS_W_2018,PYS_W_2018,7,5,10,3,6,2.986078811,16,38,.,16,38,38,3,16,0,98,2.5,0,16,
2018,PYS,W,PYS_W,PYS_W_2018,PYS_W_2018,3,2,2,3,3,0.577350269,38,3,.,3,16,38,0,38,3,98,3,1,63,
2018,PYS,W,PYS_W,PYS_W_2018,PYS_W_2018,3,2,3,2,3,0.577350269,38,38,.,16,38,16,0,16,0,98,0.5,0,63,
2018,PYS,W,PYS_W,PYS_W_2018,PYS_W_2018,1,1,2,1,1,0.5,16,16,.,16,16,16,0,0,1,86,0,0,0,
2018,PYS,W,PYS_W,PYS_W_2018,PYS_W_2018,2,1,1,1,1,0.5,16,16,.,38,3,3,0,0,0,98,2,0,0,
2018,PYS,W,PYS_W,PYS_W_2018,PYS_W_2018,3,3,3,2,3,0.5,16,16,.,16,16,16,0,0,0,98,3,0,0,
2018,PYS,W,PYS_W,PYS_W_2018,PYS_W_2018,2,4,3,2,3,0.957427108,38,38,.,16,16,16,0,16,3,98,3,1,63,
2018,PYW,C,PYW_C,PYW_C_2018,PYW_C_2018,2,2,2,3,2,0.5,16,16,.,3,63,16,0,3,16,86,0,0,3,
2018,PYW,C,PYW_C,PYW_C_2018,PYW_C_2018,2,1,2,2,2,0.5,38,3,.,16,16,16,0,0,3,98,0,1,0,
2018,PYW,C,PYW_C,PYW_C_2018,PYW_C_2018,2,2,1,2,2,0.5,16,1,.,3,16,38,0,0,3,98,0,1,0,
2018,PYW,C,PYW_C,PYW_C_2018,PYW_C_2018,2,1,2,3,2,0.816496581,38,1,.,16,16,38,0,0,1,98,0,1,0,
2018,PYW,C,PYW_C,PYW_C_2018,PYW_C_2018,5,4,3,5,4,0.957427108,16,16,.,16,63,16,0,0,16,86,0,0,0,
2018,PYW,C,PYW_C,PYW_C_2018,PYW_C_2018,6,5,5,6,6,0.577350269,16,3,.,16,63,16,0,0,16,86,0.5,0,0,
2018,PYW,C,PYW_C,PYW_C_2018,PYW_C_2018,3,3,4,3,3,0.5,16,16,.,38,38,16,1,0,38,63,0,2,0,
2018,PYW,C,PYW_C,PYW_C_2018,PYW_C_2018,5,4,3,5,4,0.957427108,16,16,.,38,38,16,0,16,86,16,0,1,38,
2018,PYW,C,PYW_C,PYW_C_2018,PYW_C_2018,5,3,3,4,4,0.957427108,38,16,.,16,16,16,3,16,86,16,0,0,98,
2018,PYW,C,PYW_C,PYW_C_2018,PYW_C_2018,5,5,5,6,5,0.5,16,3,.,63,16,16,0,16,38,38,0,0,63,
2018,PYW,C,PYW_C,PYW_C_2018,PYW_C_2018,4,5,7,5,5,1.258305739,16,38,.,16,16,0,0,16,38,38,0,0,38,
2018,PYW,C,PYW_C,PYW_C_2018,PYW_C_2018,4,3,3,4,4,0.577350269,38,16,.,16,63,16,0,16,86,16,0,0,16,
2018,PYW,C,PYW_C,PYW_C_2018,PYW_C_2018,3,2,2,2,2,0.5,16,16,.,16,38,16,0,0,38,38,0,0,0,
2018,PYW,C,PYW_C,PYW_C_2018,PYW_C_2018,2,3,3,3,3,0.5,16,16,.,38,16,0,0,0,98,3,0,1,0,
2018,PYW,C,PYW_C,PYW_C_2018,PYW_C_2018,3,2,2,3,3,0.577350269,16,3,.,38,38,16,0,0,86,16,0,1,0,
2018,PYW,C,PYW_C,PYW_C_2018,PYW_C_2018,5,4,6,8,6,1.707825128,3,16,.,63,16,16,0,0,16,86,1,0,0,
2018,PYW,C,PYW_C,PYW_C_2018,PYW_C_2018,7,6,6,6,6,0.5,16,16,.,38,38,38,0,0,38,63,0,0,0,
2018,PYW,C,PYW_C,PYW_C_2018,PYW_C_2018,6,6,8,8,7,1.154700538,3,16,.,63,16,16,0,16,16,63,2,0,63,
2018,PYW,C,PYW_C,PYW_C_2018,PYW_C_2018,4,2,4,5,4,1.258305739,3,38,.,16,38,16,3,38,16,86,1,0,86,
2018,PYW,C,PYW_C,PYW_C_2018,PYW_C_2018,5,8,5,5,6,1.5,3,16,.,38,38,3,16,16,38,38,0,0,38,
2018,PYW,C,PYW_C,PYW_C_2018,PYW_C_2018,6,6,7,6,6,0.5,1,3,.,16,38,0,3,16,63,38,0,0,16,
2018,PYW,C,PYW_C,PYW_C_2018,PYW_C_2018,4,2,6,6,5,1.914854216,3,16,.,38,38,0,3,16,38,38,0,0,16,
2018,PYW,C,PYW_C,PYW_C_2018,PYW_C_2018,6,4,2,4,4,1.632993162,16,16,.,38,38,0,0,16,38,38,0,0,16,
2018,PYW,C,PYW_C,PYW_C_2018,PYW_C_2018,4,3,3,3,3,0.5,38,3,.,16,16,16,16,16,38,38,0,0,38,
2018,PYW,C,PYW_C,PYW_C_2018,PYW_C_2018,4,5,4,3,4,0.816496581,38,3,.,16,16,16,0,16,38,38,0,0,86,
2018,PYW,C,PYW_C,PYW_C_2018,PYW_C_2018,4,3,4,4,4,0.5,38,16,.,16,16,38,0,16,63,16,0.5,0,16,
2018,PYW,C,PYW_C,PYW_C_2018,PYW_C_2018,4,4,4,4,4,0,38,16,.,38,38,16,0,3,38,38,0,1,3,
2018,PYW,C,PYW_C,PYW_C_2018,PYW_C_2018,3,3,2,2,3,0.577350269,16,16,.,16,16,38,0,0,63,16,0.5,0,0,
2018,PYW,C,PYW_C,PYW_C_2018,PYW_C_2018,2,3,4,2,3,0.957427108,3,16,.,16,16,63,0,0,38,38,0,0,0,
2018,PYW,C,PYW_C,PYW_C_2018,PYW_C_2018,5,3,4,7,5,1.707825128,16,16,.,38,16,38,0,0,63,16,0,1,0,
2018,PYW,N,PYW_N,PYW_N_2018,PYW_N_2018,4,2,3,5,4,1.290994449,16,3,.,16,38,16,0,3,86,16,0,1,3,
2018,PYW,N,PYW_N,PYW_N_2018,PYW_N_2018,4,3,3,5,4,0.957427108,16,16,.,16,38,38,0,0,63,16,0,0,0,
2018,PYW,N,PYW_N,PYW_N_2018,PYW_N_2018,4,3,5,3,4,0.957427108,16,16,.,16,16,16,0,0,86,16,0,0,0,
2018,PYW,N,PYW_N,PYW_N_2018,PYW_N_2018,3,3,2,3,3,0.5,16,16,.,16,38,38,0,0,38,38,0,1,0,
2018,PYW,N,PYW_N,PYW_N_2018,PYW_N_2018,4,3,3,3,3,0.5,38,16,.,16,16,38,0,16,38,38,0,0,63,
2018,PYW,N,PYW_N,PYW_N_2018,PYW_N_2018,1,2,3,3,2,0.957427108,16,3,.,38,16,38,0,0,98,3,0,0,0,
2018,PYW,N,PYW_N,PYW_N_2018,PYW_N_2018,4,5,4,4,4,0.5,38,16,.,16,38,16,0,16,63,16,0.5,0,38,
2018,PYW,N,PYW_N,PYW_N_2018,PYW_N_2018,3,3,2,3,3,0.5,38,3,.,16,16,38,0,3,63,16,0,0,3,
2018,PYW,N,PYW_N,PYW_N_2018,PYW_N_2018,2,1,2,3,2,0.816496581,16,3,.,16,16,38,0,0,98,3,0,1,0,
2018,PYW,N,PYW_N,PYW_N_2018,PYW_N_2018,3,2,2,3,3,0.577350269,16,3,.,16,38,16,0,0,86,3,0,1,0,
2018,PYW,N,PYW_N,PYW_N_2018,PYW_N_2018,1,2,2,2,2,0.5,16,3,.,16,38,16,0,3,86,16,0,0,3,
2018,PYW,N,PYW_N,PYW_N_2018,PYW_N_2018,5,2,2,4,3,1.5,16,16,.,38,16,38,0,0,38,38,0,0,0,
2018,PYW,N,PYW_N,PYW_N_2018,PYW_N_2018,2,2,3,3,3,0.577350269,16,16,.,16,63,16,0,0,63,16,0,1,0,
2018,PYW,N,PYW_N,PYW_N_2018,PYW_N_2018,2,2,4,5,3,1.5,16,16,.,16,86,38,0,0,38,38,0,1,0,
2018,PYW,N,PYW_N,PYW_N_2018,PYW_N_2018,2,3,7,6,5,2.380476143,16,3,.,16,63,38,0,16,63,16,0,1,16,
2018,PYW,N,PYW_N,PYW_N_2018,PYW_N_2018,2,2,4,2,3,1,38,16,.,16,16,38,0,16,63,16,0,0,98,
2018,PYW,N,PYW_N,PYW_N_2018,PYW_N_2018,2,1,2,2,2,0.5,16,1,.,16,16,16,0,0,98,3,0,2,0,
2018,PYW,N,PYW_N,PYW_N_2018,PYW_N_2018,2,2,2,2,2,0,16,3,.,16,38,16,0,16,98,3,0,1,38,
2018,PYW,N,PYW_N,PYW_N_2018,PYW_N_2018,1,2,3,2,2,0.816496581,16,3,.,16,38,16,0,3,38,38,0,0,3,
2018,PYW,N,PYW_N,PYW_N_2018,PYW_N_2018,2,2,3,6,3,1.892969449,16,16,.,38,16,38,0,0,38,38,0,0,0,
2018,PYW,N,PYW_N,PYW_N_2018,PYW_N_2018,4,3,4,3,4,0.577350269,16,16,.,16,38,16,0,16,16,63,0,0,38,
2018,PYW,N,PYW_N,PYW_N_2018,PYW_N_2018,4,3,5,4,4,0.816496581,38,16,.,16,16,3,0,16,63,16,0,0,86,
2018,PYW,N,PYW_N,PYW_N_2018,PYW_N_2018,3,2,2,2,2,0.5,38,3,.,16,16,16,0,16,98,3,0,0,86,
2018,PYW,N,PYW_N,PYW_N_2018,PYW_N_2018,3,4,4,3,4,0.577350269,38,16,.,16,16,3,0,16,86,3,0,1,63,
2018,PYW,N,PYW_N,PYW_N_2018,PYW_N_2018,2,1,1,2,2,0.577350269,16,3,.,16,16,38,0,16,98,3,0,1,98,
2018,PYW,N,PYW_N,PYW_N_2018,PYW_N_2018,3,2,2,2,2,0.5,63,16,.,16,16,38,0,16,63,16,0,0,98,
2018,PYW,N,PYW_N,PYW_N_2018,PYW_N_2018,2,2,2,2,2,0,16,16,.,16,38,16,0,16,38,38,0,0,38,
2018,PYW,N,PYW_N,PYW_N_2018,PYW_N_2018,3,4,4,4,4,0.5,63,16,.,16,38,38,0,0,38,38,0,0,0,
2018,PYW,N,PYW_N,PYW_N_2018,PYW_N_2018,1,2,2,5,3,1.732050808,16,16,.,16,16,16,0,16,38,38,0,0,98,
2018,PYW,N,PYW_N,PYW_N_2018,PYW_N_2018,2,1,3,2,2,0.816496581,16,16,.,16,3,38,0,0,63,16,0,0,0,
2018,PYW,S,PYW_S,PYW_S_2018,PYW_S_2018,6,2,2,2,3,2,3,38,.,16,16,16,16,0,0,98,0.5,0,0,
2018,PYW,S,PYW_S,PYW_S_2018,PYW_S_2018,2,2,2,2,2,0,3,16,.,16,63,38,0,0,3,86,0,0,0,
2018,PYW,S,PYW_S,PYW_S_2018,PYW_S_2018,3,2,2,4,3,0.957427108,3,16,.,38,38,63,3,0,3,86,1,0,0,
2018,PYW,S,PYW_S,PYW_S_2018,PYW_S_2018,3,3,5,6,4,1.5,3,16,.,16,38,38,0,0,16,86,1,1,0,
2018,PYW,S,PYW_S,PYW_S_2018,PYW_S_2018,2,2,2,1,2,0.5,16,16,.,16,16,38,0,0,38,38,0,0,0,
2018,PYW,S,PYW_S,PYW_S_2018,PYW_S_2018,4,4,4,2,4,1,16,16,.,38,16,16,16,3,3,86,0,1,16,
2018,PYW,S,PYW_S,PYW_S_2018,PYW_S_2018,7,6,7,5,6,0.957427108,16,16,.,38,38,38,0,3,38,38,0,1,16,
2018,PYW,S,PYW_S,PYW_S_2018,PYW_S_2018,3,4,3,5,4,0.957427108,16,16,.,63,16,38,0,16,16,63,0,1,38,
2018,PYW,S,PYW_S,PYW_S_2018,PYW_S_2018,4,4,4,4,4,0,3,38,.,38,16,16,0,16,38,38,0.5,1,86,
2018,PYW,S,PYW_S,PYW_S_2018,PYW_S_2018,3,4,4,4,4,0.5,38,16,.,16,16,38,16,0,38,38,0.5,0,0,
2018,PYW,S,PYW_S,PYW_S_2018,PYW_S_2018,3,2,3,2,3,0.577350269,16,38,.,16,16,38,0,16,16,86,0,1,86,
2018,PYW,S,PYW_S,PYW_S_2018,PYW_S_2018,2,2,2,2,2,0,16,16,.,16,3,38,0,0,38,38,0,0,0,
2018,PYW,S,PYW_S,PYW_S_2018,PYW_S_2018,3,2,3,3,3,0.5,38,16,.,16,16,16,0,0,16,63,0.5,0,0,
2018,PYW,S,PYW_S,PYW_S_2018,PYW_S_2018,3,2,3,3,3,0.5,16,38,.,38,3,38,0,3,16,63,0,0,98,
2018,PYW,S,PYW_S,PYW_S_2018,PYW_S_2018,2,5,3,3,3,1.258305739,16,16,.,16,38,38,0,0,16,86,0.5,0,0,
2018,PYW,S,PYW_S,PYW_S_2018,PYW_S_2018,6,5,4,4,5,0.957427108,3,16,.,16,86,16,0,16,38,38,1,0,38,
2018,PYW,S,PYW_S,PYW_S_2018,PYW_S_2018,3,2,2,2,2,0.5,38,16,.,16,38,38,0,16,16,63,0,0,38,
2018,PYW,S,PYW_S,PYW_S_2018,PYW_S_2018,2,5,4,3,4,1.290994449,38,16,.,16,3,38,0,0,16,63,0,1,0,
2018,PYW,S,PYW_S,PYW_S_2018,PYW_S_2018,4,5,4,3,4,0.816496581,38,16,.,16,3,16,3,3,16,63,0.5,0,98,
2018,PYW,S,PYW_S,PYW_S_2018,PYW_S_2018,2,3,3,3,3,0.5,16,16,.,38,16,16,3,3,16,86,2,0,38,
2018,PYW,S,PYW_S,PYW_S_2018,PYW_S_2018,3,2,2,2,2,0.5,16,3,.,16,38,38,0,38,16,63,0.5,0,86,
2018,PYW,S,PYW_S,PYW_S_2018,PYW_S_2018,4,3,3,3,3,0.5,3,16,.,63,16,38,0,16,16,86,1,1,38,
2018,PYW,S,PYW_S,PYW_S_2018,PYW_S_2018,2,2,3,3,3,0.577350269,16,38,.,16,38,63,0,3,16,63,1.5,1,16,
2018,PYW,S,PYW_S,PYW_S_2018,PYW_S_2018,3,4,3,4,4,0.577350269,3,16,.,38,16,16,0,0,16,86,2,0,0,
2018,PYW,S,PYW_S,PYW_S_2018,PYW_S_2018,2,2,2,3,2,0.5,16,38,.,16,16,38,0,0,38,38,0,0,0,
2018,PYW,S,PYW_S,PYW_S_2018,PYW_S_2018,5,7,2,2,4,2.449489743,16,16,.,38,38,63,0,16,16,86,1.5,0,38,
2018,PYW,S,PYW_S,PYW_S_2018,PYW_S_2018,5,2,3,2,3,1.414213562,38,16,.,38,16,63,0,16,16,63,0.5,0,86,
2018,PYW,S,PYW_S,PYW_S_2018,PYW_S_2018,2,3,2,2,2,0.5,16,38,.,16,16,38,0,0,38,63,0,0,0,
2018,PYW,S,PYW_S,PYW_S_2018,PYW_S_2018,2,2,2,2,2,0,16,38,.,16,16,63,0,16,16,86,0,0,86,
2018,PYW,S,PYW_S,PYW_S_2018,PYW_S_2018,2,4,7,5,5,2.081665999,3,63,.,16,38,16,0,3,38,38,0,1,16,
2018,RC2,C,RC2_C,RC2_C_2018,RC2_C_2018,7,4,6,5,6,1.290994449,0,3,.,63,0,38,0,0,16,86,2.5,0,0,
2018,RC2,C,RC2_C,RC2_C_2018,RC2_C_2018,3,3,3,3,3,0,0,3,.,38,16,86,0,0,16,86,0.5,0,0,
2018,RC2,C,RC2_C,RC2_C_2018,RC2_C_2018,3,4,3,3,3,0.5,0,16,.,0,3,16,0,0,38,63,0,0,0,
2018,RC2,C,RC2_C,RC2_C_2018,RC2_C_2018,5,3,4,5,4,0.957427108,0,16,.,16,38,38,0,0,63,38,0,0,0,
2018,RC2,C,RC2_C,RC2_C_2018,RC2_C_2018,6,3,3,7,5,2.061552813,0,1,.,63,16,63,0,0,16,38,1,0,0,
2018,RC2,C,RC2_C,RC2_C_2018,RC2_C_2018,7,7,5,7,7,1,0,3,.,63,16,16,0,0,3,63,6.5,0,0,
2018,RC2,C,RC2_C,RC2_C_2018,RC2_C_2018,8,5,8,6,7,1.5,0,16,.,63,3,0,0,0,1,98,1,0,0,
2018,RC2,C,RC2_C,RC2_C_2018,RC2_C_2018,3,2,3,2,3,0.577350269,3,0,.,16,63,63,0,16,63,16,0,0,36,
2018,RC2,C,RC2_C,RC2_C_2018,RC2_C_2018,6,2,3,4,4,1.707825128,3,16,.,38,63,38,0,3,38,38,1,0,3,
2018,RC2,C,RC2_C,RC2_C_2018,RC2_C_2018,7,3,4,6,5,1.825741858,16,1,.,16,63,16,0,0,16,63,0.5,0,0,
2018,RC2,C,RC2_C,RC2_C_2018,RC2_C_2018,3,2,1,2,2,0.816496581,16,3,.,38,38,3,0,0,38,38,1,1,0,
2018,RC2,C,RC2_C,RC2_C_2018,RC2_C_2018,5,4,3,3,4,0.957427108,16,3,.,16,38,16,16,0,38,63,0,0,0,
2018,RC2,C,RC2_C,RC2_C_2018,RC2_C_2018,3,7,3,4,4,1.892969449,0,0,.,16,38,63,0,0,3,86,1,0,0,
2018,RC2,C,RC2_C,RC2_C_2018,RC2_C_2018,4,3,3,3,3,0.5,16,3,.,16,1,86,0,0,38,38,0,0,0,
2018,RC2,C,RC2_C,RC2_C_2018,RC2_C_2018,6,5,5,7,6,0.957427108,0,0,.,16,38,16,0,38,63,16,0,0,0,
2018,RC2,C,RC2_C,RC2_C_2018,RC2_C_2018,7,11,3,7,7,3.265986324,0,0,.,16,0,98,0,0,16,86,1,0,0,
2018,RC2,C,RC2_C,RC2_C_2018,RC2_C_2018,3,10,2,2,4,3.862210075,0,38,.,16,16,0,0,0,1,98,4,0,0,
2018,RC2,C,RC2_C,RC2_C_2018,RC2_C_2018,3,3,5,3,4,1,0,16,.,16,63,16,0,0,63,63,0,0,0,
2018,RC2,C,RC2_C,RC2_C_2018,RC2_C_2018,2,1,2,3,2,0.816496581,16,3,.,3,16,86,0,0,38,38,0,0,0,
2018,RC2,C,RC2_C,RC2_C_2018,RC2_C_2018,3,3,3,4,3,0.5,3,16,.,3,86,0,0,0,3,86,0.5,1,0,
2018,RC2,C,RC2_C,RC2_C_2018,RC2_C_2018,3,2,4,3,3,0.816496581,0,16,.,38,16,38,0,0,16,63,1,0,0,
2018,RC2,C,RC2_C,RC2_C_2018,RC2_C_2018,9,7,11,10,9,1.707825128,0,3,.,86,16,0,0,0,16,86,5,0,0,
2018,RC2,C,RC2_C,RC2_C_2018,RC2_C_2018,9,7,8,5,7,1.707825128,0,16,.,3,63,0,0,0,3,98,2,0,0,
2018,RC2,C,RC2_C,RC2_C_2018,RC2_C_2018,10,10,9,8,9,0.957427108,0,0,.,16,63,63,0,0,3,98,1.5,0,0,
2018,RC2,C,RC2_C,RC2_C_2018,RC2_C_2018,7,7,7,5,7,1,0,3,.,63,16,38,0,0,38,38,0,0,0,
2018,RC2,C,RC2_C,RC2_C_2018,RC2_C_2018,5,3,3,5,4,1.154700538,0,3,.,16,3,86,0,0,0,98,3,0,0,
2018,RC2,C,RC2_C,RC2_C_2018,RC2_C_2018,9,7,6,7,7,1.258305739,0,16,.,38,16,63,0,0,63,38,0,0,0,
2018,RC2,C,RC2_C,RC2_C_2018,RC2_C_2018,7,5,6,7,6,0.957427108,0,0,.,63,3,16,0,0,63,38,0,0,0,
2018,RC2,C,RC2_C,RC2_C_2018,RC2_C_2018,3,3,3,3,3,0,0,16,.,63,16,16,0,0,38,63,0,0,0,
2018,RC2,N,RC2_N,RC2_N_2018,RC2_N_2018,5,4,3,5,4,0.957427108,38,3,.,16,16,63,0,16,38,38,2,0,86,
2018,RC2,N,RC2_N,RC2_N_2018,RC2_N_2018,4,3,3,4,4,0.577350269,63,16,.,16,38,16,0,3,86,16,0,0,38,
2018,RC2,N,RC2_N,RC2_N_2018,RC2_N_2018,6,5,7,5,6,0.957427108,16,1,.,16,16,63,0,16,86,16,0,0,38,
2018,RC2,N,RC2_N,RC2_N_2018,RC2_N_2018,7,5,6,6,6,0.816496581,16,16,.,38,38,16,0,16,86,16,1,0,38,
2018,RC2,N,RC2_N,RC2_N_2018,RC2_N_2018,7,7,6,6,7,0.577350269,16,0,.,16,63,16,0,16,86,3,0,0,38,
2018,RC2,N,RC2_N,RC2_N_2018,RC2_N_2018,9,5,5,4,6,2.217355783,3,0,.,63,3,16,0,3,0,98,1,0,98,
2018,RC2,N,RC2_N,RC2_N_2018,RC2_N_2018,5,5,4,5,5,0.5,0,3,.,38,38,16,0,16,16,86,0.5,0,38,
2018,RC2,N,RC2_N,RC2_N_2018,RC2_N_2018,4,3,4,5,4,0.816496581,0,3,.,38,16,63,0,0,38,38,0,0,0,
2018,RC2,N,RC2_N,RC2_N_2018,RC2_N_2018,7,3,6,5,5,1.707825128,38,3,.,16,63,16,16,0,38,38,3.5,0,16,
2018,RC2,N,RC2_N,RC2_N_2018,RC2_N_2018,4,4,4,6,5,1,16,3,.,16,63,38,0,0,38,38,1,0,0,
2018,RC2,N,RC2_N,RC2_N_2018,RC2_N_2018,4,5,6,5,5,0.816496581,63,3,.,16,38,3,0,0,16,63,0.5,0,0,
2018,RC2,N,RC2_N,RC2_N_2018,RC2_N_2018,6,5,5,6,6,0.577350269,63,3,.,38,38,38,0,38,16,86,1,0,86,
2018,RC2,N,RC2_N,RC2_N_2018,RC2_N_2018,6,4,5,5,5,0.816496581,38,16,.,16,3,38,0,0,3,86,2.5,0,0,
2018,RC2,N,RC2_N,RC2_N_2018,RC2_N_2018,4,3,4,3,4,0.577350269,16,3,.,16,63,16,0,0,3,86,1,0,0,
2018,RC2,N,RC2_N,RC2_N_2018,RC2_N_2018,5,4,4,4,4,0.5,86,3,.,3,16,16,0,16,16,86,0,0,98,
2018,RC2,N,RC2_N,RC2_N_2018,RC2_N_2018,5,3,3,4,4,0.957427108,63,3,.,16,16,16,0,16,86,16,0,0,86,
2018,RC2,N,RC2_N,RC2_N_2018,RC2_N_2018,4,3,2,3,3,0.816496581,63,3,.,16,38,16,0,3,38,38,0,1,16,
2018,RC2,N,RC2_N,RC2_N_2018,RC2_N_2018,4,5,4,5,5,0.577350269,86,3,.,16,16,16,0,16,38,63,0.5,0,63,
2018,RC2,N,RC2_N,RC2_N_2018,RC2_N_2018,5,5,6,5,5,0.5,38,16,.,16,38,1,0,16,3,86,0.5,0,63,
2018,RC2,N,RC2_N,RC2_N_2018,RC2_N_2018,4,5,4,5,5,0.577350269,86,3,.,3,16,3,0,16,3,98,2.5,0,63,
2018,RC2,N,RC2_N,RC2_N_2018,RC2_N_2018,4,5,4,4,4,0.5,86,3,.,3,38,3,0,16,86,16,0,0,63,
2018,RC2,N,RC2_N,RC2_N_2018,RC2_N_2018,2,2,3,2,2,0.5,63,3,.,16,16,63,0,16,38,38,0,0,86,
2018,RC2,N,RC2_N,RC2_N_2018,RC2_N_2018,4,4,4,4,4,0,63,3,.,16,16,38,0,16,63,16,0,0,98,
2018,RC2,N,RC2_N,RC2_N_2018,RC2_N_2018,5,5,7,5,6,1,16,3,.,16,63,38,0,16,16,86,0.5,0,16,
2018,RC2,N,RC2_N,RC2_N_2018,RC2_N_2018,6,4,4,3,4,1.258305739,3,1,.,63,16,3,0,3,16,63,1,0,38,
2018,RC2,N,RC2_N,RC2_N_2018,RC2_N_2018,7,5,5,6,6,0.957427108,16,1,.,38,16,86,0,16,86,3,0,0,63,
2018,RC2,N,RC2_N,RC2_N_2018,RC2_N_2018,3,3,5,6,4,1.5,86,3,.,16,3,38,0,3,38,38,5,0,98,
2018,RC2,N,RC2_N,RC2_N_2018,RC2_N_2018,6,6,7,5,6,0.816496581,63,3,.,16,38,16,0,16,38,38,0.5,0,86,
2018,RC2,N,RC2_N,RC2_N_2018,RC2_N_2018,7,6,7,7,7,0.5,63,3,.,16,38,16,0,16,86,16,0,0,86,
2018,RC2,N,RC2_N,RC2_N_2018,RC2_N_2018,7,7,7,8,7,0.5,0,3,.,63,38,16,0,0,38,38,2,0,0,
2018,RC2,S,RC2_S,RC2_S_2018,RC2_S_2018,3,5,2,4,4,1.290994449,0,3,.,63,0,0,0,0,0,98,6,0,0,
2018,RC2,S,RC2_S,RC2_S_2018,RC2_S_2018,3,3,3,3,3,0,0,16,.,63,1,0,0,0,3,98,4,0,0,
2018,RC2,S,RC2_S,RC2_S_2018,RC2_S_2018,5,5,3,5,5,1,0,3,.,63,0,3,0,0,3,98,1.5,0,0,
2018,RC2,S,RC2_S,RC2_S_2018,RC2_S_2018,3,3,3,1,3,1,0,16,.,86,0,0,0,0,3,98,5,0,0,
2018,RC2,S,RC2_S,RC2_S_2018,RC2_S_2018,3,3,2,2,3,0.577350269,0,38,.,38,0,0,0,0,3,86,2.5,0,0,
2018,RC2,S,RC2_S,RC2_S_2018,RC2_S_2018,3,3,3,3,3,0,0,16,.,63,3,0,0,0,3,98,3.5,0,0,
2018,RC2,S,RC2_S,RC2_S_2018,RC2_S_2018,4,3,2,2,3,0.957427108,0,16,.,63,3,0,16,0,16,86,1,0,0,
2018,RC2,S,RC2_S,RC2_S_2018,RC2_S_2018,3,5,5,4,4,0.957427108,0,16,.,63,0,16,0,0,0,98,1,0,0,
2018,RC2,S,RC2_S,RC2_S_2018,RC2_S_2018,4,3,9,4,5,2.708012802,0,38,.,63,16,38,0,0,3,86,1.5,0,0,
2018,RC2,S,RC2_S,RC2_S_2018,RC2_S_2018,4,4,5,4,4,0.5,0,3,.,38,0,63,0,0,3,98,3,0,0,
2018,RC2,S,RC2_S,RC2_S_2018,RC2_S_2018,5,4,4,4,4,0.5,0,16,.,38,16,38,0,16,3,98,1,0,98,
2018,RC2,S,RC2_S,RC2_S_2018,RC2_S_2018,3,3,3,2,3,0.5,0,3,.,16,16,63,0,0,3,86,2,0,0,
2018,RC2,S,RC2_S,RC2_S_2018,RC2_S_2018,7,7,7,5,7,1,0,0,.,16,86,3,0,0,38,38,1,0,0,
2018,RC2,S,RC2_S,RC2_S_2018,RC2_S_2018,7,7,8,7,7,0.5,0,0,.,16,86,0,0,0,38,63,3,0,0,
2018,RC2,S,RC2_S,RC2_S_2018,RC2_S_2018,9,7,4,6,7,2.081665999,0,16,.,38,38,63,0,0,3,98,4,0,0,
2018,RC2,S,RC2_S,RC2_S_2018,RC2_S_2018,5,5,5,3,5,1,0,0,.,16,86,16,0,0,38,38,0,1,0,
2018,RC2,S,RC2_S,RC2_S_2018,RC2_S_2018,3,3,3,3,3,0,0,16,.,38,0,38,0,0,16,63,1,0,0,
2018,RC2,S,RC2_S,RC2_S_2018,RC2_S_2018,3,3,3,5,4,1,0,3,.,63,0,16,0,0,3,98,1,0,0,
2018,RC2,S,RC2_S,RC2_S_2018,RC2_S_2018,3,3,3,3,3,0,0,63,.,16,0,38,0,0,1,98,3.5,0,0,
2018,RC2,S,RC2_S,RC2_S_2018,RC2_S_2018,3,2,2,2,2,0.5,0,0,.,63,16,0,0,0,0,98,2,0,0,
2018,RC2,S,RC2_S,RC2_S_2018,RC2_S_2018,3,3,3,4,3,0.5,0,16,.,16,38,16,0,0,38,86,2,0,0,
2018,RC2,S,RC2_S,RC2_S_2018,RC2_S_2018,7,6,7,3,6,1.892969449,0,3,.,63,3,0,0,0,38,63,1,0,0,
2018,RC2,S,RC2_S,RC2_S_2018,RC2_S_2018,3,3,3,5,4,1,0,3,.,86,3,0,0,0,3,98,2,0,0,
2018,RC2,S,RC2_S,RC2_S_2018,RC2_S_2018,3,3,3,3,3,0,0,16,.,63,3,38,0,0,3,98,3,0,0,
2018,RC2,S,RC2_S,RC2_S_2018,RC2_S_2018,3,3,3,4,3,0.5,0,16,.,86,0,0,0,0,16,86,3,0,0,
2018,RC2,S,RC2_S,RC2_S_2018,RC2_S_2018,3,3,3,9,5,3,0,16,.,63,0,38,0,0,3,98,4,0,0,
2018,RC2,S,RC2_S,RC2_S_2018,RC2_S_2018,5,3,3,7,5,1.914854216,0,16,.,86,0,16,0,0,3,98,3,0,0,
2018,RC2,S,RC2_S,RC2_S_2018,RC2_S_2018,3,4,9,12,7,4.242640687,0,3,.,86,3,16,0,0,16,86,3,0,0,
2018,RC2,S,RC2_S,RC2_S_2018,RC2_S_2018,7,5,5,10,7,2.362907813,0,3,.,63,63,3,0,0,16,86,4,0,0,
2018,RCH2014,C,RCH2014_C,RCH2014_C_2018,RCH2014_C_2018,1,2,2,2,2,0.5,16,0,.,3,86,3,0,63,86,3,0,0,63,
2018,RCH2014,C,RCH2014_C,RCH2014_C_2018,RCH2014_C_2018,3,2,3,3,3,0.5,3,0,.,16,63,3,0,16,98,3,0,0,16,
2018,RCH2014,C,RCH2014_C,RCH2014_C_2018,RCH2014_C_2018,4,4,2,4,4,1,16,3,.,16,38,3,0,38,98,1,0,0,63,
2018,RCH2014,C,RCH2014_C,RCH2014_C_2018,RCH2014_C_2018,2,3,3,2,3,0.577350269,16,16,.,16,16,3,16,16,98,1,0,0,86,
2018,RCH2014,C,RCH2014_C,RCH2014_C_2018,RCH2014_C_2018,2,2,5,4,3,1.5,3,38,.,16,16,1,0,16,63,16,0,0,98,
2018,RCH2014,C,RCH2014_C,RCH2014_C_2018,RCH2014_C_2018,5,4,6,8,6,1.707825128,3,0,.,38,86,3,0,38,98,3,0,1,38,
2018,RCH2014,C,RCH2014_C,RCH2014_C_2018,RCH2014_C_2018,7,8,4,5,6,1.825741858,3,0,.,86,63,0,0,38,98,3,0,0,63,
2018,RCH2014,C,RCH2014_C,RCH2014_C_2018,RCH2014_C_2018,5,5,3,5,5,1,3,0,.,38,86,1,0,16,86,3,0,0,16,
2018,RCH2014,C,RCH2014_C,RCH2014_C_2018,RCH2014_C_2018,1,1,0,1,1,0.5,16,16,.,16,3,16,0,0,98,1,0,0,0,
2018,RCH2014,C,RCH2014_C,RCH2014_C_2018,RCH2014_C_2018,0,1,0,1,1,0.577350269,0,16,.,16,16,38,0,0,98,1,0,0,0,
2018,RCH2014,C,RCH2014_C,RCH2014_C_2018,RCH2014_C_2018,4,3,2,3,3,0.816496581,0,38,.,16,38,16,1,16,86,16,0,0,38,
2018,RCH2014,C,RCH2014_C,RCH2014_C_2018,RCH2014_C_2018,4,5,4,3,4,0.816496581,0,38,.,3,63,3,0,16,86,3,0,0,38,
2018,RCH2014,C,RCH2014_C,RCH2014_C_2018,RCH2014_C_2018,3,3,3,4,3,0.5,0,3,.,3,86,0,0,38,98,1,0,0,38,
2018,RCH2014,E,RCH2014_E,RCH2014_E_2018,RCH2014_E_2018,6,4,6,4,5,1.154700538,0,0,.,0,86,0,16,16,16,63,0.5,0,16,
2018,RCH2014,E,RCH2014_E,RCH2014_E_2018,RCH2014_E_2018,4,6,4,3,4,1.258305739,0,0,.,3,86,0,38,86,38,38,0.5,0,86,
2018,RCH2014,E,RCH2014_E,RCH2014_E_2018,RCH2014_E_2018,6,8,7,5,7,1.290994449,0,3,.,16,63,0,63,0,16,86,1,0,0,
2018,RCH2014,E,RCH2014_E,RCH2014_E_2018,RCH2014_E_2018,11,6,10,7,9,2.380476143,3,0,.,16,86,0,16,38,63,16,0.5,0,38,
2018,RCH2014,E,RCH2014_E,RCH2014_E_2018,RCH2014_E_2018,4,6,6,6,6,1,0,0,.,16,63,38,0,3,98,1,0,0,3,
2018,RCH2014,E,RCH2014_E,RCH2014_E_2018,RCH2014_E_2018,6,9,6,4,6,2.061552813,3,0,.,16,63,16,38,0,38,38,0,0,0,
2018,RCH2014,E,RCH2014_E,RCH2014_E_2018,RCH2014_E_2018,5,4,6,6,5,0.957427108,3,0,.,16,63,3,0,16,16,63,0.5,0,16,
2018,RCH2014,E,RCH2014_E,RCH2014_E_2018,RCH2014_E_2018,7,6,6,6,6,0.5,3,0,.,16,63,0,0,38,3,86,1,1,63,
2018,RCH2014,E,RCH2014_E,RCH2014_E_2018,RCH2014_E_2018,0,0,0,0,0,0,0,0,.,16,63,0,38,38,16,86,0.5,0,38,
2018,RCH2014,E,RCH2014_E,RCH2014_E_2018,RCH2014_E_2018,6,6,6,6,6,0,0,0,.,16,86,0,16,38,3,86,0.5,0,38,
2018,RCH2014,E,RCH2014_E,RCH2014_E_2018,RCH2014_E_2018,5,3,5,4,4,0.957427108,16,0,.,3,63,3,0,16,63,16,0,0,38,
2018,RCH2014,E,RCH2014_E,RCH2014_E_2018,RCH2014_E_2018,6,7,4,6,6,1.258305739,3,0,.,16,38,3,3,3,3,86,2.5,0,16,
2018,RCH2014,E,RCH2014_E,RCH2014_E_2018,RCH2014_E_2018,4,2,3,3,3,0.816496581,3,0,.,16,63,0,0,16,38,38,0,1,38,
2018,RCH2014,E,RCH2014_E,RCH2014_E_2018,RCH2014_E_2018,5,4,2,7,5,2.081665999,0,3,.,0,16,0,3,3,98,1,0,0,16,
2018,RCH2014,E,RCH2014_E,RCH2014_E_2018,RCH2014_E_2018,6,6,6,6,6,0,3,0,.,16,38,0,3,0,63,16,0,0,0,
2018,RCH2014,E,RCH2014_E,RCH2014_E_2018,RCH2014_E_2018,6,4,7,6,6,1.258305739,3,0,.,16,38,0,0,16,63,16,0,0,38,
2018,RCH2014,E,RCH2014_E,RCH2014_E_2018,RCH2014_E_2018,6,6,6,6,6,0,3,0,.,16,63,0,3,0,16,63,0,0,0,
2018,RCH2014,E,RCH2014_E,RCH2014_E_2018,RCH2014_E_2018,6,7,6,4,6,1.258305739,1,16,.,16,38,16,0,16,16,63,0.5,0,38,
2018,RCH2014,E,RCH2014_E,RCH2014_E_2018,RCH2014_E_2018,3,6,6,3,5,1.732050808,0,38,.,3,3,16,16,0,16,63,0,1,0,
2018,RCH2014,E,RCH2014_E,RCH2014_E_2018,RCH2014_E_2018,7,5,8,5,6,1.5,3,3,.,16,63,3,0,16,38,38,0,0,38,
2018,RCH2014,E,RCH2014_E,RCH2014_E_2018,RCH2014_E_2018,4,4,12,5,6,3.862210075,0,0,.,16,63,0,0,38,16,86,0.5,0,38,
2018,RCH2014,E,RCH2014_E,RCH2014_E_2018,RCH2014_E_2018,6,6,6,6,6,0,16,3,.,16,63,16,0,16,38,38,0,0,16,
2018,RCH2014,E,RCH2014_E,RCH2014_E_2018,RCH2014_E_2018,6,7,7,4,6,1.414213562,1,0,.,3,16,16,0,3,86,3,0,0,3,
2018,RCH2014,E,RCH2014_E,RCH2014_E_2018,RCH2014_E_2018,6,6,4,5,5,0.957427108,3,0,.,16,63,3,0,38,63,16,0,0,63,
2018,RCH2014,E,RCH2014_E,RCH2014_E_2018,RCH2014_E_2018,6,6,5,8,6,1.258305739,0,3,.,16,63,3,0,3,16,63,0.5,0,3,
2018,RCH2014,E,RCH2014_E,RCH2014_E_2018,RCH2014_E_2018,4,8,4,3,5,2.217355783,1,16,.,0,16,0,0,16,38,38,0.5,0,98,
2018,RCH2014,E,RCH2014_E,RCH2014_E_2018,RCH2014_E_2018,4,4,3,2,3,0.957427108,0,0,.,16,38,0,0,3,16,63,0.5,0,3,
2018,RCH2014,E,RCH2014_E,RCH2014_E_2018,RCH2014_E_2018,3,7,5,9,6,2.581988897,0,0,.,3,86,0,3,0,16,63,0,0,0,
2018,RCH2014,E,RCH2014_E,RCH2014_E_2018,RCH2014_E_2018,8,8,8,7,8,0.5,1,0,.,16,98,0,0,16,63,16,0,0,16,
2018,RCH2014,E,RCH2014_E,RCH2014_E_2018,RCH2014_E_2018,6,6,6,6,6,0,0,3,.,16,63,0,38,16,16,63,0.5,0,38,
2018,RCH2014,W,RCH2014_W,RCH2014_W_2018,RCH2014_W_2018,6,8,1,5,5,2.943920289,3,63,.,16,16,0,0,16,3,86,0.5,0,98,
2018,RCH2014,W,RCH2014_W,RCH2014_W_2018,RCH2014_W_2018,2,3,2,1,2,0.816496581,3,16,.,16,16,16,0,0,63,38,0.5,0,0,
2018,RCH2014,W,RCH2014_W,RCH2014_W_2018,RCH2014_W_2018,9,10,4,3,7,3.511884584,3,38,.,16,16,3,0,0,16,38,1,0,0,
2018,RCH2014,W,RCH2014_W,RCH2014_W_2018,RCH2014_W_2018,7,5,4,6,6,1.290994449,16,38,.,16,16,3,0,0,16,38,1.5,0,0,
2018,RCH2014,W,RCH2014_W,RCH2014_W_2018,RCH2014_W_2018,6,6,7,5,6,0.816496581,16,16,.,16,38,16,0,16,16,16,1,0,63,
2018,RCH2014,W,RCH2014_W,RCH2014_W_2018,RCH2014_W_2018,10,8,10,8,9,1.154700538,3,16,.,16,38,16,0,0,16,38,1.5,0,0,
2018,RCH2014,W,RCH2014_W,RCH2014_W_2018,RCH2014_W_2018,9,4,7,7,7,2.061552813,16,38,.,16,63,16,0,0,16,38,1.5,0,0,
2018,RCH2014,W,RCH2014_W,RCH2014_W_2018,RCH2014_W_2018,7,5,4,7,6,1.5,3,16,.,16,63,16,0,0,16,38,1,0,0,
2018,RCH2014,W,RCH2014_W,RCH2014_W_2018,RCH2014_W_2018,8,8,7,5,7,1.414213562,16,16,.,16,63,16,0,38,3,38,1.5,0,38,
2018,RCH2014,W,RCH2014_W,RCH2014_W_2018,RCH2014_W_2018,7,7,4,4,6,1.732050808,16,16,.,16,16,38,0,0,3,38,2,0,0,
2018,RCH2014,W,RCH2014_W,RCH2014_W_2018,RCH2014_W_2018,7,5,7,4,6,1.5,16,16,.,3,38,16,0,0,16,38,1.5,0,0,
2018,RCH2014,W,RCH2014_W,RCH2014_W_2018,RCH2014_W_2018,4,6,6,4,5,1.154700538,16,16,.,16,16,16,3,3,16,16,1,0,16,
2018,RCH2014,W,RCH2014_W,RCH2014_W_2018,RCH2014_W_2018,6,4,3,3,4,1.414213562,16,16,.,16,16,3,0,3,38,16,0.5,1,16,
2018,RCH2014,W,RCH2014_W,RCH2014_W_2018,RCH2014_W_2018,4,7,8,5,6,1.825741858,38,16,.,16,16,3,0,0,3,38,1.5,0,0,
2018,RCH2014,W,RCH2014_W,RCH2014_W_2018,RCH2014_W_2018,6,7,8,4,6,1.707825128,16,3,.,16,38,3,0,0,38,38,1,1,0,
2018,RCH2014,W,RCH2014_W,RCH2014_W_2018,RCH2014_W_2018,4,4,2,2,3,1.154700538,16,16,.,16,16,16,0,0,0,98,7.5,0,0,
2018,RCH2014,W,RCH2014_W,RCH2014_W_2018,RCH2014_W_2018,6,8,7,6,7,0.957427108,3,16,.,63,16,3,0,16,0,98,5.5,0,38,
2018,RCH2014,W,RCH2014_W,RCH2014_W_2018,RCH2014_W_2018,3,3,4,3,3,0.5,0,63,.,16,3,16,0,0,38,63,3,0,0,
2018,RCH2014,W,RCH2014_W,RCH2014_W_2018,RCH2014_W_2018,5,7,2,1,4,2.753785274,0,16,.,16,38,16,0,16,16,86,1,0,38,
2018,RCH2014,W,RCH2014_W,RCH2014_W_2018,RCH2014_W_2018,1,0,2,2,1,0.957427108,0,16,.,38,16,16,0,3,63,38,0,1,38,
2018,RCH2014,W,RCH2014_W,RCH2014_W_2018,RCH2014_W_2018,5,5,3,2,4,1.5,1,16,.,16,38,16,0,0,16,86,0.5,0,0,
2018,RCH2014,W,RCH2014_W,RCH2014_W_2018,RCH2014_W_2018,2,1,3,2,2,0.816496581,0,63,.,16,16,16,0,0,38,63,0,0,0,
2018,RCH2014,W,RCH2014_W,RCH2014_W_2018,RCH2014_W_2018,3,5,1,1,3,1.914854216,3,16,.,3,16,38,0,0,38,38,1.5,1,0,
2018,RCH2014,W,RCH2014_W,RCH2014_W_2018,RCH2014_W_2018,5,6,5,2,5,1.732050808,38,0,.,16,38,0,0,0,16,86,3.5,0,0,
2018,RCH2014,W,RCH2014_W,RCH2014_W_2018,RCH2014_W_2018,6,6,3,4,5,1.5,16,16,.,16,63,0,0,0,3,98,1.5,0,0,
2018,RCH2014,W,RCH2014_W,RCH2014_W_2018,RCH2014_W_2018,3,5,5,4,4,0.957427108,38,16,.,16,38,3,0,0,3,98,2,0,0,
2018,RCH2014,W,RCH2014_W,RCH2014_W_2018,RCH2014_W_2018,3,5,5,3,4,1.154700538,16,16,.,16,38,3,0,16,3,98,1,0,38,
2018,RCH2014,W,RCH2014_W,RCH2014_W_2018,RCH2014_W_2018,5,4,3,6,5,1.290994449,63,0,.,16,63,3,0,3,38,38,3,1,16,
2018,RCH2014,W,RCH2014_W,RCH2014_W_2018,RCH2014_W_2018,6,2,2,0,3,2.516611478,16,3,.,3,16,38,0,0,38,38,0,1,0,
2018,RCH2014,W,RCH2014_W,RCH2014_W_2018,RCH2014_W_2018,8,2,1,3,4,3.109126351,0,38,.,16,38,3,16,16,16,86,1.5,0,38,
2018,RIN,E,RIN_E,RIN_E_2018,RIN_E_2018,4,5,5,3,4,0.957427108,38,0,.,0,16,16,3,0,63,3,0,0,0,
2018,RIN,E,RIN_E,RIN_E_2018,RIN_E_2018,3,3,3,3,3,0,16,0,.,0,16,38,0,16,98,1,0,0,98,
2018,RIN,E,RIN_E,RIN_E_2018,RIN_E_2018,6,5,4,5,5,0.816496581,63,0,.,16,16,3,0,16,3,86,7,1,86,
2018,RIN,E,RIN_E,RIN_E_2018,RIN_E_2018,6,5,5,5,5,0.5,38,0,.,16,0,3,0,0,3,86,4,0,0,
2018,RIN,E,RIN_E,RIN_E_2018,RIN_E_2018,4,3,4,6,4,1.258305739,16,0,.,16,16,38,0,0,38,63,3,0,0,
2018,RIN,E,RIN_E,RIN_E_2018,RIN_E_2018,7,7,6,5,6,0.957427108,38,0,.,3,3,0,0,3,16,63,5,0,98,
2018,RIN,E,RIN_E,RIN_E_2018,RIN_E_2018,3,10,3,3,5,3.5,38,0,.,16,16,0,16,16,16,86,4,0,86,
2018,RIN,E,RIN_E,RIN_E_2018,RIN_E_2018,3,2,2,4,3,0.957427108,3,0,.,0,16,16,16,0,98,3,0,0,0,
2018,RIN,E,RIN_E,RIN_E_2018,RIN_E_2018,7,3,4,5,5,1.707825128,38,0,.,0,16,0,0,16,38,63,1,0,98,
2018,RIN,E,RIN_E,RIN_E_2018,RIN_E_2018,5,5,5,5,5,0,86,0,.,0,3,0,0,3,3,86,4.5,0,86,
2018,RIN,E,RIN_E,RIN_E_2018,RIN_E_2018,7,6,6,9,7,1.414213562,63,0,.,0,16,16,0,0,3,86,8,0,0,
2018,RIN,E,RIN_E,RIN_E_2018,RIN_E_2018,5,5,5,4,5,0.5,63,0,.,3,16,0,0,3,3,86,6,0,16,
2018,RIN,E,RIN_E,RIN_E_2018,RIN_E_2018,3,4,3,4,4,0.577350269,63,0,.,16,0,16,16,0,16,63,4,0,0,
2018,RIN,E,RIN_E,RIN_E_2018,RIN_E_2018,1,0,0,0,0,0.5,16,0,.,0,3,0,3,3,86,16,0.5,0,63,
2018,RIN,E,RIN_E,RIN_E_2018,RIN_E_2018,5,6,5,5,5,0.5,63,0,.,0,16,0,3,3,3,86,6,0,16,
2018,RIN,E,RIN_E,RIN_E_2018,RIN_E_2018,6,6,5,5,6,0.577350269,86,0,.,0,38,0,0,16,16,63,6,1,38,
2018,RIN,E,RIN_E,RIN_E_2018,RIN_E_2018,5,5,4,7,5,1.258305739,38,0,.,16,16,0,0,0,3,86,3.5,1,0,
2018,RIN,S,RIN_S,RIN_S_2018,RIN_S_2018,3,4,5,4,4,0.816496581,38,0,.,16,16,0,0,3,16,86,7,0,3,
2018,RIN,S,RIN_S,RIN_S_2018,RIN_S_2018,11,5,6,5,7,2.872281323,63,0,.,16,16,0,0,3,1,98,8,0,3,
2018,RIN,S,RIN_S,RIN_S_2018,RIN_S_2018,6,5,5,5,5,0.5,16,0,.,38,16,0,0,16,1,98,10,0,86,
2018,RIN,S,RIN_S,RIN_S_2018,RIN_S_2018,5,5,3,5,5,1,38,0,.,16,3,0,0,0,1,98,8,1,0,
2018,RIN,S,RIN_S,RIN_S_2018,RIN_S_2018,5,5,7,5,6,1,86,0,.,3,0,0,0,0,1,98,7,0,0,
2018,RIN,S,RIN_S,RIN_S_2018,RIN_S_2018,5,6,8,9,7,1.825741858,63,0,.,1,16,0,0,0,1,98,7,0,0,
2018,RIN,S,RIN_S,RIN_S_2018,RIN_S_2018,11,8,6,6,8,2.362907813,63,0,.,16,0,16,0,0,1,98,9,1,0,
2018,RIN,S,RIN_S,RIN_S_2018,RIN_S_2018,6,7,4,9,7,2.081665999,98,0,.,0,3,0,0,0,16,86,4,0,0,
2018,RIN,S,RIN_S,RIN_S_2018,RIN_S_2018,5,9,8,6,7,1.825741858,38,0,.,16,16,0,0,0,3,98,5,1,0,
2018,RIN,S,RIN_S,RIN_S_2018,RIN_S_2018,8,6,5,7,7,1.290994449,63,0,.,16,16,3,0,0,16,86,8,1,0,
2018,RIN,S,RIN_S,RIN_S_2018,RIN_S_2018,4,7,6,5,6,1.290994449,63,0,.,16,3,3,0,3,16,86,12,1,98,
2018,RIN,S,RIN_S,RIN_S_2018,RIN_S_2018,5,5,4,5,5,0.5,86,0,.,16,0,0,0,0,16,86,10,1,0,
2018,RIN,S,RIN_S,RIN_S_2018,RIN_S_2018,4,4,6,6,5,1.154700538,16,0,.,38,0,0,0,0,3,98,14,0,0,
2018,RIN,S,RIN_S,RIN_S_2018,RIN_S_2018,6,6,6,7,6,0.5,38,0,.,38,16,0,0,16,3,98,12,0,98,
2018,RIN,S,RIN_S,RIN_S_2018,RIN_S_2018,6,6,5,5,6,0.577350269,16,0,.,16,16,0,0,3,3,98,6,0,16,
2018,RIN,S,RIN_S,RIN_S_2018,RIN_S_2018,6,8,4,8,7,1.914854216,16,0,.,16,38,0,0,16,16,86,0.5,1,38,
2018,RIN,S,RIN_S,RIN_S_2018,RIN_S_2018,7,5,6,7,6,0.957427108,16,0,.,16,38,0,0,16,1,98,4,0,38,
2018,RIN,S,RIN_S,RIN_S_2018,RIN_S_2018,4,5,6,5,5,0.816496581,16,0,.,0,38,0,16,0,16,86,1,0,0,
2018,RIN,S,RIN_S,RIN_S_2018,RIN_S_2018,4,3,4,5,4,0.816496581,16,0,.,16,38,0,16,0,16,86,5,0,0,
2018,RIN,S,RIN_S,RIN_S_2018,RIN_S_2018,5,3,5,4,4,0.957427108,38,0,.,16,16,0,0,16,3,98,3,0,63,
2018,RIN,S,RIN_S,RIN_S_2018,RIN_S_2018,5,4,5,6,5,0.816496581,38,0,.,16,16,0,0,16,16,86,3,0,98,
2018,RIN,S,RIN_S,RIN_S_2018,RIN_S_2018,5,6,5,6,6,0.577350269,38,0,.,16,38,0,0,16,16,86,3,0,38,
2018,RIN,S,RIN_S,RIN_S_2018,RIN_S_2018,8,5,5,5,6,1.5,16,0,.,16,16,0,0,16,16,86,4,1,63,
2018,RIN,S,RIN_S,RIN_S_2018,RIN_S_2018,8,6,6,8,7,1.154700538,63,0,.,16,16,0,0,0,16,86,9,0,0,
2018,RIN,S,RIN_S,RIN_S_2018,RIN_S_2018,5,5,6,4,5,0.816496581,38,0,.,16,38,0,16,38,16,86,10,1,63,
2018,RIN,S,RIN_S,RIN_S_2018,RIN_S_2018,5,6,7,7,6,0.957427108,16,0,.,38,16,0,0,3,16,86,11,1,16,
2018,RIN,S,RIN_S,RIN_S_2018,RIN_S_2018,4,4,4,7,5,1.5,16,0,.,16,16,0,0,0,38,63,0.5,1,0,
2018,RIN,S,RIN_S,RIN_S_2018,RIN_S_2018,4,4,5,6,5,0.957427108,63,0,.,3,3,0,0,0,1,98,6,1,0,
2018,RIN,S,RIN_S,RIN_S_2018,RIN_S_2018,5,5,4,5,5,0.5,38,0,.,16,16,0,16,0,16,86,6,1,0,
2018,RIN,S,RIN_S,RIN_S_2018,RIN_S_2018,5,5,6,6,6,0.577350269,63,0,.,16,16,0,3,0,1,98,12,0,0,
2018,RIN,W,RIN_W,RIN_W_2018,RIN_W_2018,4,4,3,5,4,0.816496581,63,0,.,0,16,3,0,0,16,86,2,0,0,
2018,RIN,W,RIN_W,RIN_W_2018,RIN_W_2018,4,4,6,4,5,1,38,0,.,16,16,0,16,0,16,86,4,0,0,
2018,RIN,W,RIN_W,RIN_W_2018,RIN_W_2018,5,3,2,3,3,1.258305739,16,0,.,0,38,0,0,16,86,16,0,1,38,
2018,RIN,W,RIN_W,RIN_W_2018,RIN_W_2018,0,2,3,1,2,1.290994449,16,0,.,16,16,3,0,16,16,86,1,0,98,
2018,RIN,W,RIN_W,RIN_W_2018,RIN_W_2018,6,4,4,6,5,1.154700538,63,0,.,0,0,0,0,0,1,98,4,0,0,
2018,RIN,W,RIN_W,RIN_W_2018,RIN_W_2018,7,8,5,7,7,1.258305739,63,0,.,0,16,16,0,0,16,86,1,0,0,
2018,RIN,W,RIN_W,RIN_W_2018,RIN_W_2018,6,4,5,6,5,0.957427108,63,0,.,0,16,16,0,0,1,98,7.5,0,0,
2018,RIN,W,RIN_W,RIN_W_2018,RIN_W_2018,5,5,5,5,5,0,63,0,.,16,1,16,0,0,1,98,4,1,0,
2018,RIN,W,RIN_W,RIN_W_2018,RIN_W_2018,6,8,8,7,7,0.957427108,38,0,.,3,16,3,0,0,3,98,7,0,0,
2018,RIN,W,RIN_W,RIN_W_2018,RIN_W_2018,5,5,6,5,5,0.5,63,0,.,3,16,3,0,16,16,86,5,0,63,
2018,RIN,W,RIN_W,RIN_W_2018,RIN_W_2018,5,5,5,6,5,0.5,63,0,.,0,16,3,16,0,16,86,7,0,0,
2018,RIN,W,RIN_W,RIN_W_2018,RIN_W_2018,4,4,3,5,4,0.816496581,38,0,.,3,16,0,16,16,16,86,6,0,86,
2018,RIN,W,RIN_W,RIN_W_2018,RIN_W_2018,2,0,0,0,1,1,16,0,.,0,16,16,0,0,86,16,0,0,0,
2018,RIN,W,RIN_W,RIN_W_2018,RIN_W_2018,2,1,2,2,2,0.5,16,0,.,16,16,0,0,0,63,16,0,1,0,
2018,RIN,W,RIN_W,RIN_W_2018,RIN_W_2018,5,3,4,5,4,0.957427108,63,0,.,3,16,3,0,16,3,98,3.5,0,98,
2018,RIN,W,RIN_W,RIN_W_2018,RIN_W_2018,4,4,4,5,4,0.5,16,0,.,16,16,38,0,16,16,86,1,0,86,
2018,RIN,W,RIN_W,RIN_W_2018,RIN_W_2018,3,6,5,5,5,1.258305739,63,0,.,16,0,16,0,0,3,98,8,1,0,
2018,RIN,W,RIN_W,RIN_W_2018,RIN_W_2018,12,10,10,10,11,1,3,0,.,38,63,16,0,0,3,98,3,1,0,
2018,RIN,W,RIN_W,RIN_W_2018,RIN_W_2018,11,8,11,10,10,1.414213562,86,0,.,0,16,16,0,0,1,98,20,0,0,
2018,RIN,W,RIN_W,RIN_W_2018,RIN_W_2018,11,13,11,8,11,2.061552813,0,0,.,16,38,38,0,0,63,38,12,0,0,
2018,RIN,W,RIN_W,RIN_W_2018,RIN_W_2018,12,14,8,9,11,2.753785274,3,0,.,3,63,16,38,0,63,38,7,0,0,
2018,RIN,W,RIN_W,RIN_W_2018,RIN_W_2018,14,11,10,12,12,1.707825128,63,0,.,3,86,0,0,0,16,86,6,0,0,
2018,RIN,W,RIN_W,RIN_W_2018,RIN_W_2018,15,20,15,8,15,4.932882862,0,0,.,3,98,0,16,16,16,63,4,0,16,
2018,RIN,W,RIN_W,RIN_W_2018,RIN_W_2018,20,14,13,14,15,3.201562119,0,0,.,16,98,0,16,0,16,86,6,0,0,
2018,RIN,W,RIN_W,RIN_W_2018,RIN_W_2018,8,8,7,5,7,1.414213562,0,0,.,38,63,16,16,16,3,98,7,0,16,
2018,RIN,W,RIN_W,RIN_W_2018,RIN_W_2018,13,6,9,13,10,3.403429643,0,0,.,16,16,0,38,0,16,86,4,0,0,
2018,RIN,W,RIN_W,RIN_W_2018,RIN_W_2018,8,6,5,5,6,1.414213562,16,0,.,0,16,38,16,0,16,86,8,0,0,
2018,RIN,W,RIN_W,RIN_W_2018,RIN_W_2018,4,8,5,5,6,1.732050808,63,0,.,0,16,0,0,16,1,98,12,0,86,
2018,RIN,W,RIN_W,RIN_W_2018,RIN_W_2018,6,5,3,4,5,1.290994449,16,0,.,16,38,0,3,16,38,63,3,1,38,
2018,RIN,W,RIN_W,RIN_W_2018,RIN_W_2018,6,6,4,4,5,1.154700538,63,0,.,16,16,0,0,16,1,98,12,1,86,
2018,RIS,C,RIS_C,RIS_C_2018,RIS_C_2018,1,2,1,2,2,0.577350269,16,16,.,16,3,16,16,3,38,63,0.5,1,86,
2018,RIS,C,RIS_C,RIS_C_2018,RIS_C_2018,2,2,2,2,2,0,16,16,.,38,16,63,0,16,16,86,0.5,1,86,
2018,RIS,C,RIS_C,RIS_C_2018,RIS_C_2018,1,8,7,5,5,3.095695937,0,63,.,0,16,63,1,0,16,86,0.5,0,0,
2018,RIS,C,RIS_C,RIS_C_2018,RIS_C_2018,5,8,7,5,6,1.5,1,16,.,38,63,38,3,38,1,98,0.5,0,38,
2018,RIS,C,RIS_C,RIS_C_2018,RIS_C_2018,6,5,4,3,5,1.290994449,1,16,.,38,63,38,1,63,3,98,0.5,1,86,
2018,RIS,C,RIS_C,RIS_C_2018,RIS_C_2018,1,2,8,4,4,3.095695937,38,16,.,3,16,63,3,0,3,98,1,0,0,
2018,RIS,C,RIS_C,RIS_C_2018,RIS_C_2018,3,5,1,4,3,1.707825128,3,63,.,3,38,38,1,3,1,98,0.5,0,3,
2018,RIS,C,RIS_C,RIS_C_2018,RIS_C_2018,3,2,1,2,2,0.816496581,16,16,.,16,3,38,3,3,1,98,0.5,0,98,
2018,RIS,C,RIS_C,RIS_C_2018,RIS_C_2018,1,1,1,1,1,0,16,16,.,16,16,63,0,0,16,86,0,1,0,
2018,RIS,C,RIS_C,RIS_C_2018,RIS_C_2018,2,5,2,4,3,1.5,16,16,.,16,63,38,3,16,1,98,1,1,38,
2018,RIS,C,RIS_C,RIS_C_2018,RIS_C_2018,1,2,2,1,2,0.577350269,16,3,.,16,16,38,0,16,3,98,0.5,1,16,
2018,RIS,C,RIS_C,RIS_C_2018,RIS_C_2018,13,8,15,8,11,3.559026084,0,16,.,38,63,63,0,3,16,86,3,0,16,
2018,RIS,C,RIS_C,RIS_C_2018,RIS_C_2018,1,1,2,1,1,0.5,16,16,.,16,16,63,0,0,1,98,1,0,0,
2018,RIS,C,RIS_C,RIS_C_2018,RIS_C_2018,2,0,0,1,1,0.957427108,3,16,.,16,16,63,1,3,3,98,0.5,0,3,
2018,RIS,C,RIS_C,RIS_C_2018,RIS_C_2018,6,10,10,2,7,3.829708431,3,16,.,16,63,38,0,16,1,98,0.5,0,38,
2018,RIS,C,RIS_C,RIS_C_2018,RIS_C_2018,3,2,2,3,3,0.577350269,16,16,.,16,16,63,0,3,38,16,0,0,3,
2018,RIS,C,RIS_C,RIS_C_2018,RIS_C_2018,3,4,2,3,3,0.816496581,16,16,.,16,38,63,0,3,38,16,1,0,3,
2018,RIS,C,RIS_C,RIS_C_2018,RIS_C_2018,2,3,5,2,3,1.414213562,16,16,.,16,38,38,0,3,38,16,2,0,16,
2018,RIS,C,RIS_C,RIS_C_2018,RIS_C_2018,2,2,2,2,2,0,3,38,.,16,38,63,0,16,16,16,1,1,63,
2018,RIS,C,RIS_C,RIS_C_2018,RIS_C_2018,6,3,4,7,5,1.825741858,16,16,.,16,38,16,0,38,16,16,0,0,86,
2018,RIS,C,RIS_C,RIS_C_2018,RIS_C_2018,3,1,1,9,4,3.785938897,3,16,.,16,16,38,0,16,63,16,0,0,98,
2018,RIS,C,RIS_C,RIS_C_2018,RIS_C_2018,2,4,5,2,3,1.5,3,16,.,16,38,38,0,3,38,16,0,1,3,
2018,RIS,C,RIS_C,RIS_C_2018,RIS_C_2018,2,1,1,1,1,0.5,3,16,.,16,3,63,3,0,38,16,0,1,0,
2018,RIS,C,RIS_C,RIS_C_2018,RIS_C_2018,6,5,4,5,5,0.816496581,16,16,.,16,63,38,0,3,38,16,0,0,16,
2018,RIS,C,RIS_C,RIS_C_2018,RIS_C_2018,1,1,1,11,4,5,3,16,.,16,3,38,0,0,38,16,0,0,0,
2018,RIS,C,RIS_C,RIS_C_2018,RIS_C_2018,2,2,3,2,2,0.5,3,16,.,16,38,16,0,0,16,16,1,0,0,
2018,RIS,C,RIS_C,RIS_C_2018,RIS_C_2018,1,2,2,3,2,0.816496581,16,16,.,16,0,38,0,0,16,38,2,0,0,
2018,RIS,C,RIS_C,RIS_C_2018,RIS_C_2018,3,2,2,3,3,0.577350269,3,16,.,16,16,63,0,3,16,16,1,0,16,
2018,RIS,C,RIS_C,RIS_C_2018,RIS_C_2018,4,8,5,3,5,2.160246899,3,16,.,16,38,63,3,3,16,38,1,1,16,
2018,RIS,C,RIS_C,RIS_C_2018,RIS_C_2018,4,5,2,5,4,1.414213562,3,16,.,16,16,38,16,16,38,16,0,0,98,
2018,RIS,N,RIS_N,RIS_N_2018,RIS_N_2018,3,5,5,7,5,1.632993162,3,16,.,16,16,63,0,0,16,63,3,0,0,
2018,RIS,N,RIS_N,RIS_N_2018,RIS_N_2018,7,8,6,7,7,0.816496581,3,38,.,16,16,38,16,3,16,63,2,0,63,
2018,RIS,N,RIS_N,RIS_N_2018,RIS_N_2018,2,3,4,4,3,0.957427108,3,16,.,38,38,38,3,16,16,38,2,1,16,
2018,RIS,N,RIS_N,RIS_N_2018,RIS_N_2018,4,5,12,7,7,3.559026084,3,16,.,16,16,38,63,3,3,63,1,0,3,
2018,RIS,N,RIS_N,RIS_N_2018,RIS_N_2018,5,3,3,4,4,0.957427108,16,38,.,16,16,38,3,3,38,38,2,1,3,
2018,RIS,N,RIS_N,RIS_N_2018,RIS_N_2018,2,2,2,2,2,0,38,16,.,16,16,63,0,3,63,16,0,1,3,
2018,RIS,N,RIS_N,RIS_N_2018,RIS_N_2018,2,2,3,3,3,0.577350269,16,16,.,16,38,38,0,3,38,16,0,1,3,
2018,RIS,N,RIS_N,RIS_N_2018,RIS_N_2018,3,2,3,2,3,0.577350269,16,16,.,16,16,38,0,3,38,38,0,1,3,
2018,RIS,N,RIS_N,RIS_N_2018,RIS_N_2018,3,4,2,2,3,0.957427108,16,16,.,16,38,63,0,0,38,16,1,1,0,
2018,RIS,N,RIS_N,RIS_N_2018,RIS_N_2018,4,2,3,2,3,0.957427108,16,16,.,16,63,38,0,0,16,16,0,1,0,
2018,RIS,N,RIS_N,RIS_N_2018,RIS_N_2018,3,4,3,2,3,0.816496581,3,38,.,16,38,63,3,3,38,16,1,1,3,
2018,RIS,N,RIS_N,RIS_N_2018,RIS_N_2018,3,3,3,5,4,1,16,16,.,16,16,38,38,0,38,38,0,1,0,
2018,RIS,N,RIS_N,RIS_N_2018,RIS_N_2018,3,4,2,2,3,0.957427108,3,38,.,16,16,38,3,3,38,16,1,1,3,
2018,RIS,N,RIS_N,RIS_N_2018,RIS_N_2018,8,5,10,9,8,2.160246899,1,16,.,16,16,16,86,3,63,16,1,0,3,
2018,RIS,N,RIS_N,RIS_N_2018,RIS_N_2018,5,3,4,4,4,0.816496581,16,38,.,16,3,16,16,0,16,16,2,1,0,
2018,RIS,N,RIS_N,RIS_N_2018,RIS_N_2018,5,5,5,4,5,0.5,16,16,.,16,16,63,0,3,16,38,1,0,3,
2018,RIS,N,RIS_N,RIS_N_2018,RIS_N_2018,4,6,6,7,6,1.258305739,3,38,.,16,38,63,0,3,3,16,2,0,3,
2018,RIS,N,RIS_N,RIS_N_2018,RIS_N_2018,3,5,5,5,5,1,3,16,.,16,38,63,0,0,38,16,1,1,0,
2018,RIS,N,RIS_N,RIS_N_2018,RIS_N_2018,3,2,3,4,3,0.816496581,16,16,.,16,16,63,0,0,16,16,1,0,0,
2018,RIS,N,RIS_N,RIS_N_2018,RIS_N_2018,2,2,2,2,2,0,16,16,.,16,3,38,0,0,63,16,1,0,0,
2018,RIS,N,RIS_N,RIS_N_2018,RIS_N_2018,4,4,3,3,4,0.577350269,16,16,.,16,16,63,0,0,38,16,1,1,0,
2018,RIS,N,RIS_N,RIS_N_2018,RIS_N_2018,3,3,4,4,4,0.577350269,3,16,.,16,16,38,0,0,38,16,1,0,0,
2018,RIS,N,RIS_N,RIS_N_2018,RIS_N_2018,2,3,2,3,3,0.577350269,3,16,.,16,16,38,0,0,16,38,2,0,0,
2018,RIS,N,RIS_N,RIS_N_2018,RIS_N_2018,3,2,2,3,3,0.577350269,16,16,.,16,16,63,0,0,16,38,1,1,0,
2018,RIS,N,RIS_N,RIS_N_2018,RIS_N_2018,4,4,4,4,4,0,3,38,.,16,3,63,16,0,38,16,1,0,0,
2018,RIS,N,RIS_N,RIS_N_2018,RIS_N_2018,2,3,2,3,3,0.577350269,16,38,.,16,38,38,0,0,38,16,1,0,0,
2018,RIS,N,RIS_N,RIS_N_2018,RIS_N_2018,2,2,3,2,2,0.5,16,16,.,16,16,38,0,0,38,16,0,0,0,
2018,RIS,N,RIS_N,RIS_N_2018,RIS_N_2018,3,4,6,3,4,1.414213562,16,38,.,16,38,63,0,0,16,16,1,1,0,
2018,RIS,N,RIS_N,RIS_N_2018,RIS_N_2018,3,7,4,2,4,2.160246899,16,38,.,16,16,38,3,3,16,16,1,0,3,
2018,RIS,N,RIS_N,RIS_N_2018,RIS_N_2018,4,3,6,4,4,1.258305739,16,16,.,16,63,16,0,3,3,38,3,1,16,
2018,RIS,S,RIS_S,RIS_S_2018,RIS_S_2018,7,5,6,4,6,1.290994449,16,16,.,16,38,16,0,16,16,38,2,0,63,
2018,RIS,S,RIS_S,RIS_S_2018,RIS_S_2018,3,5,6,8,6,2.081665999,3,38,.,16,63,38,3,38,16,38,1,0,16,
2018,RIS,S,RIS_S,RIS_S_2018,RIS_S_2018,2,2,1,2,2,0.5,3,16,.,16,63,38,0,3,38,16,1,0,1,
2018,RIS,S,RIS_S,RIS_S_2018,RIS_S_2018,1,2,2,3,2,0.816496581,16,16,.,16,38,16,0,3,16,38,1,0,3,
2018,RIS,S,RIS_S,RIS_S_2018,RIS_S_2018,2,3,5,4,4,1.290994449,16,16,.,38,86,63,0,16,16,63,3,0,38,
2018,RIS,S,RIS_S,RIS_S_2018,RIS_S_2018,2,4,3,2,3,0.957427108,16,16,.,16,63,38,3,0,16,63,2,1,3,
2018,RIS,S,RIS_S,RIS_S_2018,RIS_S_2018,3,4,4,4,4,0.5,16,3,.,16,38,86,0,3,63,16,0,1,16,
2018,RIS,S,RIS_S,RIS_S_2018,RIS_S_2018,2,4,3,3,3,0.816496581,16,16,.,16,16,63,0,3,38,16,2,1,3,
2018,RIS,S,RIS_S,RIS_S_2018,RIS_S_2018,2,2,3,2,2,0.5,16,16,.,16,16,38,0,3,38,38,0,1,1,
2018,RIS,S,RIS_S,RIS_S_2018,RIS_S_2018,2,2,2,3,2,0.5,16,16,.,16,3,16,0,3,38,63,1,1,38,
2018,RIS,S,RIS_S,RIS_S_2018,RIS_S_2018,3,2,2,2,2,0.5,16,16,.,16,16,38,0,3,38,16,0,1,3,
2018,RIS,S,RIS_S,RIS_S_2018,RIS_S_2018,2,4,5,2,3,1.5,3,38,.,38,3,16,0,0,16,63,1,0,0,
2018,RIS,S,RIS_S,RIS_S_2018,RIS_S_2018,1,3,2,3,2,0.957427108,16,38,.,16,16,63,0,0,38,16,0,1,0,
2018,RIS,S,RIS_S,RIS_S_2018,RIS_S_2018,2,3,2,2,2,0.5,16,16,.,16,16,38,0,3,63,16,1,1,3,
2018,RIS,S,RIS_S,RIS_S_2018,RIS_S_2018,2,2,2,2,2,0,16,16,.,16,16,63,0,3,38,38,1,1,16,
2018,RIS,S,RIS_S,RIS_S_2018,RIS_S_2018,3,4,2,2,3,0.957427108,16,16,.,16,3,38,0,0,16,16,1,1,0,
2018,RIS,S,RIS_S,RIS_S_2018,RIS_S_2018,3,2,4,3,3,0.816496581,16,16,.,16,16,63,3,0,16,38,2,1,0,
2018,RIS,S,RIS_S,RIS_S_2018,RIS_S_2018,2,1,1,2,2,0.577350269,16,38,.,16,3,16,0,3,38,16,1,1,38,
2018,RIS,S,RIS_S,RIS_S_2018,RIS_S_2018,3,4,3,2,3,0.816496581,16,38,.,16,16,38,0,16,16,38,1,0,98,
2018,RIS,S,RIS_S,RIS_S_2018,RIS_S_2018,3,4,6,3,4,1.414213562,16,38,.,16,16,63,3,16,16,16,3,1,98,
2018,RIS,S,RIS_S,RIS_S_2018,RIS_S_2018,3,2,3,4,3,0.816496581,16,16,.,16,38,16,0,16,16,38,3,1,63,
2018,RIS,S,RIS_S,RIS_S_2018,RIS_S_2018,2,1,2,3,2,0.816496581,3,16,.,16,16,63,0,3,38,16,2,0,63,
2018,RIS,S,RIS_S,RIS_S_2018,RIS_S_2018,2,5,4,3,4,1.290994449,16,38,.,16,38,38,0,3,16,63,3,0,16,
2018,RIS,S,RIS_S,RIS_S_2018,RIS_S_2018,2,1,2,1,2,0.577350269,16,16,.,16,3,38,0,0,16,16,1,0,0,
2018,RIS,S,RIS_S,RIS_S_2018,RIS_S_2018,3,2,5,2,3,1.414213562,3,16,.,16,38,63,0,0,16,16,1,0,0,
2018,RIS,S,RIS_S,RIS_S_2018,RIS_S_2018,2,1,1,1,1,0.5,3,38,.,16,3,86,0,3,16,38,1,1,98,
2018,RIS,S,RIS_S,RIS_S_2018,RIS_S_2018,6,3,3,2,4,1.732050808,16,16,.,16,16,38,0,3,16,38,2,1,38,
2018,RIS,S,RIS_S,RIS_S_2018,RIS_S_2018,6,8,5,9,7,1.825741858,3,38,.,16,16,0,63,0,3,38,2,0,0,
2018,RIS,S,RIS_S,RIS_S_2018,RIS_S_2018,3,3,2,2,3,0.577350269,3,16,.,16,38,63,0,0,16,38,3,1,0,
2018,RIS,S,RIS_S,RIS_S_2018,RIS_S_2018,2,3,2,2,2,0.5,16,16,.,16,16,38,0,3,16,16,1,1,63,
2018,STE,N,STE_N,STE_N_2018,STE_N_2018_T2,1,2,1,2,2,0.577350269,16,3,.,1,16,38,0,0,16,86,2.5,0,0,
2018,STE,N,STE_N,STE_N_2018,STE_N_2018_T2,0,0,0,0,0,0,16,16,.,3,16,38,0,0,63,16,0,0,0,
2018,STE,N,STE_N,STE_N_2018,STE_N_2018_T2,0,0,1,0,0,0.5,16,3,.,3,16,16,0,0,86,3,0,0,0,
2018,STE,S,STE_S,STE_S_2018,STE_S_2018,4,2,3,3,3,0.816496581,3,16,.,38,16,86,0,0,38,63,1,0,0,
2018,STE,S,STE_S,STE_S_2018,STE_S_2018,4,4,5,2,4,1.258305739,3,3,.,16,16,98,0,16,38,63,0.5,0,86,
2018,STE,S,STE_S,STE_S_2018,STE_S_2018,3,4,3,3,3,0.5,3,16,.,16,16,98,0,0,16,86,2.5,0,0,
2018,STE,S,STE_S,STE_S_2018,STE_S_2018,3,5,4,3,4,0.957427108,16,16,.,16,16,98,0,0,16,86,1,1,0,
2018,STE,S,STE_S,STE_S_2018,STE_S_2018,3,3,4,3,3,0.5,16,38,.,16,16,63,0,0,3,86,2.5,0,0,
2018,STE,S,STE_S,STE_S_2018,STE_S_2018,3,4,3,1,3,1.258305739,3,38,.,16,16,63,0,3,0,98,1,0,86,
2018,STE,S,STE_S,STE_S_2018,STE_S_2018,6,4,6,7,6,1.258305739,0,3,.,38,38,86,0,16,38,63,0,0,86,
2018,STE,S,STE_S,STE_S_2018,STE_S_2018,2,3,5,5,4,1.5,16,16,.,16,38,38,0,16,3,86,4,0,86,
2018,STE,S,STE_S,STE_S_2018,STE_S_2018,6,8,11,4,7,2.986078811,3,16,.,16,86,63,0,38,38,63,1.5,0,86,
2018,STE,S,STE_S,STE_S_2018,STE_S_2018,5,5,5,7,6,1,3,16,.,16,38,38,0,3,38,63,2,0,16,
2018,STE,S,STE_S,STE_S_2018,STE_S_2018,5,3,5,5,5,1,16,16,.,16,38,63,0,3,3,86,4.5,0,38,
2018,STE,S,STE_S,STE_S_2018,STE_S_2018,4,7,5,5,5,1.258305739,16,16,.,16,38,63,0,16,3,86,1.5,0,38,
2018,STE,S,STE_S,STE_S_2018,STE_S_2018,3,3,3,3,3,0,3,16,.,38,16,63,0,0,3,86,1.5,0,0,
2018,STE,S,STE_S,STE_S_2018,STE_S_2018,3,4,4,5,4,0.816496581,3,16,.,16,16,63,0,16,3,86,0.5,0,63,
2018,STE,S,STE_S,STE_S_2018,STE_S_2018,4,3,3,4,4,0.577350269,16,16,.,16,16,38,0,16,3,86,6.5,1,86,
2018,STE,S,STE_S,STE_S_2018,STE_S_2018,4,3,4,5,4,0.816496581,3,16,.,38,16,86,0,0,3,86,3,0,0,
2018,STE,S,STE_S,STE_S_2018,STE_S_2018,3,2,2,6,3,1.892969449,3,16,.,38,3,86,0,0,3,86,0.5,0,0,
2018,STE,S,STE_S,STE_S_2018,STE_S_2018,4,2,2,3,3,0.957427108,3,38,.,38,16,38,0,0,3,86,3.5,0,0,
2018,STE,S,STE_S,STE_S_2018,STE_S_2018,20,20,7,20,17,6.5,0,16,.,38,63,16,0,16,16,86,3,0,63,
2018,STE,S,STE_S,STE_S_2018,STE_S_2018,4,4,3,3,4,0.577350269,3,16,.,38,16,63,0,0,16,63,2,0,0,
2018,STE,S,STE_S,STE_S_2018,STE_S_2018,4,3,3,3,3,0.5,16,16,.,16,16,63,0,0,16,63,3.5,0,0,
2018,STE,S,STE_S,STE_S_2018,STE_S_2018,5,4,3,3,4,0.957427108,3,16,.,38,3,86,0,0,3,98,5,0,0,
2018,STE,S,STE_S,STE_S_2018,STE_S_2018,4,6,5,5,5,0.816496581,0,16,.,38,1,98,0,0,16,63,0.5,0,0,
2018,STE,S,STE_S,STE_S_2018,STE_S_2018,4,5,4,3,4,0.816496581,0,16,.,38,1,98,0,0,16,86,5,0,0,
2018,STE,S,STE_S,STE_S_2018,STE_S_2018,4,5,3,2,4,1.290994449,0,38,.,38,3,86,0,0,0,98,1.5,0,0,
2018,STE,S,STE_S,STE_S_2018,STE_S_2018,2,3,2,2,2,0.5,3,16,.,16,3,86,0,0,38,63,0,0,0,
2018,STE,S,STE_S,STE_S_2018,STE_S_2018,3,3,3,4,3,0.5,1,38,.,16,3,86,0,0,16,63,0,0,0,
2018,STE,S,STE_S,STE_S_2018,STE_S_2018,4,4,3,4,4,0.5,3,16,.,16,16,16,0,3,16,63,0.5,0,16,
2018,STE,S,STE_S,STE_S_2018,STE_S_2018,5,5,4,7,5,1.258305739,16,16,.,38,38,0,0,0,3,86,2.5,0,0,
2018,STE,S,STE_S,STE_S_2018,STE_S_2018,1,3,5,3,3,1.632993162,3,38,.,38,16,1,0,0,0,98,4.5,0,0,
2018,STE,W,STE_W,STE_W_2018,STE_W_2018,4,3,3,4,4,0.577350269,38,16,.,16,3,16,0,0,3,86,1.5,1,0,
2018,STE,W,STE_W,STE_W_2018,STE_W_2018,3,2,2,2,2,0.5,16,38,.,16,0,63,0,0,0,98,1.5,0,0,
2018,STE,W,STE_W,STE_W_2018,STE_W_2018,4,2,5,2,3,1.5,38,16,.,16,3,38,0,0,3,86,3.5,0,0,
2018,STE,W,STE_W,STE_W_2018,STE_W_2018,2,1,2,2,2,0.5,38,38,.,3,3,63,0,0,3,86,1,0,0,
2018,STE,W,STE_W,STE_W_2018,STE_W_2018,8,4,5,5,6,1.732050808,16,63,.,3,3,38,0,0,3,86,0.5,0,0,
2018,STE,W,STE_W,STE_W_2018,STE_W_2018,4,5,5,5,5,0.5,3,63,.,16,0,3,0,0,16,86,2.5,0,0,
2018,STE,W,STE_W,STE_W_2018,STE_W_2018,4,3,2,2,3,0.957427108,38,16,.,16,16,16,0,0,16,63,0,0,0,
2018,STE,W,STE_W,STE_W_2018,STE_W_2018,3,1,1,1,2,1,38,16,.,16,16,16,0,0,38,63,0,0,0,
2018,STE,W,STE_W,STE_W_2018,STE_W_2018,3,3,4,2,3,0.816496581,16,16,.,16,16,38,0,0,16,63,0,0,0,
2018,STE,W,STE_W,STE_W_2018,STE_W_2018,3,2,2,2,2,0.5,16,38,.,16,3,16,0,3,16,63,0.5,0,63,
2018,STE,W,STE_W,STE_W_2018,STE_W_2018,3,3,2,3,3,0.5,16,38,.,16,3,38,0,0,3,86,4.5,0,0,
2018,STE,W,STE_W,STE_W_2018,STE_W_2018,4,4,3,4,4,0.5,16,38,.,38,16,0,0,3,3,86,2,0,16,
2018,STE,W,STE_W,STE_W_2018,STE_W_2018,1,1,2,2,2,0.577350269,3,16,.,16,3,38,0,0,16,63,0,0,0,
2018,STE,W,STE_W,STE_W_2018,STE_W_2018,3,4,3,4,4,0.577350269,16,38,.,16,16,38,0,0,16,63,1.5,0,0,
2018,STE,W,STE_W,STE_W_2018,STE_W_2018,2,2,2,3,2,0.5,16,16,.,16,3,38,0,0,16,63,0,0,0,
2018,STE,W,STE_W,STE_W_2018,STE_W_2018,14,9,11,12,12,2.081665999,0,16,.,63,38,0,0,0,0,98,7.5,0,0,
2018,STE,W,STE_W,STE_W_2018,STE_W_2018,15,9,9,7,10,3.464101615,16,16,.,16,16,0,0,3,0,98,11,0,38,
2018,STE,W,STE_W,STE_W_2018,STE_W_2018,2,3,4,7,4,2.160246899,16,38,.,16,38,0,0,16,3,86,2.5,0,38,
2018,STE,W,STE_W,STE_W_2018,STE_W_2018,4,2,1,2,2,1.258305739,16,16,.,16,16,16,0,0,16,63,0,0,0,
2018,STE,W,STE_W,STE_W_2018,STE_W_2018,2,2,2,3,2,0.5,16,38,.,3,3,16,0,0,16,63,2,0,0,
2018,STE,W,STE_W,STE_W_2018,STE_W_2018,3,2,3,4,3,0.816496581,16,38,.,3,16,38,0,0,16,86,0,0,0,
2018,STE,W,STE_W,STE_W_2018,STE_W_2018,4,3,5,4,4,0.816496581,3,16,.,16,38,38,0,0,3,86,0.5,0,0,
2018,STE,W,STE_W,STE_W_2018,STE_W_2018,3,1,3,2,2,0.957427108,3,63,.,16,3,38,0,0,3,98,2.5,0,0,
2018,STE,W,STE_W,STE_W_2018,STE_W_2018,3,2,7,8,5,2.943920289,3,38,.,38,38,16,0,0,3,86,2,0,0,
2018,STE,W,STE_W,STE_W_2018,STE_W_2018,2,3,3,5,3,1.258305739,3,16,.,38,16,16,0,0,16,63,2,0,0,
2018,STE,W,STE_W,STE_W_2018,STE_W_2018,4,4,4,5,4,0.5,3,38,.,38,16,16,0,0,16,86,0,0,0,
2018,STE,W,STE_W,STE_W_2018,STE_W_2018,3,4,4,3,4,0.577350269,3,86,.,38,16,38,0,0,3,86,1.5,0,0,
2018,STE,W,STE_W,STE_W_2018,STE_W_2018,3,4,2,2,3,0.957427108,3,38,.,38,3,38,0,0,3,86,1,1,0,
2018,STE,W,STE_W,STE_W_2018,STE_W_2018,2,6,2,6,4,2.309401077,16,16,.,16,16,38,0,3,16,63,0,0,16,
2018,STE,W,STE_W,STE_W_2018,STE_W_2018,5,6,9,7,7,1.707825128,0,16,.,63,1,0,0,0,0,98,2,0,0,
2017,235,C,235_C,235_C_2017,235_C_2017,4,5,4,4,4.25,0.5,63,16,.,16,16,16,0,3,0,98,3,0,16,
2017,235,C,235_C,235_C_2017,235_C_2017,4,4,4,4,4,0,86,16,.,16,16,38,0,3,0,98,0.5,0,16,
2017,235,C,235_C,235_C_2017,235_C_2017,4,3,4,5,4,0.816496581,38,16,.,3,16,38,0,16,1,98,2.5,0,38,
2017,235,C,235_C,235_C_2017,235_C_2017,3,5,4,4,4,0.816496581,16,16,.,16,63,38,0,16,16,86,2.5,0,38,
2017,235,C,235_C,235_C_2017,235_C_2017,3,2,5,6,4,1.825741858,1,16,.,38,16,16,0,0,16,86,1,0,0,
2017,235,C,235_C,235_C_2017,235_C_2017,3,4,5,3,3.75,0.957427108,1,16,.,38,16,16,0,0,0,98,0.5,0,0,
2017,235,C,235_C,235_C_2017,235_C_2017,7,2,3,2,3.5,2.380476143,0,0,.,63,16,3,3,0,0,98,1,0,0,
2017,235,C,235_C,235_C_2017,235_C_2017,3,3,3,4,3.25,0.5,0,0,.,16,63,3,0,3,0,98,4.5,0,3,
2017,235,C,235_C,235_C_2017,235_C_2017,3,4,3,3,3.25,0.5,16,16,.,16,38,38,0,16,1,98,2.5,0,38,
2017,235,C,235_C,235_C_2017,235_C_2017,2,3,3,5,3.25,1.258305739,3,16,.,16,38,16,0,0,16,63,1.5,0,0,
2017,235,C,235_C,235_C_2017,235_C_2017,3,3,3,4,3.25,0.5,16,38,.,16,3,38,0,3,0,98,3,0,38,
2017,235,C,235_C,235_C_2017,235_C_2017,3,4,2,3,3,0.816496581,3,0,.,38,0,0,0,0,1,98,2.5,0,0,
2017,235,C,235_C,235_C_2017,235_C_2017,3,2,4,3,3,0.816496581,3,38,.,16,3,3,0,0,3,98,2,0,0,
2017,235,C,235_C,235_C_2017,235_C_2017,2,1,5,3,2.75,1.707825128,16,0,.,16,16,0,0,0,0,98,0,0,0,
2017,235,C,235_C,235_C_2017,235_C_2017,3,2,3,3,2.75,0.5,1,0,.,16,63,16,0,0,38,63,1,0,0,
2017,235,C,235_C,235_C_2017,235_C_2017,3,3,3,2,2.75,0.5,1,63,.,16,3,16,0,0,0,98,3.5,0,0,
2017,235,C,235_C,235_C_2017,235_C_2017,3,3,3,2,2.75,0.5,38,38,.,16,16,16,0,3,3,98,2,0,38,
2017,235,C,235_C,235_C_2017,235_C_2017,2,2,3,3,2.5,0.577350269,16,38,.,3,16,1,0,63,98,0,2.5,0,16,
2017,235,C,235_C,235_C_2017,235_C_2017,3,3,2,2,2.5,0.577350269,3,16,.,3,16,16,0,0,16,63,1.5,0,0,
2017,235,C,235_C,235_C_2017,235_C_2017,3,2,2,1,2,0.816496581,16,0,.,38,16,16,0,3,3,98,1.5,0,16,
2017,235,C,235_C,235_C_2017,235_C_2017,2,2,1,3,2,0.816496581,16,16,.,38,16,16,0,0,1,98,4,0,0,
2017,235,C,235_C,235_C_2017,235_C_2017,1,1,3,2,1.75,0.957427108,0,63,.,16,16,3,0,0,1,98,2.5,0,0,
2017,235,C,235_C,235_C_2017,235_C_2017,1,2,1,2,1.5,0.577350269,16,0,.,16,16,0,0,0,3,98,1.5,0,0,
2017,235,C,235_C,235_C_2017,235_C_2017,2,0,2,2,1.5,1,3,0,.,38,16,3,0,0,16,86,0,0,0,
2017,235,C,235_C,235_C_2017,235_C_2017,1,1,2,0,1,0.816496581,3,0,.,3,16,16,0,0,86,16,0,0,0,
2017,235,C,235_C,235_C_2017,235_C_2017,1,0,0,2,0.75,0.957427108,3,16,.,38,16,38,0,3,38,38,1,0,86,
2017,235,C,235_C,235_C_2017,235_C_2017,1,0,1,1,0.75,0.5,3,0,.,16,38,38,0,0,0,98,3.5,0,0,
2017,235,C,235_C,235_C_2017,235_C_2017,0,1,1,0,0.5,0.577350269,16,0,.,16,3,16,0,0,16,86,1.5,0,0,
2017,235,C,235_C,235_C_2017,235_C_2017,0,0,0,0,0,0,3,0,.,16,16,16,0,0,63,38,1.5,0,0,
2017,235,N,235_N,235_N_2017,235_N_2017,6,6,7,9,7,1.414213562,3,0,.,38,86,3,0,0,38,38,0.5,0,0,
2017,235,N,235_N,235_N_2017,235_N_2017,5,5,6,3,4.75,1.258305739,16,0,.,3,16,16,0,0,98,1,1,0,0,
2017,235,N,235_N,235_N_2017,235_N_2017,5,6,4,4,4.75,0.957427108,3,0,.,16,86,3,0,0,98,3,0.5,1,0,
2017,235,N,235_N,235_N_2017,235_N_2017,5,5,3,5,4.5,1,3,0,.,3,63,16,0,16,98,3,0,0,38,
2017,235,N,235_N,235_N_2017,235_N_2017,5,5,3,2,3.75,1.5,16,0,.,3,86,3,0,0,98,3,0,0,0,
2017,235,N,235_N,235_N_2017,235_N_2017,3,5,2,3,3.25,1.258305739,3,3,.,3,63,16,0,38,0,0,0.5,0,63,
2017,235,N,235_N,235_N_2017,235_N_2017,3,3,2,4,3,0.816496581,16,0,.,16,63,16,0,3,98,1,0.5,1,3,
2017,235,N,235_N,235_N_2017,235_N_2017,2,3,4,3,3,0.816496581,1,0,.,38,38,16,0,0,98,3,0,0,0,
2017,235,N,235_N,235_N_2017,235_N_2017,3,5,1,3,3,1.632993162,3,0,.,3,38,16,0,3,98,1,0.5,1,3,
2017,235,N,235_N,235_N_2017,235_N_2017,4,2,3,2,2.75,0.957427108,1,0,.,3,16,38,0,16,86,3,1,0,63,
2017,235,N,235_N,235_N_2017,235_N_2017,3,3,0,3,2.25,1.5,16,0,.,1,63,16,0,3,86,16,1.5,0,16,
2017,235,N,235_N,235_N_2017,235_N_2017,1,0,1,0,0.5,0.577350269,3,0,.,16,63,3,0,0,63,38,1,2,0,
2017,235,N,235_N,235_N_2017,235_N_2017,1,0,0,0,0.25,0.5,1,0,.,38,38,3,1,3,86,3,0,1,3,
2017,235,N,235_N,235_N_2017,235_N_2017,0,0,0,0,0,0,16,0,.,16,38,16,0,0,63,16,0,0,0,
2017,235,N,235_N,235_N_2017,235_N_2017,0,0,0,0,0,0,3,0,.,3,16,38,0,16,86,16,0,1,38,
2017,235,N,235_N,235_N_2017,235_N_2017,3,3,1,4,3,1.258305739,38,0,.,16,38,38,0,0,38,63,0,1,0,
2017,235,N,235_N,235_N_2017,235_N_2017,3,5,2,4,4,1.290994449,38,0,.,16,38,3,0,16,86,16,0,0,38,
2017,235,N,235_N,235_N_2017,235_N_2017,2,6,6,5,5,1.892969449,38,0,.,0,16,38,0,16,86,16,0,0,63,
2017,235,N,235_N,235_N_2017,235_N_2017,0,0,1,1,1,0.577350269,16,0,.,3,16,63,0,0,38,63,0.5,1,0,
2017,235,N,235_N,235_N_2017,235_N_2017,1,2,5,2,3,1.732050808,3,0,.,38,38,38,0,16,86,16,0,1,63,
2017,235,N,235_N,235_N_2017,235_N_2017,3,0,1,2,2,1.290994449,3,0,.,16,38,16,0,3,86,16,0,1,16,
2017,235,N,235_N,235_N_2017,235_N_2017,1,1,0,1,1,0.5,16,3,.,16,16,16,0,16,86,3,0,1,98,
2017,235,N,235_N,235_N_2017,235_N_2017,4,4,4,5,4,0.5,3,0,.,86,86,16,0,0,63,38,0,1,0,
2017,235,N,235_N,235_N_2017,235_N_2017,4,6,5,2,4,1.707825128,0,16,.,63,86,16,0,16,38,86,0.5,1,16,
2017,235,N,235_N,235_N_2017,235_N_2017,4,6,4,7,5,1.5,3,0,.,16,86,63,0,0,63,16,0,0,0,
2017,235,N,235_N,235_N_2017,235_N_2017,6,5,3,4,5,1.290994449,16,0,.,86,63,16,0,0,86,16,0,0,0,
2017,235,N,235_N,235_N_2017,235_N_2017,1,4,4,1,3,1.732050808,16,3,.,3,38,63,0,0,86,16,0,1,0,
2017,235,N,235_N,235_N_2017,235_N_2017,7,6,4,4,5,1.5,38,16,.,38,16,38,0,3,16,86,0.5,0,3,
2017,235,N,235_N,235_N_2017,235_N_2017,7,2,5,2,4,2.449489743,16,63,.,63,38,16,0,16,38,86,1,0,38,
2017,235,N,235_N,235_N_2017,235_N_2017,6,5,1,1,3,2.62995564,38,3,.,63,63,0,0,16,63,38,0,1,38,
2017,235,S,235_S,235_S_2017,235_S_2017_T1,5,4,5,4,4.5,0.577350269,86,0,.,3,38,3,0,16,1,98,0.5,0,16,
2017,235,S,235_S,235_S_2017,235_S_2017_T1,4,3,4,4,3.75,0.5,0,0,.,98,16,3,0,0,0,98,4.5,0,0,
2017,235,S,235_S,235_S_2017,235_S_2017_T1,3,4,4,4,3.75,0.5,16,0,.,16,16,0,0,3,16,86,1.5,1,16,
2017,235,S,235_S,235_S_2017,235_S_2017_T1,3,4,3,4,3.5,0.577350269,3,63,.,16,3,16,0,0,0,98,1.5,0,0,
2017,235,S,235_S,235_S_2017,235_S_2017_T1,4,4,3,3,3.5,0.577350269,1,3,.,38,38,3,0,0,3,98,5,0,0,
2017,235,S,235_S,235_S_2017,235_S_2017_T1,2,3,3,4,3,0.816496581,3,16,.,3,38,16,0,0,3,98,0.5,0,0,
2017,235,S,235_S,235_S_2017,235_S_2017_T1,2,3,4,3,3,0.816496581,0,63,.,16,16,0,0,0,1,98,2.5,0,0,
2017,235,S,235_S,235_S_2017,235_S_2017_T1,2,2,3,3,2.5,0.577350269,0,3,.,38,16,0,0,0,3,98,2.5,0,0,
2017,235,S,235_S,235_S_2017,235_S_2017_T1,2,3,2,3,2.5,0.577350269,3,0,.,16,38,16,0,3,3,98,3.5,0,16,
2017,235,S,235_S,235_S_2017,235_S_2017_T1,2,3,3,2,2.5,0.577350269,3,0,.,16,16,86,0,16,16,63,3.5,0,38,
2017,235,S,235_S,235_S_2017,235_S_2017_T1,3,3,2,2,2.5,0.577350269,0,0,.,86,38,0,0,0,0,98,1,0,0,
2017,235,S,235_S,235_S_2017,235_S_2017_T1,2,2,2,3,2.25,0.5,3,3,.,38,38,3,0,16,3,98,3.5,1,63,
2017,235,S,235_S,235_S_2017,235_S_2017_T1,2,1,2,3,2,0.816496581,0,0,.,16,16,86,0,0,16,16,0,1,0,
2017,235,S,235_S,235_S_2017,235_S_2017_T1,3,0,2,3,2,1.414213562,1,0,.,38,16,0,0,0,3,98,5,1,0,
2017,235,S,235_S,235_S_2017,235_S_2017_T1,0,3,2,2,1.75,1.258305739,16,38,.,16,16,38,0,3,3,63,0,0,38,
2017,235,S,235_S,235_S_2017,235_S_2017_T2,5,7,6,7,6.25,0.957427108,3,0,.,38,98,16,0,3,86,3,0,0,16,
2017,235,S,235_S,235_S_2017,235_S_2017_T2,5,4,7,6,5.5,1.290994449,3,0,.,16,63,16,0,16,0,3,0.5,0,16,
2017,235,S,235_S,235_S_2017,235_S_2017_T2,5,7,5,5,5.5,1,3,0,.,38,16,3,0,3,3,63,1.5,0,3,
2017,235,S,235_S,235_S_2017,235_S_2017_T2,7,5,5,4,5.25,1.258305739,0,0,.,86,3,0,1,0,3,98,1,0,0,
2017,235,S,235_S,235_S_2017,235_S_2017_T2,5,7,5,4,5.25,1.258305739,0,0,.,16,63,16,0,3,38,38,0.5,0,3,
2017,235,S,235_S,235_S_2017,235_S_2017_T2,6,3,6,5,5,1.414213562,16,0,.,16,86,16,0,16,38,38,0.5,1,16,
2017,235,S,235_S,235_S_2017,235_S_2017_T2,4,2,8,6,5,2.581988897,0,0,.,3,63,38,0,16,63,16,0,0,3,
2017,235,S,235_S,235_S_2017,235_S_2017_T2,5,5,3,5,4.5,1,0,0,.,86,38,0,0,16,3,86,4.5,0,3,
2017,235,S,235_S,235_S_2017,235_S_2017_T2,6,6,4,2,4.5,1.914854216,0,0,.,16,63,16,0,16,86,16,0.5,1,38,
2017,235,S,235_S,235_S_2017,235_S_2017_T2,5,5,2,6,4.5,1.732050808,0,0,.,16,38,63,0,0,3,98,0.5,0,0,
2017,235,S,235_S,235_S_2017,235_S_2017_T2,5,3,4,3,3.75,0.957427108,0,0,.,86,16,0,0,0,3,86,0,0,0,
2017,235,S,235_S,235_S_2017,235_S_2017_T2,3,2,5,2,3,1.414213562,0,0,.,3,38,16,0,3,0,0,1.5,1,16,
2017,235,S,235_S,235_S_2017,235_S_2017_T2,1,1,2,2,1.5,0.577350269,0,0,.,3,16,63,0,0,38,63,0.5,1,0,
2017,BSH,C,BSH_C,BSH_C_2017,BSH_C_2017,20,20,20,20,20,0,0,3,.,3,86,3,0,3,86,16,0,0,3,
2017,BSH,C,BSH_C,BSH_C_2017,BSH_C_2017,20,20,20,20,20,0,0,3,.,3,98,0,0,0,38,38,1,0,0,
2017,BSH,C,BSH_C,BSH_C_2017,BSH_C_2017,20,20,16,19,18.75,1.892969449,3,0,.,16,98,16,0,0,86,16,0,1,0,
2017,BSH,C,BSH_C,BSH_C_2017,BSH_C_2017,20,14,20,20,18.5,3,0,3,.,0,38,16,0,0,63,38,1,0,0,
2017,BSH,C,BSH_C,BSH_C_2017,BSH_C_2017,20,12,20,20,18,4,3,0,.,16,86,38,1,3,16,63,0.5,0,16,
2017,BSH,C,BSH_C,BSH_C_2017,BSH_C_2017,20,20,17,13,17.5,3.31662479,0,16,.,16,63,16,0,3,86,16,0,0,16,
2017,BSH,C,BSH_C,BSH_C_2017,BSH_C_2017,14,16,20,16,16.5,2.516611478,3,3,.,16,63,38,16,3,63,38,0,0,16,
2017,BSH,C,BSH_C,BSH_C_2017,BSH_C_2017,14,16,17,19,16.5,2.081665999,3,3,.,16,98,16,38,0,98,3,0,0,0,
2017,BSH,C,BSH_C,BSH_C_2017,BSH_C_2017,16,17,11,13,14.25,2.753785274,16,16,.,3,86,3,0,0,16,86,1,0,0,
2017,BSH,C,BSH_C,BSH_C_2017,BSH_C_2017,11,12,20,13,14,4.082482905,0,0,.,16,63,38,0,16,86,16,0,1,38,
2017,BSH,C,BSH_C,BSH_C_2017,BSH_C_2017,12,15,13,16,14,1.825741858,0,3,.,16,38,63,0,3,86,38,0,0,16,
2017,BSH,C,BSH_C,BSH_C_2017,BSH_C_2017,9,11,16,20,14,4.966554809,16,3,.,3,86,3,16,0,16,86,1.5,0,0,
2017,BSH,C,BSH_C,BSH_C_2017,BSH_C_2017,16,9,15,13,13.25,3.095695937,16,3,.,3,63,38,0,0,98,3,0,0,0,
2017,BSH,C,BSH_C,BSH_C_2017,BSH_C_2017,15,14,12,12,13.25,1.5,3,0,.,16,63,38,0,0,86,16,0,1,0,
2017,BSH,C,BSH_C,BSH_C_2017,BSH_C_2017,9,14,16,6,11.25,4.573474245,3,16,.,38,63,63,0,0,16,86,1,1,0,
2017,BSH,C,BSH_C,BSH_C_2017,BSH_C_2017,11,12,13,9,11.25,1.707825128,16,0,.,16,63,16,3,0,3,98,1,0,0,
2017,BSH,C,BSH_C,BSH_C_2017,BSH_C_2017,14,16,8,6,11,4.760952286,0,0,.,38,63,16,1,0,86,16,0,1,0,
2017,BSH,C,BSH_C,BSH_C_2017,BSH_C_2017,13,9,11,10,10.75,1.707825128,38,1,.,3,38,3,0,3,63,38,2,1,16,
2017,BSH,C,BSH_C,BSH_C_2017,BSH_C_2017,13,8,9,10,10,2.160246899,0,16,.,16,86,16,3,0,1,98,0.5,0,0,
2017,BSH,C,BSH_C,BSH_C_2017,BSH_C_2017,9,11,8,12,10,1.825741858,3,0,.,16,63,16,16,0,86,16,0,0,0,
2017,BSH,C,BSH_C,BSH_C_2017,BSH_C_2017,8,10,12,7,9.25,2.217355783,16,0,.,16,63,16,1,0,86,38,0.5,1,0,
2017,BSH,C,BSH_C,BSH_C_2017,BSH_C_2017,9,10,9,8,9,0.816496581,38,0,.,3,63,0,16,0,16,63,0,0,0,
2017,BSH,C,BSH_C,BSH_C_2017,BSH_C_2017,7,11,11,4,8.25,3.403429643,3,3,.,16,63,38,0,3,86,16,0,1,3,
2017,BSH,C,BSH_C,BSH_C_2017,BSH_C_2017,9,5,6,11,7.75,2.753785274,3,0,.,38,86,38,16,0,3,98,1.5,2,0,
2017,BSH,C,BSH_C,BSH_C_2017,BSH_C_2017,8,10,7,6,7.75,1.707825128,3,0,.,16,63,38,1,0,86,38,0,0,0,
2017,BSH,C,BSH_C,BSH_C_2017,BSH_C_2017,6,6,8,11,7.75,2.362907813,16,0,.,3,86,0,16,0,3,98,1,0,0,
2017,BSH,C,BSH_C,BSH_C_2017,BSH_C_2017,8,6,9,7,7.5,1.290994449,38,0,.,3,63,16,16,0,38,63,0.5,2,0,
2017,BSH,C,BSH_C,BSH_C_2017,BSH_C_2017,7,9,6,7,7.25,1.258305739,3,16,.,16,63,1,16,0,16,86,0.5,1,0,
2017,BSH,C,BSH_C,BSH_C_2017,BSH_C_2017,8,8,6,6,7,1.154700538,0,0,.,16,63,1,3,0,16,86,0,0,0,
2017,BSH,C,BSH_C,BSH_C_2017,BSH_C_2017,6,9,6,4,6.25,2.061552813,16,0,.,16,38,3,0,0,3,98,1,2,0,
2017,BSH,N,BSH_N,BSH_N_2017,BSH_N_2017,20,18,19,20,19.25,0.957427108,0,16,.,38,63,0,0,16,3,98,3,0,16,
2017,BSH,N,BSH_N,BSH_N_2017,BSH_N_2017,14,12,20,12,14.5,3.785938897,0,1,.,16,98,0,1,3,86,16,0.5,0,3,
2017,BSH,N,BSH_N,BSH_N_2017,BSH_N_2017,15,15,13,10,13.25,2.362907813,0,38,.,16,38,1,3,0,3,98,1.5,0,0,
2017,BSH,N,BSH_N,BSH_N_2017,BSH_N_2017,12,15,10,12,12.25,2.061552813,0,0,.,38,63,63,3,0,3,86,2,0,0,
2017,BSH,N,BSH_N,BSH_N_2017,BSH_N_2017,11,12,14,10,11.75,1.707825128,0,0,.,63,63,0,3,0,3,98,2,0,0,
2017,BSH,N,BSH_N,BSH_N_2017,BSH_N_2017,10,10,11,14,11.25,1.892969449,0,0,.,63,38,3,3,0,3,98,1,1,0,
2017,BSH,N,BSH_N,BSH_N_2017,BSH_N_2017,11,10,10,14,11.25,1.892969449,0,0,.,38,63,3,3,0,1,98,2,1,0,
2017,BSH,N,BSH_N,BSH_N_2017,BSH_N_2017,12,10,10,12,11,1.154700538,0,0,.,63,38,0,3,0,0,98,1.5,0,0,
2017,BSH,N,BSH_N,BSH_N_2017,BSH_N_2017,8,11,13,11,10.75,2.061552813,0,0,.,38,63,3,38,0,0,98,1,0,0,
2017,BSH,N,BSH_N,BSH_N_2017,BSH_N_2017,10,10,12,10,10.5,1,0,0,.,38,86,0,3,0,0,98,2,1,0,
2017,BSH,N,BSH_N,BSH_N_2017,BSH_N_2017,5,11,6,19,10.25,6.396613687,0,0,.,63,16,16,3,0,1,98,1,0,0,
2017,BSH,N,BSH_N,BSH_N_2017,BSH_N_2017,9,10,10,10,9.75,0.5,0,16,.,38,63,1,0,0,3,98,2,0,0,
2017,BSH,N,BSH_N,BSH_N_2017,BSH_N_2017,8,9,8,11,9,1.414213562,0,16,.,16,63,1,16,0,1,98,3,1,0,
2017,BSH,N,BSH_N,BSH_N_2017,BSH_N_2017,11,8,9,7,8.75,1.707825128,0,0,.,38,38,3,16,0,3,98,2,1,0,
2017,BSH,N,BSH_N,BSH_N_2017,BSH_N_2017,8,10,7,9,8.5,1.290994449,0,0,.,63,38,1,3,3,3,98,2,0,16,
2017,BSH,N,BSH_N,BSH_N_2017,BSH_N_2017,10,6,8,8,8,1.632993162,3,0,.,63,38,0,38,0,0,98,1,0,0,
2017,BSH,N,BSH_N,BSH_N_2017,BSH_N_2017,7,11,5,9,8,2.581988897,0,38,.,16,16,3,3,0,3,98,0.5,1,0,
2017,BSH,N,BSH_N,BSH_N_2017,BSH_N_2017,6,8,9,8,7.75,1.258305739,3,0,.,38,63,1,0,0,16,86,0.5,1,0,
2017,BSH,N,BSH_N,BSH_N_2017,BSH_N_2017,6,9,12,4,7.75,3.5,0,0,.,63,16,38,0,0,3,98,2,0,0,
2017,BSH,N,BSH_N,BSH_N_2017,BSH_N_2017,4,8,8,10,7.5,2.516611478,0,0,.,86,16,1,16,0,1,98,1,0,0,
2017,BSH,N,BSH_N,BSH_N_2017,BSH_N_2017,8,7,8,7,7.5,0.577350269,0,38,.,16,38,3,3,3,1,98,2.5,0,3,
2017,BSH,N,BSH_N,BSH_N_2017,BSH_N_2017,6,7,4,10,6.75,2.5,0,0,.,86,16,16,3,0,0,98,3,0,0,
2017,BSH,N,BSH_N,BSH_N_2017,BSH_N_2017,5,8,6,7,6.5,1.290994449,0,0,.,63,16,3,16,0,3,98,1,0,0,
2017,BSH,N,BSH_N,BSH_N_2017,BSH_N_2017,6,6,8,6,6.5,1,3,0,.,63,16,1,38,0,0,98,3,0,0,
2017,BSH,N,BSH_N,BSH_N_2017,BSH_N_2017,14,4,4,4,6.5,5,0,0,.,86,3,0,16,0,1,98,3,0,0,
2017,BSH,N,BSH_N,BSH_N_2017,BSH_N_2017,8,6,4,7,6.25,1.707825128,0,38,.,16,38,0,3,0,0,98,1.5,0,0,
2017,BSH,N,BSH_N,BSH_N_2017,BSH_N_2017,8,8,4,4,6,2.309401077,3,0,.,63,16,3,16,0,0,98,1,0,0,
2017,BSH,N,BSH_N,BSH_N_2017,BSH_N_2017,3,8,7,5,5.75,2.217355783,0,16,.,16,38,0,16,0,3,98,1.5,0,0,
2017,BSH,N,BSH_N,BSH_N_2017,BSH_N_2017,7,4,5,5,5.25,1.258305739,0,3,.,38,63,0,16,0,1,98,2,1,0,
2017,BSH,N,BSH_N,BSH_N_2017,BSH_N_2017,4,4,3,6,4.25,1.258305739,0,0,.,38,38,1,1,16,86,16,1,0,16,
2017,BSH,S,BSH_S,BSH_S_2017,BSH_S_2017,20,20,20,20,20,0,0,16,.,3,98,0,38,0,86,16,0.5,0,0,
2017,BSH,S,BSH_S,BSH_S_2017,BSH_S_2017,20,20,20,20,20,0,16,0,.,3,86,0,0,16,3,98,1,0,38,
2017,BSH,S,BSH_S,BSH_S_2017,BSH_S_2017,19,20,20,20,19.75,0.5,0,3,.,16,98,0,0,0,63,63,1,1,0,
2017,BSH,S,BSH_S,BSH_S_2017,BSH_S_2017,20,18,20,20,19.5,1,0,0,.,16,98,16,0,0,86,38,0.5,0,0,
2017,BSH,S,BSH_S,BSH_S_2017,BSH_S_2017,20,13,15,19,16.75,3.304037934,16,0,.,0,63,16,0,16,1,98,1,0,38,
2017,BSH,S,BSH_S,BSH_S_2017,BSH_S_2017,17,20,14,15,16.5,2.645751311,63,0,.,3,63,0,0,38,3,98,2,0,86,
2017,BSH,S,BSH_S,BSH_S_2017,BSH_S_2017,15,17,19,15,16.5,1.914854216,3,0,.,38,38,38,0,0,16,86,0.5,0,0,
2017,BSH,S,BSH_S,BSH_S_2017,BSH_S_2017,18,20,12,14,16,3.651483717,3,0,.,16,98,3,0,38,1,98,3,0,63,
2017,BSH,S,BSH_S,BSH_S_2017,BSH_S_2017,11,13,16,20,15,3.915780041,0,0,.,38,86,16,0,0,3,98,2,0,0,
2017,BSH,S,BSH_S,BSH_S_2017,BSH_S_2017,18,15,13,14,15,2.160246899,38,0,.,3,98,16,0,3,16,86,1,0,16,
2017,BSH,S,BSH_S,BSH_S_2017,BSH_S_2017,13,13,14,14,13.5,0.577350269,63,0,.,1,98,3,0,63,16,86,1.5,1,63,
2017,BSH,S,BSH_S,BSH_S_2017,BSH_S_2017,13,16,12,13,13.5,1.732050808,16,0,.,0,63,3,0,16,3,98,2,1,16,
2017,BSH,S,BSH_S,BSH_S_2017,BSH_S_2017,11,12,16,12,12.75,2.217355783,38,0,.,0,86,3,3,16,3,98,5,0,38,
2017,BSH,S,BSH_S,BSH_S_2017,BSH_S_2017,10,11,18,12,12.75,3.593976442,38,3,.,1,63,0,0,0,3,86,1,0,0,
2017,BSH,S,BSH_S,BSH_S_2017,BSH_S_2017,10,16,14,10,12.5,3,63,3,.,1,86,3,0,16,3,98,0.5,0,38,
2017,BSH,S,BSH_S,BSH_S_2017,BSH_S_2017,9,14,11,15,12.25,2.753785274,38,0,.,0,63,16,0,0,16,86,1,0,0,
2017,BSH,S,BSH_S,BSH_S_2017,BSH_S_2017,11,16,13,8,12,3.366501646,16,0,.,3,38,63,0,0,3,98,1.5,0,0,
2017,BSH,S,BSH_S,BSH_S_2017,BSH_S_2017,9,11,10,15,11.25,2.62995564,63,0,.,3,63,3,3,16,3,86,1,0,38,
2017,BSH,S,BSH_S,BSH_S_2017,BSH_S_2017,10,10,10,11,10.25,0.5,63,0,.,0,38,38,16,0,3,98,2,1,0,
2017,BSH,S,BSH_S,BSH_S_2017,BSH_S_2017,14,10,9,7,10,2.943920289,63,0,.,3,86,3,0,3,16,86,1,1,3,
2017,BSH,S,BSH_S,BSH_S_2017,BSH_S_2017,12,6,11,10,9.75,2.62995564,63,0,.,1,38,63,3,16,3,98,1,0,86,
2017,BSH,S,BSH_S,BSH_S_2017,BSH_S_2017,9,9,8,12,9.5,1.732050808,38,0,.,0,38,16,0,3,3,86,1,0,3,
2017,BSH,S,BSH_S,BSH_S_2017,BSH_S_2017,12,8,9,7,9,2.160246899,16,0,.,0,63,16,16,0,16,86,0.5,0,0,
2017,BSH,S,BSH_S,BSH_S_2017,BSH_S_2017,8,8,8,10,8.5,1,86,0,.,0,16,38,3,0,16,86,0.5,0,0,
2017,BSH,S,BSH_S,BSH_S_2017,BSH_S_2017,10,8,8,8,8.5,1,38,0,.,0,63,16,3,0,38,63,1,0,0,
2017,BSH,S,BSH_S,BSH_S_2017,BSH_S_2017,6,14,7,7,8.5,3.696845502,63,0,.,0,3,86,0,16,3,98,1.5,1,16,
2017,BSH,S,BSH_S,BSH_S_2017,BSH_S_2017,10,7,10,6,8.25,2.061552813,63,0,.,16,38,16,0,3,3,86,0.5,1,16,
2017,BSH,S,BSH_S,BSH_S_2017,BSH_S_2017,11,6,6,9,8,2.449489743,86,0,.,3,38,16,0,0,16,86,0.5,0,0,
2017,BSH,S,BSH_S,BSH_S_2017,BSH_S_2017,7,8,10,7,8,1.414213562,86,0,.,0,16,0,0,0,38,86,0.5,1,0,
2017,BSH,S,BSH_S,BSH_S_2017,BSH_S_2017,6,9,8,8,7.75,1.258305739,38,0,.,0,63,3,0,0,3,86,0.5,0,0,
2017,DUN,C,DUN_C,DUN_C_2017,DUN_C_2017,8,5,9,9,7.75,1.892969449,0,3,.,86,3,0,0,0,1,98,5,0,0,
2017,DUN,C,DUN_C,DUN_C_2017,DUN_C_2017,5,5,11,10,7.75,3.201562119,0,0,.,63,16,0,16,16,1,98,5,0,98,
2017,DUN,C,DUN_C,DUN_C_2017,DUN_C_2017,11,6,9,5,7.75,2.753785274,63,0,.,38,16,0,0,16,0,98,13,0,63,
2017,DUN,C,DUN_C,DUN_C_2017,DUN_C_2017,5,9,10,7,7.75,2.217355783,16,1,.,38,16,0,0,16,0,98,14,0,98,
2017,DUN,C,DUN_C,DUN_C_2017,DUN_C_2017,3,6,9,12,7.5,3.872983346,0,38,.,63,0,0,0,0,1,98,7,0,0,
2017,DUN,C,DUN_C,DUN_C_2017,DUN_C_2017,4,10,9,6,7.25,2.753785274,0,0,.,38,3,0,0,0,1,98,10,0,0,
2017,DUN,C,DUN_C,DUN_C_2017,DUN_C_2017,5,7,7,10,7.25,2.061552813,0,0,.,86,0,0,0,0,1,98,2,0,0,
2017,DUN,C,DUN_C,DUN_C_2017,DUN_C_2017,10,5,7,7,7.25,2.061552813,0,0,.,63,16,1,0,16,1,98,2,0,38,
2017,DUN,C,DUN_C,DUN_C_2017,DUN_C_2017,10,5,4,9,7,2.943920289,0,0,.,0,3,0,0,0,0,98,7,0,38,
2017,DUN,C,DUN_C,DUN_C_2017,DUN_C_2017,6,7,5,9,6.75,1.707825128,16,16,.,16,16,16,0,0,1,98,1,0,0,
2017,DUN,C,DUN_C,DUN_C_2017,DUN_C_2017,11,4,6,6,6.75,2.986078811,0,63,.,16,16,0,0,0,1,98,6,0,0,
2017,DUN,C,DUN_C,DUN_C_2017,DUN_C_2017,8,6,7,5,6.5,1.290994449,0,3,.,86,16,0,0,0,1,98,6,0,0,
2017,DUN,C,DUN_C,DUN_C_2017,DUN_C_2017,5,6,9,6,6.5,1.732050808,0,0,.,38,16,0,0,0,1,98,7,0,0,
2017,DUN,C,DUN_C,DUN_C_2017,DUN_C_2017,6,6,7,7,6.5,0.577350269,0,0,.,38,16,0,16,0,1,98,6,0,0,
2017,DUN,C,DUN_C,DUN_C_2017,DUN_C_2017,4,9,4,9,6.5,2.886751346,0,0,.,86,16,3,0,0,16,86,4,0,0,
2017,DUN,C,DUN_C,DUN_C_2017,DUN_C_2017,10,3,5,7,6.25,2.986078811,0,0,.,98,3,1,0,0,0,98,2,0,0,
2017,DUN,C,DUN_C,DUN_C_2017,DUN_C_2017,5,6,8,5,6,1.414213562,0,3,.,86,3,16,0,0,1,98,5,0,0,
2017,DUN,C,DUN_C,DUN_C_2017,DUN_C_2017,3,5,9,7,6,2.581988897,0,0,.,86,16,0,16,16,1,98,7,0,98,
2017,DUN,C,DUN_C,DUN_C_2017,DUN_C_2017,4,7,6,6,5.75,1.258305739,38,16,.,38,16,0,0,3,1,98,6,0,16,
2017,DUN,C,DUN_C,DUN_C_2017,DUN_C_2017,7,6,5,5,5.75,0.957427108,0,16,.,86,1,0,0,0,1,98,5,0,0,
2017,DUN,C,DUN_C,DUN_C_2017,DUN_C_2017,6,5,5,7,5.75,0.957427108,0,0,.,86,16,0,0,0,1,98,2,0,0,
2017,DUN,C,DUN_C,DUN_C_2017,DUN_C_2017,5,5,6,6,5.5,0.577350269,0,0,.,86,38,0,0,16,1,98,4,0,38,
2017,DUN,C,DUN_C,DUN_C_2017,DUN_C_2017,6,8,3,4,5.25,2.217355783,0,0,.,86,38,0,0,16,1,98,5.5,0,86,
2017,DUN,C,DUN_C,DUN_C_2017,DUN_C_2017,6,6,3,5,5,1.414213562,0,0,.,86,0,16,0,0,1,98,3,0,0,
2017,DUN,C,DUN_C,DUN_C_2017,DUN_C_2017,5,5,5,5,5,0,0,0,.,86,16,0,0,0,16,86,6,0,0,
2017,DUN,C,DUN_C,DUN_C_2017,DUN_C_2017,5,7,4,3,4.75,1.707825128,0,3,.,38,16,0,0,0,1,98,9,0,0,
2017,DUN,C,DUN_C,DUN_C_2017,DUN_C_2017,4,3,5,7,4.75,1.707825128,0,3,.,86,0,1,16,0,1,98,2,0,0,
2017,DUN,C,DUN_C,DUN_C_2017,DUN_C_2017,4,7,4,3,4.5,1.732050808,0,0,.,98,16,0,0,0,1,98,6,0,0,
2017,DUN,C,DUN_C,DUN_C_2017,DUN_C_2017,4,3,5,6,4.5,1.290994449,0,0,.,38,16,1,0,16,1,98,7,0,63,
2017,DUN,C,DUN_C,DUN_C_2017,DUN_C_2017,3,6,4,4,4.25,1.258305739,0,38,.,38,16,0,0,0,16,86,4,0,0,
2017,DUN,E,DUN_E,DUN_E_2017,DUN_E_2017,11,11,11,11,11,0,0,0,.,38,38,0,0,0,1,98,6,0,0,
2017,DUN,E,DUN_E,DUN_E_2017,DUN_E_2017,7,10,17,10,11,4.242640687,0,0,.,16,63,3,0,3,1,98,13,0,16,
2017,DUN,E,DUN_E,DUN_E_2017,DUN_E_2017,12,16,8,7,10.75,4.11298756,0,1,.,3,63,0,16,0,0,98,34,0,0,
2017,DUN,E,DUN_E,DUN_E_2017,DUN_E_2017,12,10,11,9,10.5,1.290994449,0,0,.,38,63,0,0,16,0,98,18,0,16,
2017,DUN,E,DUN_E,DUN_E_2017,DUN_E_2017,10,11,10,9,10,0.816496581,0,1,.,63,86,38,16,16,16,86,5,0,38,
2017,DUN,E,DUN_E,DUN_E_2017,DUN_E_2017,10,5,12,10,9.25,2.986078811,38,3,.,38,16,0,0,3,0,98,11,0,38,
2017,DUN,E,DUN_E,DUN_E_2017,DUN_E_2017,9,11,7,7,8.5,1.914854216,0,1,.,38,86,0,0,38,0,98,5,0,38,
2017,DUN,E,DUN_E,DUN_E_2017,DUN_E_2017,8,10,6,10,8.5,1.914854216,0,3,.,63,16,38,0,0,16,86,6,0,0,
2017,DUN,E,DUN_E,DUN_E_2017,DUN_E_2017,8,7,9,10,8.5,1.290994449,0,0,.,16,16,3,0,0,1,98,14,0,0,
2017,DUN,E,DUN_E,DUN_E_2017,DUN_E_2017,6,10,9,8,8.25,1.707825128,0,0,.,38,38,16,0,0,0,98,7,0,0,
2017,DUN,E,DUN_E,DUN_E_2017,DUN_E_2017,8,9,6,10,8.25,1.707825128,0,3,.,63,38,16,0,16,0,98,3,0,38,
2017,DUN,E,DUN_E,DUN_E_2017,DUN_E_2017,8,9,9,7,8.25,0.957427108,3,3,.,63,16,0,0,16,16,86,7,0,16,
2017,DUN,E,DUN_E,DUN_E_2017,DUN_E_2017,9,4,10,10,8.25,2.872281323,0,0,.,16,38,38,0,16,16,86,3,0,38,
2017,DUN,E,DUN_E,DUN_E_2017,DUN_E_2017,7,7,7,8,7.25,0.5,0,3,.,38,38,0,0,38,0,98,5,0,86,
2017,DUN,E,DUN_E,DUN_E_2017,DUN_E_2017,7,7,6,9,7.25,1.258305739,0,0,.,38,16,38,0,0,1,98,4,0,0,
2017,DUN,E,DUN_E,DUN_E_2017,DUN_E_2017,8,9,6,5,7,1.825741858,0,3,.,63,38,16,0,0,0,98,5,0,0,
2017,DUN,E,DUN_E,DUN_E_2017,DUN_E_2017,7,8,6,7,7,0.816496581,3,0,.,38,16,16,16,0,1,98,6,0,0,
2017,DUN,E,DUN_E,DUN_E_2017,DUN_E_2017,5,9,6,7,6.75,1.707825128,0,0,.,63,63,16,0,3,16,86,12,0,16,
2017,DUN,E,DUN_E,DUN_E_2017,DUN_E_2017,7,5,5,9,6.5,1.914854216,16,3,.,38,38,16,0,0,0,98,10,0,0,
2017,DUN,E,DUN_E,DUN_E_2017,DUN_E_2017,5,6,10,5,6.5,2.380476143,0,3,.,86,3,3,0,0,0,86,3,0,0,
2017,DUN,E,DUN_E,DUN_E_2017,DUN_E_2017,9,3,8,6,6.5,2.645751311,1,1,.,63,38,3,0,0,1,98,5,0,0,
2017,DUN,E,DUN_E,DUN_E_2017,DUN_E_2017,9,5,5,7,6.5,1.914854216,0,3,.,38,3,38,0,0,3,86,4,0,0,
2017,DUN,E,DUN_E,DUN_E_2017,DUN_E_2017,7,5,7,6,6.25,0.957427108,1,3,.,63,38,0,0,0,1,98,9,0,0,
2017,DUN,E,DUN_E,DUN_E_2017,DUN_E_2017,6,5,6,8,6.25,1.258305739,0,3,.,38,63,0,0,63,0,98,7,0,86,
2017,DUN,E,DUN_E,DUN_E_2017,DUN_E_2017,4,9,6,6,6.25,2.061552813,3,0,.,86,16,38,0,0,1,98,5,0,0,
2017,DUN,E,DUN_E,DUN_E_2017,DUN_E_2017,5,7,6,6,6,0.816496581,0,0,.,86,16,38,0,0,0,98,6,0,0,
2017,DUN,E,DUN_E,DUN_E_2017,DUN_E_2017,4,4,9,5,5.5,2.380476143,86,1,.,3,16,16,0,0,0,98,4,0,0,
2017,DUN,E,DUN_E,DUN_E_2017,DUN_E_2017,3,4,5,8,5,2.160246899,1,3,.,86,38,0,16,3,0,98,6,0,16,
2017,DUN,E,DUN_E,DUN_E_2017,DUN_E_2017,5,5,5,5,5,0,0,0,.,63,3,16,0,0,16,86,86,0,0,
2017,DUN,E,DUN_E,DUN_E_2017,DUN_E_2017,4,3,4,5,4,0.816496581,0,0,.,86,16,16,0,0,0,98,6,0,0,
2017,DUN,W,DUN_W,DUN_W_2017,DUN_W_2017,10,9,12,15,11.5,2.645751311,63,0,.,3,16,1,0,16,0,98,14,0,63,
2017,DUN,W,DUN_W,DUN_W_2017,DUN_W_2017,10,10,11,14,11.25,1.892969449,3,0,.,3,16,63,0,0,0,98,2,0,0,
2017,DUN,W,DUN_W,DUN_W_2017,DUN_W_2017,9,11,11,11,10.5,1,63,0,.,3,16,1,0,0,0,98,13,0,0,
2017,DUN,W,DUN_W,DUN_W_2017,DUN_W_2017,10,12,10,9,10.25,1.258305739,38,0,.,16,38,0,0,16,0,98,20,1,38,
2017,DUN,W,DUN_W,DUN_W_2017,DUN_W_2017,10,11,5,12,9.5,3.109126351,3,0,.,38,38,16,0,16,0,98,12,0,38,
2017,DUN,W,DUN_W,DUN_W_2017,DUN_W_2017,10,9,10,9,9.5,0.577350269,0,1,.,0,16,38,0,0,0,98,1,1,63,
2017,DUN,W,DUN_W,DUN_W_2017,DUN_W_2017,10,10,9,8,9.25,0.957427108,16,0,.,3,38,86,0,3,0,98,4,0,3,
2017,DUN,W,DUN_W,DUN_W_2017,DUN_W_2017,9,12,8,8,9.25,1.892969449,63,0,.,3,16,16,1,3,0,98,2,0,3,
2017,DUN,W,DUN_W,DUN_W_2017,DUN_W_2017,9,10,9,8,9,0.816496581,3,0,.,3,16,63,0,38,3,98,1,1,86,
2017,DUN,W,DUN_W,DUN_W_2017,DUN_W_2017,10,7,9,10,9,1.414213562,63,3,.,16,16,38,0,0,0,98,3,0,0,
2017,DUN,W,DUN_W,DUN_W_2017,DUN_W_2017,9,7,9,10,8.75,1.258305739,0,3,.,16,86,16,0,63,0,98,15,0,86,
2017,DUN,W,DUN_W,DUN_W_2017,DUN_W_2017,9,9,9,8,8.75,0.5,38,0,.,3,16,16,0,16,0,98,3,0,63,
2017,DUN,W,DUN_W,DUN_W_2017,DUN_W_2017,10,8,7,10,8.75,1.5,16,0,.,3,38,16,0,38,0,98,4,1,86,
2017,DUN,W,DUN_W,DUN_W_2017,DUN_W_2017,9,10,8,8,8.75,0.957427108,38,0,.,3,38,16,0,0,0,98,9,1,0,
2017,DUN,W,DUN_W,DUN_W_2017,DUN_W_2017,7,9,9,9,8.5,1,63,3,.,16,38,63,0,0,3,98,3,0,0,
2017,DUN,W,DUN_W,DUN_W_2017,DUN_W_2017,9,8,9,7,8.25,0.957427108,0,16,.,38,63,0,0,63,1,98,11,0,86,
2017,DUN,W,DUN_W,DUN_W_2017,DUN_W_2017,9,5,10,9,8.25,2.217355783,0,0,.,16,16,16,0,0,0,98,4,0,0,
2017,DUN,W,DUN_W,DUN_W_2017,DUN_W_2017,10,9,7,6,8,1.825741858,38,0,.,1,38,3,0,16,0,98,14.5,0,38,
2017,DUN,W,DUN_W,DUN_W_2017,DUN_W_2017,10,7,7,8,8,1.414213562,16,0,.,38,38,16,16,0,1,98,6,0,0,
2017,DUN,W,DUN_W,DUN_W_2017,DUN_W_2017,7,7,9,8,7.75,0.957427108,0,1,.,63,16,38,0,16,0,98,4,0,63,
2017,DUN,W,DUN_W,DUN_W_2017,DUN_W_2017,7,8,7,9,7.75,0.957427108,86,3,.,16,16,16,0,16,0,98,7,0,86,
2017,DUN,W,DUN_W,DUN_W_2017,DUN_W_2017,6,10,7,8,7.75,1.707825128,86,0,.,3,16,3,16,16,0,98,9.5,1,86,
2017,DUN,W,DUN_W,DUN_W_2017,DUN_W_2017,7,8,7,7,7.25,0.5,0,0,.,86,16,16,0,0,0,98,6,0,0,
2017,DUN,W,DUN_W,DUN_W_2017,DUN_W_2017,10,9,4,6,7.25,2.753785274,16,0,.,3,38,16,0,0,3,98,2,1,0,
2017,DUN,W,DUN_W,DUN_W_2017,DUN_W_2017,7,5,7,8,6.75,1.258305739,16,0,.,16,38,16,0,3,0,98,1,1,16,
2017,DUN,W,DUN_W,DUN_W_2017,DUN_W_2017,7,5,7,7,6.5,1,38,3,.,16,16,38,0,3,3,98,3,0,16,
2017,DUN,W,DUN_W,DUN_W_2017,DUN_W_2017,8,3,5,7,5.75,2.217355783,3,3,.,1,86,38,0,0,3,86,1,1,0,
2017,DUN,W,DUN_W,DUN_W_2017,DUN_W_2017,6,6,5,5,5.5,0.577350269,38,0,.,3,16,3,0,16,0,98,6.5,1,86,
2017,DUN,W,DUN_W,DUN_W_2017,DUN_W_2017,3,3,5,5,4,1.154700538,3,0,.,3,38,38,0,16,3,98,1.5,0,38,
2017,DUN,W,DUN_W,DUN_W_2017,DUN_W_2017,2,4,4,3,3.25,0.957427108,63,0,.,3,16,3,0,0,0,98,3.5,1,0,
2017,GIL,C,GIL_C,GIL_C_2017,GIL_C_2017,10,11,14,12,11.75,1.707825128,16,0,.,16,38,0,38,16,16,86,2,1,63,
2017,GIL,C,GIL_C,GIL_C_2017,GIL_C_2017,15,13,9,10,11.75,2.753785274,86,0,.,1,98,3,0,38,38,63,1,0,38,
2017,GIL,C,GIL_C,GIL_C_2017,GIL_C_2017,6,18,8,13,11.25,5.377421935,0,63,.,16,63,3,3,63,3,86,1,0,98,
2017,GIL,C,GIL_C,GIL_C_2017,GIL_C_2017,9,11,14,10,11,2.160246899,86,3,.,1,63,16,0,3,16,86,1,0,16,
2017,GIL,C,GIL_C,GIL_C_2017,GIL_C_2017,8,6,7,14,8.75,3.593976442,0,3,.,16,86,0,3,63,16,63,2,0,63,
2017,GIL,C,GIL_C,GIL_C_2017,GIL_C_2017,3,9,6,16,8.5,5.567764363,3,16,.,16,63,38,0,3,1,86,2.5,0,16,
2017,GIL,C,GIL_C,GIL_C_2017,GIL_C_2017,11,6,7,7,7.75,2.217355783,16,3,.,16,63,3,0,16,1,98,2.5,1,38,
2017,GIL,C,GIL_C,GIL_C_2017,GIL_C_2017,7,7,9,7,7.5,1,38,3,.,16,86,1,16,38,38,63,1,0,63,
2017,GIL,C,GIL_C,GIL_C_2017,GIL_C_2017,8,5,7,9,7.25,1.707825128,16,16,.,16,38,38,0,16,1,98,2.5,0,38,
2017,GIL,C,GIL_C,GIL_C_2017,GIL_C_2017,8,6,6,6,6.5,1,3,16,.,3,38,0,63,38,16,86,0.5,1,86,
2017,GIL,C,GIL_C,GIL_C_2017,GIL_C_2017,7,7,5,5,6,1.154700538,16,3,.,16,86,3,0,86,1,98,0.5,2,98,
2017,GIL,C,GIL_C,GIL_C_2017,GIL_C_2017,5,8,6,5,6,1.414213562,0,3,.,86,16,38,0,0,3,63,0.5,0,0,
2017,GIL,C,GIL_C,GIL_C_2017,GIL_C_2017,3,6,6,8,5.75,2.061552813,16,3,.,38,86,3,0,16,1,98,2.5,1,63,
2017,GIL,C,GIL_C,GIL_C_2017,GIL_C_2017,5,6,5,7,5.75,0.957427108,38,1,.,16,86,16,0,38,1,98,2.5,1,63,
2017,GIL,C,GIL_C,GIL_C_2017,GIL_C_2017,6,4,7,6,5.75,1.258305739,3,0,.,38,63,63,0,38,16,63,0.5,1,38,
2017,GIL,C,GIL_C,GIL_C_2017,GIL_C_2017,14,2,0,7,5.75,6.238322424,63,0,.,16,38,38,0,16,16,86,0.5,0,38,
2017,GIL,C,GIL_C,GIL_C_2017,GIL_C_2017,6,4,6,6,5.5,1,16,3,.,16,38,16,0,3,1,98,3,0,38,
2017,GIL,C,GIL_C,GIL_C_2017,GIL_C_2017,6,5,6,5,5.5,0.577350269,3,16,.,16,63,38,0,16,3,63,0.5,0,16,
2017,GIL,C,GIL_C,GIL_C_2017,GIL_C_2017,5,6,4,6,5.25,0.957427108,63,0,.,16,38,38,0,16,0,98,1.5,2,38,
2017,GIL,C,GIL_C,GIL_C_2017,GIL_C_2017,11,3,4,2,5,4.082482905,0,63,.,3,38,0,0,38,16,86,1,0,63,
2017,GIL,C,GIL_C,GIL_C_2017,GIL_C_2017,3,5,6,6,5,1.414213562,38,3,.,3,38,16,0,3,38,86,2,1,16,
2017,GIL,C,GIL_C,GIL_C_2017,GIL_C_2017,5,5,7,2,4.75,2.061552813,16,3,.,16,63,16,0,16,1,98,1,0,16,
2017,GIL,C,GIL_C,GIL_C_2017,GIL_C_2017,6,4,4,5,4.75,0.957427108,16,3,.,16,38,38,0,3,0,86,2.5,0,16,
2017,GIL,C,GIL_C,GIL_C_2017,GIL_C_2017,3,9,5,2,4.75,3.095695937,63,16,.,38,16,3,0,0,0,98,2.5,0,0,
2017,GIL,C,GIL_C,GIL_C_2017,GIL_C_2017,8,1,5,4,4.5,2.886751346,0,16,.,16,16,38,3,3,1,98,1.5,0,16,
2017,GIL,C,GIL_C,GIL_C_2017,GIL_C_2017,5,2,5,6,4.5,1.732050808,0,16,.,38,16,63,0,0,1,98,1.5,0,0,
2017,GIL,C,GIL_C,GIL_C_2017,GIL_C_2017,3,5,3,7,4.5,1.914854216,38,0,.,16,38,63,0,16,1,86,1,2,86,
2017,GIL,C,GIL_C,GIL_C_2017,GIL_C_2017,2,4,5,6,4.25,1.707825128,16,3,.,16,38,38,0,38,1,98,1.5,1,63,
2017,GIL,C,GIL_C,GIL_C_2017,GIL_C_2017,4,3,4,4,3.75,0.5,16,38,.,16,16,16,0,3,1,98,1.5,1,38,
2017,GIL,C,GIL_C,GIL_C_2017,GIL_C_2017,4,4,2,5,3.75,1.258305739,0,3,.,38,38,63,0,3,3,63,0.5,0,16,
2017,GIL,C,GIL_C,GIL_C_2017,GIL_C_2017,2,2,5,4,3.25,1.5,3,3,.,16,38,63,0,3,3,86,1.5,1,16,
2017,GIL,C,GIL_C,GIL_C_2017,GIL_C_2017,2,3,2,5,3,1.414213562,3,3,.,16,38,63,0,16,3,98,1,0,63,
2017,GIL,C,GIL_C,GIL_C_2017,GIL_C_2017,6,1,3,2,3,2.160246899,16,3,.,16,16,86,0,3,1,86,1,1,86,
2017,GIL,C,GIL_C,GIL_C_2017,GIL_C_2017,2,5,2,3,3,1.414213562,16,16,.,16,16,86,0,16,0,98,1.5,1,86,
2017,GIL,C,GIL_C,GIL_C_2017,GIL_C_2017,2,3,0,5,2.5,2.081665999,16,3,.,16,38,86,0,16,1,86,1.5,0,86,
2017,GIL,C,GIL_C,GIL_C_2017,GIL_C_2017,2,2,3,2,2.25,0.5,16,3,.,16,38,63,0,0,16,86,1.5,1,0,
2017,GIL,C,GIL_C,GIL_C_2017,GIL_C_2017,5,2,0,2,2.25,2.061552813,16,3,.,16,38,38,0,3,3,98,1,0,16,
2017,GIL,C,GIL_C,GIL_C_2017,GIL_C_2017,2,2,2,3,2.25,0.5,16,16,.,16,38,38,0,16,1,86,1,1,38,
2017,GIL,N,GIL_N,GIL_N_2017,GIL_N_2017,8,8,9,10,8.75,0.957427108,0,3,.,16,86,16,0,3,0,98,2.5,0,16,
2017,GIL,N,GIL_N,GIL_N_2017,GIL_N_2017,5,11,10,8,8.5,2.645751311,0,3,.,38,86,1,16,3,3,86,5,0,3,
2017,GIL,N,GIL_N,GIL_N_2017,GIL_N_2017,6,7,8,6,6.75,0.957427108,0,16,.,38,38,3,0,0,16,86,0.5,0,0,
2017,GIL,N,GIL_N,GIL_N_2017,GIL_N_2017,6,5,7,7,6.25,0.957427108,3,16,.,16,63,16,0,16,16,86,1,0,38,
2017,GIL,N,GIL_N,GIL_N_2017,GIL_N_2017,10,3,6,5,6,2.943920289,16,63,.,16,16,3,16,16,1,98,1.5,0,86,
2017,GIL,N,GIL_N,GIL_N_2017,GIL_N_2017,3,5,9,7,6,2.581988897,0,38,.,38,63,0,1,0,3,98,1.5,0,0,
2017,GIL,N,GIL_N,GIL_N_2017,GIL_N_2017,7,5,6,6,6,0.816496581,0,38,.,16,38,0,0,16,0,98,1,0,63,
2017,GIL,N,GIL_N,GIL_N_2017,GIL_N_2017,5,4,6,5,5,0.816496581,0,16,.,16,16,38,0,0,3,86,3.5,0,0,
2017,GIL,N,GIL_N,GIL_N_2017,GIL_N_2017,5,5,5,2,4.25,1.5,3,0,.,38,38,16,0,0,0,98,3.5,1,0,
2017,GIL,N,GIL_N,GIL_N_2017,GIL_N_2017,3,5,5,2,3.75,1.5,1,0,.,38,38,16,0,16,3,86,0,1,38,
2017,GIL,N,GIL_N,GIL_N_2017,GIL_N_2017,2,3,8,2,3.75,2.872281323,16,16,.,38,16,38,0,0,1,98,0.5,0,0,
2017,GIL,N,GIL_N,GIL_N_2017,GIL_N_2017,5,3,1,2,2.75,1.707825128,0,63,.,38,16,0,0,0,0,98,2,0,0,
2017,GIL,N,GIL_N,GIL_N_2017,GIL_N_2017,3,2,3,3,2.75,0.5,3,0,.,63,38,16,0,0,16,86,3,0,0,
2017,GIL,N,GIL_N,GIL_N_2017,GIL_N_2017,3,2,4,2,2.75,0.957427108,3,0,.,16,16,38,0,0,16,86,1,0,0,
2017,GIL,N,GIL_N,GIL_N_2017,GIL_N_2017,5,1,4,0,2.5,2.380476143,16,0,.,16,38,16,0,0,0,98,0.5,1,0,
2017,GIL,N,GIL_N,GIL_N_2017,GIL_N_2017,2,2,3,2,2.25,0.5,3,3,.,38,38,38,0,0,3,98,2,0,0,
2017,GIL,N,GIL_N,GIL_N_2017,GIL_N_2017,1,3,1,2,1.75,0.957427108,1,0,.,38,38,16,0,16,3,86,1,1,38,
2017,GIL,N,GIL_N,GIL_N_2017,GIL_N_2017,2,2,2,1,1.75,0.5,16,3,.,38,16,3,0,0,3,86,2,1,0,
2017,GIL,N,GIL_N,GIL_N_2017,GIL_N_2017,2,2,1,2,1.75,0.5,0,0,.,63,38,0,0,0,16,63,0,0,0,
2017,GIL,N,GIL_N,GIL_N_2017,GIL_N_2017,1,3,1,1,1.5,1,0,0,.,38,38,0,0,16,3,86,0.5,0,63,
2017,GIL,N,GIL_N,GIL_N_2017,GIL_N_2017,0,2,0,1,0.75,0.957427108,0,0,.,16,63,3,0,0,38,38,0,1,0,
2017,GIL,N,GIL_N,GIL_N_2017,GIL_N_2017,0,2,0,1,0.75,0.957427108,16,0,.,38,16,63,0,0,16,63,0,0,0,
2017,GIL,N,GIL_N,GIL_N_2017,GIL_N_2017,0,0,1,1,0.5,0.577350269,16,16,.,16,16,16,0,0,3,98,0,1,0,
2017,GIL,N,GIL_N,GIL_N_2017,GIL_N_2017,1,0,0,0,0.25,0.5,16,0,.,3,16,3,0,0,16,86,1.5,0,0,
2017,GIL,S,GIL_S,GIL_S_2017,GIL_S_2017,13,8,9,14,11,2.943920289,3,3,.,98,86,0,3,38,1,98,1,0,63,
2017,GIL,S,GIL_S,GIL_S_2017,GIL_S_2017,8,14,10,10,10.5,2.516611478,16,38,.,0,38,16,0,16,16,86,2.5,0,38,
2017,GIL,S,GIL_S,GIL_S_2017,GIL_S_2017,9,8,17,7,10.25,4.573474245,0,16,.,63,63,38,0,16,16,86,2,0,63,
2017,GIL,S,GIL_S,GIL_S_2017,GIL_S_2017,7,12,8,9,9,2.160246899,86,16,.,16,63,3,16,38,3,98,1.5,0,86,
2017,GIL,S,GIL_S,GIL_S_2017,GIL_S_2017,2,14,2,16,8.5,7.549834435,0,63,.,16,3,0,16,0,0,98,1,0,0,
2017,GIL,S,GIL_S,GIL_S_2017,GIL_S_2017,5,12,5,11,8.25,3.774917218,0,3,.,98,63,3,0,63,0,98,2,0,98,
2017,GIL,S,GIL_S,GIL_S_2017,GIL_S_2017,8,8,6,11,8.25,2.061552813,16,0,.,38,3,38,0,0,0,98,1,0,0,
2017,GIL,S,GIL_S,GIL_S_2017,GIL_S_2017,8,8,8,7,7.75,0.5,16,86,.,16,16,0,0,0,0,98,1,0,0,
2017,GIL,S,GIL_S,GIL_S_2017,GIL_S_2017,3,6,2,20,7.75,8.341662504,0,3,.,98,86,0,0,63,0,98,1.5,0,86,
2017,GIL,S,GIL_S,GIL_S_2017,GIL_S_2017,8,9,4,9,7.5,2.380476143,38,38,.,0,86,16,0,63,3,86,1.5,0,86,
2017,GIL,S,GIL_S,GIL_S_2017,GIL_S_2017,5,9,14,2,7.5,5.196152423,0,16,.,63,38,63,3,16,16,86,0.5,0,38,
2017,GIL,S,GIL_S,GIL_S_2017,GIL_S_2017,8,7,5,9,7.25,1.707825128,0,63,.,16,16,16,0,0,0,98,2.5,0,0,
2017,GIL,S,GIL_S,GIL_S_2017,GIL_S_2017,4,9,9,6,7,2.449489743,38,3,.,38,38,16,3,38,3,98,1,0,98,
2017,GIL,S,GIL_S,GIL_S_2017,GIL_S_2017,8,6,5,8,6.75,1.5,0,38,.,38,16,3,0,16,1,98,1,0,86,
2017,GIL,S,GIL_S,GIL_S_2017,GIL_S_2017,5,8,4,8,6.25,2.061552813,0,63,.,16,16,38,0,0,3,86,1.5,0,0,
2017,GIL,S,GIL_S,GIL_S_2017,GIL_S_2017,11,4,3,7,6.25,3.593976442,0,3,.,98,38,3,0,16,1,98,2,0,38,
2017,GIL,S,GIL_S,GIL_S_2017,GIL_S_2017,6,8,2,8,6,2.828427125,0,63,.,0,16,63,0,16,1,98,0.5,0,86,
2017,GIL,S,GIL_S,GIL_S_2017,GIL_S_2017,2,8,11,3,6,4.242640687,0,98,.,0,38,3,0,16,3,98,1,0,38,
2017,GIL,S,GIL_S,GIL_S_2017,GIL_S_2017,7,8,4,4,5.75,2.061552813,0,16,.,16,16,38,0,0,3,86,0.5,0,0,
2017,GIL,S,GIL_S,GIL_S_2017,GIL_S_2017,6,2,7,7,5.5,2.380476143,3,38,.,16,16,63,0,0,3,98,1.5,0,0,
2017,GIL,S,GIL_S,GIL_S_2017,GIL_S_2017,9,5,5,3,5.5,2.516611478,16,63,.,0,38,16,0,3,3,98,3,0,3,
2017,GIL,S,GIL_S,GIL_S_2017,GIL_S_2017,4,4,6,5,4.75,0.957427108,3,38,.,3,16,86,0,16,1,98,2,0,86,
2017,GIL,S,GIL_S,GIL_S_2017,GIL_S_2017,6,2,3,6,4.25,2.061552813,0,98,.,3,3,0,0,0,16,86,2.5,0,0,
2017,GIL,S,GIL_S,GIL_S_2017,GIL_S_2017,1,1,2,8,3,3.366501646,0,86,.,0,16,63,0,0,16,86,1.5,0,0,
2017,GIL,S,GIL_S,GIL_S_2017,GIL_S_2017,2,1,0,1,1,0.816496581,1,16,.,86,38,3,0,0,3,98,1,0,0,
2017,GIL,S,GIL_S,GIL_S_2017,GIL_S_2017,0,3,0,0,0.75,1.5,38,38,.,0,16,63,0,0,0,98,1,0,0,
2017,GIL,S,GIL_S,GIL_S_2017,GIL_S_2017,0,0,1,0,0.25,0.5,3,16,.,3,3,86,0,0,0,86,0.5,0,0,
2017,GIL,S,GIL_S,GIL_S_2017,GIL_S_2017,0,0,0,0,0,0,0,3,.,63,16,3,0,3,16,86,1,0,63,
2017,KLN,C,KLN_C,KLN_C_2017,KLN_C_2017,2,2,2,2,2,0,3,38,.,16,63,38,0,0,63,16,1,0,0,
2017,KLN,C,KLN_C,KLN_C_2017,KLN_C_2017,2,2,1,2,1.75,0.5,16,0,.,0,16,86,0,0,98,1,0,0,0,
2017,KLN,C,KLN_C,KLN_C_2017,KLN_C_2017,1,1,2,3,1.75,0.957427108,16,0,.,0,16,38,0,16,86,3,0,0,86,
2017,KLN,C,KLN_C,KLN_C_2017,KLN_C_2017,1,1,2,2,1.5,0.577350269,16,3,.,0,16,86,0,0,98,1,0,0,0,
2017,KLN,C,KLN_C,KLN_C_2017,KLN_C_2017,1,2,2,1,1.5,0.577350269,38,0,.,3,16,16,0,16,98,1,0,1,98,
2017,KLN,C,KLN_C,KLN_C_2017,KLN_C_2017,1,2,1,1,1.25,0.5,3,16,.,0,16,86,0,0,98,1,0,0,0,
2017,KLN,C,KLN_C,KLN_C_2017,KLN_C_2017,1,2,1,1,1.25,0.5,16,16,.,0,16,86,0,0,98,1,0,0,0,
2017,KLN,C,KLN_C,KLN_C_2017,KLN_C_2017,2,1,1,1,1.25,0.5,16,38,.,0,16,38,0,0,98,1,0,0,0,
2017,KLN,C,KLN_C,KLN_C_2017,KLN_C_2017,1,2,1,1,1.25,0.5,16,3,.,0,3,86,0,0,98,1,0,0,0,
2017,KLN,C,KLN_C,KLN_C_2017,KLN_C_2017,2,1,1,1,1.25,0.5,16,3,.,0,16,38,0,0,86,16,0.5,0,0,
2017,KLN,C,KLN_C,KLN_C_2017,KLN_C_2017,1,1,2,1,1.25,0.5,16,16,.,3,16,3,0,0,86,3,0.5,0,0,
2017,KLN,C,KLN_C,KLN_C_2017,KLN_C_2017,1,1,1,1,1,0,16,3,.,0,38,63,0,3,98,1,0,0,3,
2017,KLN,C,KLN_C,KLN_C_2017,KLN_C_2017,1,1,1,1,1,0,38,1,.,0,3,16,0,0,98,3,0,0,0,
2017,KLN,C,KLN_C,KLN_C_2017,KLN_C_2017,1,1,1,1,1,0,38,3,.,0,16,63,0,0,98,1,0,0,0,
2017,KLN,C,KLN_C,KLN_C_2017,KLN_C_2017,1,1,1,1,1,0,38,3,.,0,3,63,0,3,98,1,0,0,98,
2017,KLN,C,KLN_C,KLN_C_2017,KLN_C_2017,1,1,1,1,1,0,38,3,.,0,3,63,0,0,98,1,0,0,0,
2017,KLN,C,KLN_C,KLN_C_2017,KLN_C_2017,1,1,1,1,1,0,16,0,.,0,16,38,0,3,98,1,0,0,16,
2017,KLN,C,KLN_C,KLN_C_2017,KLN_C_2017,1,1,1,1,1,0,38,3,.,0,16,3,0,0,98,1,0,0,0,
2017,KLN,C,KLN_C,KLN_C_2017,KLN_C_2017,1,1,1,1,1,0,38,3,.,3,16,16,0,0,1,98,0,0,0,
2017,KLN,C,KLN_C,KLN_C_2017,KLN_C_2017,1,1,1,1,1,0,38,0,.,3,16,38,0,3,98,1,0,1,16,
2017,KLN,C,KLN_C,KLN_C_2017,KLN_C_2017,1,1,1,1,1,0,38,3,.,3,16,16,0,16,98,1,0,1,86,
2017,KLN,C,KLN_C,KLN_C_2017,KLN_C_2017,1,1,1,1,1,0,38,16,.,0,16,63,0,0,98,1,0,0,0,
2017,KLN,C,KLN_C,KLN_C_2017,KLN_C_2017,1,1,1,1,1,0,16,38,.,0,16,63,0,0,98,1,0,0,0,
2017,KLN,C,KLN_C,KLN_C_2017,KLN_C_2017,1,1,1,1,1,0,38,3,.,0,16,63,0,0,98,3,0,0,0,
2017,KLN,E,KLN_E,KLN_E_2017,KLN_E_2017,4,4,5,2,3.75,1.258305739,38,3,.,0,38,3,0,16,1,98,4,0,16,
2017,KLN,E,KLN_E,KLN_E_2017,KLN_E_2017,2,3,3,6,3.5,1.732050808,16,16,.,0,16,38,0,0,16,86,0.5,0,0,
2017,KLN,E,KLN_E,KLN_E_2017,KLN_E_2017,4,3,3,4,3.5,0.577350269,3,38,.,0,16,16,0,3,1,98,4,0,16,
2017,KLN,E,KLN_E,KLN_E_2017,KLN_E_2017,3,4,3,4,3.5,0.577350269,38,16,.,3,16,1,0,16,1,98,3,0,98,
2017,KLN,E,KLN_E,KLN_E_2017,KLN_E_2017,3,3,4,4,3.5,0.577350269,16,3,.,0,63,38,0,0,3,86,1.5,0,0,
2017,KLN,E,KLN_E,KLN_E_2017,KLN_E_2017,2,4,2,4,3,1.154700538,38,3,.,0,16,16,0,3,16,86,1.5,0,16,
2017,KLN,E,KLN_E,KLN_E_2017,KLN_E_2017,4,4,2,2,3,1.154700538,38,3,.,3,16,16,0,0,1,98,2,1,0,
2017,KLN,E,KLN_E,KLN_E_2017,KLN_E_2017,4,2,4,2,3,1.154700538,38,3,.,0,16,0,0,16,1,98,3,0,63,
2017,KLN,E,KLN_E,KLN_E_2017,KLN_E_2017,3,2,2,4,2.75,0.957427108,16,38,.,0,3,38,0,0,16,86,1,0,0,
2017,KLN,E,KLN_E,KLN_E_2017,KLN_E_2017,2,2,4,2,2.5,1,38,3,.,0,16,0,0,16,3,86,2,0,98,
2017,KLN,E,KLN_E,KLN_E_2017,KLN_E_2017,2,2,4,2,2.5,1,38,3,.,0,3,38,0,3,1,98,2.5,0,98,
2017,KLN,E,KLN_E,KLN_E_2017,KLN_E_2017,2,2,4,2,2.5,1,16,38,.,0,16,16,0,0,16,86,1,0,0,
2017,KLN,E,KLN_E,KLN_E_2017,KLN_E_2017,3,2,2,2,2.25,0.5,16,16,.,0,3,16,0,0,86,16,1,0,0,
2017,KLN,E,KLN_E,KLN_E_2017,KLN_E_2017,3,3,1,2,2.25,0.957427108,38,16,.,16,16,63,0,16,16,86,1,0,63,
2017,KLN,E,KLN_E,KLN_E_2017,KLN_E_2017,2,2,2,2,2,0,38,3,.,3,3,16,0,3,16,86,2.5,0,86,
2017,KLN,E,KLN_E,KLN_E_2017,KLN_E_2017,2,2,2,2,2,0,3,16,.,1,38,16,0,16,1,98,1,0,38,
2017,KLN,E,KLN_E,KLN_E_2017,KLN_E_2017,2,2,2,2,2,0,38,3,.,3,3,16,0,0,16,86,0.5,0,0,
2017,KLN,E,KLN_E,KLN_E_2017,KLN_E_2017,2,2,2,2,2,0,16,3,.,0,16,16,0,0,3,86,2.5,0,0,
2017,KLN,E,KLN_E,KLN_E_2017,KLN_E_2017,2,2,2,2,2,0,38,3,.,3,16,0,0,3,3,86,3.5,1,16,
2017,KLN,E,KLN_E,KLN_E_2017,KLN_E_2017,2,2,2,2,2,0,16,3,.,38,16,16,0,0,86,16,0,0,0,
2017,KLN,E,KLN_E,KLN_E_2017,KLN_E_2017,2,2,2,2,2,0,38,3,.,0,16,0,0,0,3,86,1,0,0,
2017,KLN,E,KLN_E,KLN_E_2017,KLN_E_2017,2,2,2,2,2,0,3,16,.,3,63,63,0,0,3,86,0.5,0,0,
2017,KLN,E,KLN_E,KLN_E_2017,KLN_E_2017,2,2,2,2,2,0,0,16,.,3,38,16,0,16,1,98,1,0,63,
2017,KLN,E,KLN_E,KLN_E_2017,KLN_E_2017,2,2,1,2,1.75,0.5,16,16,.,3,16,38,0,0,1,98,2,0,0,
2017,KLN,E,KLN_E,KLN_E_2017,KLN_E_2017,2,2,1,2,1.75,0.5,3,86,.,0,16,0,0,16,16,86,1,0,98,
2017,KLN,E,KLN_E,KLN_E_2017,KLN_E_2017,2,2,1,2,1.75,0.5,16,16,.,38,16,38,0,0,38,63,0.5,0,0,
2017,KLN,E,KLN_E,KLN_E_2017,KLN_E_2017,2,1,1,2,1.5,0.577350269,16,16,.,3,1,38,0,0,0,98,2,0,0,
2017,KLN,E,KLN_E,KLN_E_2017,KLN_E_2017,1,1,2,1,1.25,0.5,16,38,.,3,38,16,0,0,16,86,1,0,0,
2017,KLN,E,KLN_E,KLN_E_2017,KLN_E_2017,1,1,1,1,1,0,16,38,.,0,16,38,0,0,3,98,1,0,0,
2017,KLN,E,KLN_E,KLN_E_2017,KLN_E_2017,1,1,1,1,1,0,0,38,.,16,16,38,0,0,38,38,1,0,0,
2017,KLN,W,KLN_W,KLN_W_2017,KLN_W_2017,4,8,6,3,5.25,2.217355783,38,16,.,0,16,0,0,0,1,98,3.5,0,0,
2017,KLN,W,KLN_W,KLN_W_2017,KLN_W_2017,6,5,5,5,5.25,0.5,38,16,.,0,38,1,0,16,3,86,3,0,16,
2017,KLN,W,KLN_W,KLN_W_2017,KLN_W_2017,4,5,4,3,4,0.816496581,16,38,.,0,16,0,0,3,3,98,2.5,0,3,
2017,KLN,W,KLN_W,KLN_W_2017,KLN_W_2017,4,4,3,4,3.75,0.5,16,16,.,1,16,3,0,16,1,98,4,1,86,
2017,KLN,W,KLN_W,KLN_W_2017,KLN_W_2017,2,5,3,4,3.5,1.290994449,63,3,.,3,16,0,0,16,1,98,1,0,38,
2017,KLN,W,KLN_W,KLN_W_2017,KLN_W_2017,3,3,5,3,3.5,1,63,16,.,3,16,0,0,0,1,98,3.5,1,0,
2017,KLN,W,KLN_W,KLN_W_2017,KLN_W_2017,4,1,6,2,3.25,2.217355783,16,16,.,3,38,16,0,16,16,86,1,0,38,
2017,KLN,W,KLN_W,KLN_W_2017,KLN_W_2017,2,3,4,4,3.25,0.957427108,38,16,.,0,16,0,0,0,1,98,1.5,0,0,
2017,KLN,W,KLN_W,KLN_W_2017,KLN_W_2017,2,4,2,4,3,1.154700538,38,16,.,0,16,0,0,0,1,98,1,0,0,
2017,KLN,W,KLN_W,KLN_W_2017,KLN_W_2017,4,2,3,3,3,0.816496581,38,3,.,1,16,0,0,3,1,98,1.5,1,16,
2017,KLN,W,KLN_W,KLN_W_2017,KLN_W_2017,5,2,2,2,2.75,1.5,38,16,.,0,3,0,0,3,1,98,1.5,0,98,
2017,KLN,W,KLN_W,KLN_W_2017,KLN_W_2017,3,4,2,2,2.75,0.957427108,38,0,.,0,0,3,16,3,1,98,6,0,98,
2017,KLN,W,KLN_W,KLN_W_2017,KLN_W_2017,2,4,2,3,2.75,0.957427108,63,16,.,0,16,0,0,16,1,98,2,0,86,
2017,KLN,W,KLN_W,KLN_W_2017,KLN_W_2017,3,2,3,3,2.75,0.5,38,16,.,0,3,16,0,3,1,98,1,0,86,
2017,KLN,W,KLN_W,KLN_W_2017,KLN_W_2017,2,3,3,2,2.5,0.577350269,16,38,.,0,16,3,0,0,1,98,0.5,0,0,
2017,KLN,W,KLN_W,KLN_W_2017,KLN_W_2017,2,2,3,3,2.5,0.577350269,38,3,.,3,16,16,0,0,3,86,1,1,0,
2017,KLN,W,KLN_W,KLN_W_2017,KLN_W_2017,3,3,2,2,2.5,0.577350269,3,38,.,3,16,0,0,3,38,63,0.5,0,16,
2017,KLN,W,KLN_W,KLN_W_2017,KLN_W_2017,3,1,4,2,2.5,1.290994449,38,3,.,1,16,0,0,16,1,98,1,0,98,
2017,KLN,W,KLN_W,KLN_W_2017,KLN_W_2017,2,2,3,3,2.5,0.577350269,16,38,.,3,38,16,0,0,3,86,0.5,0,0,
2017,KLN,W,KLN_W,KLN_W_2017,KLN_W_2017,3,2,3,2,2.5,0.577350269,16,38,.,3,38,3,0,0,3,86,1,1,0,
2017,KLN,W,KLN_W,KLN_W_2017,KLN_W_2017,3,3,2,2,2.5,0.577350269,38,3,.,0,16,0,0,0,3,86,1,0,0,
2017,KLN,W,KLN_W,KLN_W_2017,KLN_W_2017,3,2,3,1,2.25,0.957427108,38,16,.,0,16,0,0,3,1,98,1,0,16,
2017,KLN,W,KLN_W,KLN_W_2017,KLN_W_2017,2,2,3,2,2.25,0.5,16,38,.,0,16,16,0,16,1,98,1,0,3,
2017,KLN,W,KLN_W,KLN_W_2017,KLN_W_2017,2,2,3,2,2.25,0.5,38,3,.,0,16,0,0,3,1,98,1,0,16,
2017,KLN,W,KLN_W,KLN_W_2017,KLN_W_2017,2,2,2,2,2,0,38,16,.,0,16,16,0,0,1,98,2,0,0,
2017,KLN,W,KLN_W,KLN_W_2017,KLN_W_2017,2,2,2,2,2,0,38,3,.,3,16,38,0,16,1,98,2,1,86,
2017,KLN,W,KLN_W,KLN_W_2017,KLN_W_2017,2,1,3,2,2,0.816496581,16,16,.,3,16,63,0,0,1,98,1,1,0,
2017,KLN,W,KLN_W,KLN_W_2017,KLN_W_2017,2,2,2,2,2,0,16,0,.,3,16,3,0,3,3,86,1.5,1,86,
2017,KLN,W,KLN_W,KLN_W_2017,KLN_W_2017,2,2,2,2,2,0,16,0,.,0,0,16,0,0,38,38,1.5,0,0,
2017,KLN,W,KLN_W,KLN_W_2017,KLN_W_2017,2,2,2,2,2,0,16,16,.,3,16,1,0,0,1,98,1,1,0,
2017,KLN,W,KLN_W,KLN_W_2017,KLN_W_2017,2,2,2,2,2,0,16,16,.,16,38,0,0,0,1,98,1,0,0,
2017,KLN,W,KLN_W,KLN_W_2017,KLN_W_2017,2,2,2,2,2,0,16,38,.,0,16,63,0,0,1,98,1,0,0,
2017,KLN,W,KLN_W,KLN_W_2017,KLN_W_2017,2,2,2,2,2,0,16,0,.,3,16,0,0,0,1,98,1,2,0,
2017,KLN,W,KLN_W,KLN_W_2017,KLN_W_2017,3,2,1,1,1.75,0.957427108,16,16,.,3,3,86,0,0,1,98,1,0,0,
2017,KLN,W,KLN_W,KLN_W_2017,KLN_W_2017,1,2,2,2,1.75,0.5,3,16,.,3,16,16,0,0,3,86,1,0,0,
2017,KLN,W,KLN_W,KLN_W_2017,KLN_W_2017,2,2,2,1,1.75,0.5,16,38,.,0,3,0,0,0,1,98,1,0,0,
2017,KLT,E,KLT_E,KLT_E_2017,KLT_E_2017,14,15,15,15,14.75,0.5,1,0,.,16,86,38,0,86,16,86,0.5,0,86,
2017,KLT,E,KLT_E,KLT_E_2017,KLT_E_2017,13,15,15,14,14.25,0.957427108,63,0,.,16,86,0,0,16,38,63,2.5,0,16,
2017,KLT,E,KLT_E,KLT_E_2017,KLT_E_2017,11,9,8,8,9,1.414213562,38,0,.,3,16,38,0,0,38,63,1,0,0,
2017,KLT,E,KLT_E,KLT_E_2017,KLT_E_2017,8,5,7,12,8,2.943920289,63,0,.,16,63,0,0,16,38,63,0.5,0,38,
2017,KLT,E,KLT_E,KLT_E_2017,KLT_E_2017,7,8,10,6,7.75,1.707825128,38,0,.,3,16,38,0,3,1,98,3,0,38,
2017,KLT,E,KLT_E,KLT_E_2017,KLT_E_2017,7,8,5,5,6.25,1.5,0,16,.,38,3,0,0,0,0,98,3.5,0,0,
2017,KLT,E,KLT_E,KLT_E_2017,KLT_E_2017,9,5,6,3,5.75,2.5,16,0,.,1,16,16,0,16,16,86,1,0,38,
2017,KLT,E,KLT_E,KLT_E_2017,KLT_E_2017,5,8,6,2,5.25,2.5,63,0,.,3,16,0,0,16,0,98,10,0,98,
2017,KLT,E,KLT_E,KLT_E_2017,KLT_E_2017,5,7,2,5,4.75,2.061552813,38,0,.,16,16,0,0,16,16,86,1.5,0,86,
2017,KLT,E,KLT_E,KLT_E_2017,KLT_E_2017,5,3,6,4,4.5,1.290994449,0,0,.,16,38,38,0,3,38,63,6.5,0,16,
2017,KLT,E,KLT_E,KLT_E_2017,KLT_E_2017,3,4,5,5,4.25,0.957427108,38,0,.,3,38,38,0,16,3,86,5,0,16,
2017,KLT,E,KLT_E,KLT_E_2017,KLT_E_2017,3,5,6,3,4.25,1.5,0,16,.,16,63,0,0,0,16,86,4,0,0,
2017,KLT,E,KLT_E,KLT_E_2017,KLT_E_2017,2,5,2,7,4,2.449489743,16,0,.,16,38,16,0,16,3,98,2,0,38,
2017,KLT,E,KLT_E,KLT_E_2017,KLT_E_2017,5,3,3,5,4,1.154700538,86,0,.,16,16,3,0,3,3,86,3.5,0,38,
2017,KLT,E,KLT_E,KLT_E_2017,KLT_E_2017,4,6,3,3,4,1.414213562,63,0,.,63,16,0,0,3,0,98,8.5,0,16,
2017,KLT,E,KLT_E,KLT_E_2017,KLT_E_2017,3,3,5,4,3.75,0.957427108,38,0,.,3,16,0,0,3,3,86,2.5,1,38,
2017,KLT,E,KLT_E,KLT_E_2017,KLT_E_2017,2,5,3,5,3.75,1.5,16,0,.,1,16,3,0,3,3,98,1.5,0,38,
2017,KLT,E,KLT_E,KLT_E_2017,KLT_E_2017,3,1,3,7,3.5,2.516611478,63,0,.,0,16,3,0,0,3,86,1,0,0,
2017,KLT,E,KLT_E,KLT_E_2017,KLT_E_2017,2,3,4,5,3.5,1.290994449,38,0,.,3,38,38,0,16,1,98,5.5,0,63,
2017,KLT,E,KLT_E,KLT_E_2017,KLT_E_2017,3,4,2,5,3.5,1.290994449,16,0,.,3,16,16,0,16,3,86,5,0,63,
2017,KLT,E,KLT_E,KLT_E_2017,KLT_E_2017,3,3,4,3,3.25,0.5,38,0,.,1,16,16,0,0,38,63,5,0,0,
2017,KLT,E,KLT_E,KLT_E_2017,KLT_E_2017,2,3,5,3,3.25,1.258305739,63,0,.,3,16,0,0,0,38,63,4.5,0,0,
2017,KLT,E,KLT_E,KLT_E_2017,KLT_E_2017,3,4,3,2,3,0.816496581,3,0,.,3,63,38,0,3,63,16,0,0,3,
2017,KLT,E,KLT_E,KLT_E_2017,KLT_E_2017,3,2,2,4,2.75,0.957427108,16,0,.,16,38,16,0,38,38,38,2,0,63,
2017,KLT,E,KLT_E,KLT_E_2017,KLT_E_2017,3,3,2,3,2.75,0.5,63,0,.,16,16,0,0,0,1,98,5.5,1,0,
2017,KLT,E,KLT_E,KLT_E_2017,KLT_E_2017,3,4,1,2,2.5,1.290994449,16,0,.,16,16,16,16,0,3,86,5.5,0,0,
2017,KLT,E,KLT_E,KLT_E_2017,KLT_E_2017,1,3,2,3,2.25,0.957427108,16,0,.,16,16,16,0,0,3,98,2.5,0,0,
2017,KLT,E,KLT_E,KLT_E_2017,KLT_E_2017,2,2,1,3,2,0.816496581,63,0,.,1,3,0,0,0,16,63,0.5,0,0,
2017,KLT,E,KLT_E,KLT_E_2017,KLT_E_2017,1,1,2,3,1.75,0.957427108,3,3,.,16,3,3,0,0,3,98,0.5,1,0,
2017,KLT,E,KLT_E,KLT_E_2017,KLT_E_2017,3,1,1,1,1.5,1,1,16,.,38,3,16,0,0,1,98,0.5,1,0,
2017,KLT,S,KLT_S,KLT_S_2017,KLT_S_2017,7,7,9,8,7.75,0.957427108,16,0,.,16,16,16,0,16,3,63,1,0,16,
2017,KLT,S,KLT_S,KLT_S_2017,KLT_S_2017,7,3,16,5,7.75,5.737304826,1,0,.,16,38,16,0,16,0,98,2.5,1,38,
2017,KLT,S,KLT_S,KLT_S_2017,KLT_S_2017,8,10,6,7,7.75,1.707825128,0,0,.,38,16,0,63,3,0,98,1.5,1,16,
2017,KLT,S,KLT_S,KLT_S_2017,KLT_S_2017,7,7,7,8,7.25,0.5,63,0,.,1,38,3,0,0,3,86,5,0,0,
2017,KLT,S,KLT_S,KLT_S_2017,KLT_S_2017,5,7,9,8,7.25,1.707825128,38,0,.,16,16,3,0,16,0,98,13,1,63,
2017,KLT,S,KLT_S,KLT_S_2017,KLT_S_2017,10,5,3,10,7,3.559026084,16,0,.,16,16,3,38,16,3,86,12,0,16,
2017,KLT,S,KLT_S,KLT_S_2017,KLT_S_2017,6,7,7,7,6.75,0.5,63,0,.,3,16,16,0,0,0,98,2.5,0,0,
2017,KLT,S,KLT_S,KLT_S_2017,KLT_S_2017,7,6,7,7,6.75,0.5,16,0,.,1,38,3,0,0,16,86,4,0,0,
2017,KLT,S,KLT_S,KLT_S_2017,KLT_S_2017,6,7,7,6,6.5,0.577350269,63,0,.,0,38,3,0,0,0,98,6,0,0,
2017,KLT,S,KLT_S,KLT_S_2017,KLT_S_2017,7,3,10,6,6.5,2.886751346,16,0,.,16,16,0,3,16,1,98,1,0,63,
2017,KLT,S,KLT_S,KLT_S_2017,KLT_S_2017,3,5,5,12,6.25,3.947573094,16,0,.,38,16,0,0,16,0,98,2.5,0,86,
2017,KLT,S,KLT_S,KLT_S_2017,KLT_S_2017,7,6,6,6,6.25,0.5,63,0,.,3,16,0,0,0,1,98,7,1,0,
2017,KLT,S,KLT_S,KLT_S_2017,KLT_S_2017,6,6,7,6,6.25,0.5,38,1,.,1,16,0,0,0,3,98,9,0,0,
2017,KLT,S,KLT_S,KLT_S_2017,KLT_S_2017,5,5,7,7,6,1.154700538,63,0,.,1,3,16,0,0,38,63,0,0,0,
2017,KLT,S,KLT_S,KLT_S_2017,KLT_S_2017,7,5,5,7,6,1.154700538,38,0,.,16,16,3,0,16,3,98,4,0,38,
2017,KLT,S,KLT_S,KLT_S_2017,KLT_S_2017,4,7,7,6,6,1.414213562,38,0,.,0,16,0,0,0,3,86,12,0,0,
2017,KLT,S,KLT_S,KLT_S_2017,KLT_S_2017,6,6,7,5,6,0.816496581,38,0,.,3,38,0,0,16,3,98,7.5,1,63,
2017,KLT,S,KLT_S,KLT_S_2017,KLT_S_2017,7,4,7,5,5.75,1.5,0,0,.,38,63,16,0,0,0,98,3.5,0,0,
2017,KLT,S,KLT_S,KLT_S_2017,KLT_S_2017,7,5,5,6,5.75,0.957427108,16,0,.,3,63,16,0,16,16,63,0.5,0,38,
2017,KLT,S,KLT_S,KLT_S_2017,KLT_S_2017,6,4,7,6,5.75,1.258305739,63,0,.,3,16,16,0,0,1,98,7,0,0,
2017,KLT,S,KLT_S,KLT_S_2017,KLT_S_2017,7,5,6,5,5.75,0.957427108,63,0,.,1,16,0,0,0,3,98,3.5,1,0,
2017,KLT,S,KLT_S,KLT_S_2017,KLT_S_2017,5,5,5,7,5.5,1,16,0,.,0,16,0,0,0,1,98,5,0,0,
2017,KLT,S,KLT_S,KLT_S_2017,KLT_S_2017,5,6,8,3,5.5,2.081665999,38,1,.,16,3,3,38,0,3,86,4.5,0,0,
2017,KLT,S,KLT_S,KLT_S_2017,KLT_S_2017,5,5,4,8,5.5,1.732050808,38,1,.,3,16,16,0,0,1,98,1,1,0,
2017,KLT,S,KLT_S,KLT_S_2017,KLT_S_2017,5,5,6,5,5.25,0.5,38,0,.,3,38,0,0,0,1,98,10,1,0,
2017,KLT,S,KLT_S,KLT_S_2017,KLT_S_2017,5,5,5,5,5,0,16,0,.,3,38,16,0,16,38,63,6.5,0,38,
2017,KLT,S,KLT_S,KLT_S_2017,KLT_S_2017,4,5,3,7,4.75,1.707825128,0,0,.,16,16,3,38,16,1,98,4,0,38,
2017,KLT,S,KLT_S,KLT_S_2017,KLT_S_2017,5,5,3,5,4.5,1,38,3,.,3,16,3,3,3,0,98,1,1,16,
2017,KLT,S,KLT_S,KLT_S_2017,KLT_S_2017,4,4,2,3,3.25,0.957427108,63,1,.,0,16,16,0,16,3,98,2,0,63,
2017,KLT,S,KLT_S,KLT_S_2017,KLT_S_2017,5,1,3,3,3,1.632993162,38,0,.,0,0,3,0,0,86,16,12,0,0,
2017,KLT,W,KLT_W,KLT_W_2017,KLT_W_2017,20,20,20,20,20,0,0,0,.,3,63,0,0,0,16,86,2.5,0,0,
2017,KLT,W,KLT_W,KLT_W_2017,KLT_W_2017,20,10,19,18,16.75,4.573474245,38,0,.,3,63,0,0,3,16,86,1.5,0,3,
2017,KLT,W,KLT_W,KLT_W_2017,KLT_W_2017,20,12,16,15,15.75,3.304037934,16,0,.,0,86,16,0,3,38,63,1.5,0,3,
2017,KLT,W,KLT_W,KLT_W_2017,KLT_W_2017,13,13,12,7,11.25,2.872281323,38,0,.,3,16,16,0,3,38,63,0.5,0,38,
2017,KLT,W,KLT_W,KLT_W_2017,KLT_W_2017,10,10,7,13,10,2.449489743,16,0,.,1,38,0,0,38,0,98,6,0,86,
2017,KLT,W,KLT_W,KLT_W_2017,KLT_W_2017,5,13,15,7,10,4.760952286,86,0,.,0,16,63,0,16,3,98,10,0,98,
2017,KLT,W,KLT_W,KLT_W_2017,KLT_W_2017,3,7,9,12,7.75,3.774917218,0,0,.,63,1,0,0,0,0,98,11,0,0,
2017,KLT,W,KLT_W,KLT_W_2017,KLT_W_2017,8,7,9,6,7.5,1.290994449,16,0,.,0,38,16,0,16,16,86,4.5,0,38,
2017,KLT,W,KLT_W,KLT_W_2017,KLT_W_2017,8,7,7,5,6.75,1.258305739,63,0,.,1,38,16,0,16,3,86,3.5,0,38,
2017,KLT,W,KLT_W,KLT_W_2017,KLT_W_2017,10,7,3,6,6.5,2.886751346,3,0,.,16,86,0,0,16,38,38,3,0,38,
2017,KLT,W,KLT_W,KLT_W_2017,KLT_W_2017,8,7,5,6,6.5,1.290994449,38,0,.,1,38,38,0,3,38,38,4,0,16,
2017,KLT,W,KLT_W,KLT_W_2017,KLT_W_2017,7,7,4,6,6,1.414213562,63,0,.,1,38,16,0,16,38,63,0.5,0,16,
2017,KLT,W,KLT_W,KLT_W_2017,KLT_W_2017,7,4,5,7,5.75,1.5,16,0,.,3,38,38,0,3,63,38,0.5,0,16,
2017,KLT,W,KLT_W,KLT_W_2017,KLT_W_2017,5,5,7,6,5.75,0.957427108,63,0,.,3,16,16,0,16,16,86,3,0,38,
2017,KLT,W,KLT_W,KLT_W_2017,KLT_W_2017,4,15,1,1,5.25,6.652067348,16,0,.,3,16,38,38,16,16,86,2.5,0,63,
2017,KLT,W,KLT_W,KLT_W_2017,KLT_W_2017,5,6,5,5,5.25,0.5,38,0,.,1,3,3,0,0,0,98,3,0,0,
2017,KLT,W,KLT_W,KLT_W_2017,KLT_W_2017,5,5,5,5,5,0,63,0,.,0,16,3,0,3,16,86,0.5,0,16,
2017,KLT,W,KLT_W,KLT_W_2017,KLT_W_2017,5,3,6,6,5,1.414213562,63,0,.,0,16,16,0,3,16,63,0,0,38,
2017,KLT,W,KLT_W,KLT_W_2017,KLT_W_2017,5,3,7,4,4.75,1.707825128,86,0,.,3,16,3,0,0,3,86,4.5,0,0,
2017,KLT,W,KLT_W,KLT_W_2017,KLT_W_2017,6,3,3,4,4,1.414213562,63,0,.,3,16,0,0,16,3,86,10,0,63,
2017,KLT,W,KLT_W,KLT_W_2017,KLT_W_2017,5,3,6,2,4,1.825741858,38,0,.,3,38,3,0,38,16,86,1,0,86,
2017,KLT,W,KLT_W,KLT_W_2017,KLT_W_2017,5,4,4,2,3.75,1.258305739,38,0,.,1,38,16,0,16,16,86,4,0,63,
2017,KLT,W,KLT_W,KLT_W_2017,KLT_W_2017,3,3,5,4,3.75,0.957427108,16,0,.,16,16,38,0,16,63,38,0.5,0,38,
2017,KLT,W,KLT_W,KLT_W_2017,KLT_W_2017,4,4,3,3,3.5,0.577350269,38,1,.,3,38,0,0,16,16,86,1.5,0,38,
2017,KLT,W,KLT_W,KLT_W_2017,KLT_W_2017,3,2,3,4,3,0.816496581,38,0,.,0,3,3,0,0,38,38,2,0,0,
2017,KLT,W,KLT_W,KLT_W_2017,KLT_W_2017,3,2,1,5,2.75,1.707825128,63,0,.,1,16,16,0,3,16,63,1.5,0,16,
2017,KLT,W,KLT_W,KLT_W_2017,KLT_W_2017,1,2,5,3,2.75,1.707825128,86,0,.,1,1,16,0,0,3,38,1,0,0,
2017,KLT,W,KLT_W,KLT_W_2017,KLT_W_2017,3,3,1,3,2.5,1,86,0,.,1,3,0,0,0,3,86,1,0,0,
2017,KLT,W,KLT_W,KLT_W_2017,KLT_W_2017,3,4,2,1,2.5,1.290994449,38,0,.,3,38,0,0,16,0,98,0.5,0,63,
2017,KLT,W,KLT_W,KLT_W_2017,KLT_W_2017,3,3,2,1,2.25,0.957427108,38,0,.,1,3,16,0,0,63,38,1,0,0,
2017,LTR,C,LTR_C,LTR_C_2017,LTR_C_2017,1,3,10,1,3.75,4.272001873,3,16,.,16,38,3,3,3,3,86,0.5,0,16,
2017,LTR,C,LTR_C,LTR_C_2017,LTR_C_2017,5,3,2,4,3.5,1.290994449,1,38,.,16,63,3,0,16,38,38,0,1,38,
2017,LTR,C,LTR_C,LTR_C_2017,LTR_C_2017,3,2,4,4,3.25,0.957427108,16,16,.,16,16,3,16,16,3,86,2,1,16,
2017,LTR,C,LTR_C,LTR_C_2017,LTR_C_2017,5,3,2,2,3,1.414213562,3,16,.,16,86,3,0,0,86,3,0,0,0,
2017,LTR,C,LTR_C,LTR_C_2017,LTR_C_2017,4,2,3,2,2.75,0.957427108,16,38,.,16,86,3,0,0,86,16,0,0,0,
2017,LTR,C,LTR_C,LTR_C_2017,LTR_C_2017,8,1,0,2,2.75,3.593976442,3,2,.,16,16,63,3,3,165,63,0,0,38,
2017,LTR,C,LTR_C,LTR_C_2017,LTR_C_2017,3,2,2,3,2.5,0.577350269,3,63,.,16,38,3,16,16,16,63,0,0,38,
2017,LTR,C,LTR_C,LTR_C_2017,LTR_C_2017,6,1,1,2,2.5,2.380476143,3,3,.,3,38,16,0,3,16,63,0,0,16,
2017,LTR,C,LTR_C,LTR_C_2017,LTR_C_2017,1,3,3,3,2.5,1,16,16,.,16,38,38,0,0,16,86,0,1,0,
2017,LTR,C,LTR_C,LTR_C_2017,LTR_C_2017,1,3,3,3,2.5,1,63,3,.,3,16,3,0,16,16,63,0.5,0,38,
2017,LTR,C,LTR_C,LTR_C_2017,LTR_C_2017,1,3,3,2,2.25,0.957427108,38,3,.,16,16,3,0,16,16,86,4,1,63,
2017,LTR,C,LTR_C,LTR_C_2017,LTR_C_2017,1,3,1,3,2,1.154700538,38,3,.,3,3,3,3,3,16,86,0.5,0,63,
2017,LTR,C,LTR_C,LTR_C_2017,LTR_C_2017,3,2,1,1,1.75,0.957427108,16,16,.,16,63,3,3,0,3,86,1,0,0,
2017,LTR,C,LTR_C,LTR_C_2017,LTR_C_2017,1,4,1,1,1.75,1.5,16,16,.,16,63,3,3,3,16,63,0.5,0,16,
2017,LTR,C,LTR_C,LTR_C_2017,LTR_C_2017,1,3,1,1,1.5,1,3,16,.,38,38,16,0,0,16,86,0,1,0,
2017,LTR,C,LTR_C,LTR_C_2017,LTR_C_2017,1,1,3,1,1.5,1,38,0,.,16,3,16,0,0,3,86,0,1,16,
2017,LTR,C,LTR_C,LTR_C_2017,LTR_C_2017,1,1,3,1,1.5,1,3,0,.,3,38,63,3,16,16,63,0.5,1,38,
2017,LTR,C,LTR_C,LTR_C_2017,LTR_C_2017,1,2,1,1,1.25,0.5,0,38,.,16,38,3,0,16,3,98,1,1,98,
2017,LTR,C,LTR_C,LTR_C_2017,LTR_C_2017,1,3,0,1,1.25,1.258305739,38,0,.,38,38,0,3,3,3,86,1,0,3,
2017,LTR,C,LTR_C,LTR_C_2017,LTR_C_2017,1,1,2,1,1.25,0.5,38,0,.,3,16,38,3,3,1,98,0.5,0,16,
2017,LTR,C,LTR_C,LTR_C_2017,LTR_C_2017,1,0,1,2,1,0.816496581,16,16,.,16,16,3,0,0,16,63,1,1,0,
2017,LTR,C,LTR_C,LTR_C_2017,LTR_C_2017,0,2,1,1,1,0.816496581,38,3,.,16,3,16,0,3,3,86,1,0,38,
2017,LTR,C,LTR_C,LTR_C_2017,LTR_C_2017,1,1,0,1,0.75,0.5,16,38,.,3,16,16,0,0,16,63,0,1,0,
2017,LTR,C,LTR_C,LTR_C_2017,LTR_C_2017,0,3,0,0,0.75,1.5,38,1,.,3,3,16,0,0,3,86,0.5,1,0,
2017,LTR,C,LTR_C,LTR_C_2017,LTR_C_2017,1,0,1,1,0.75,0.5,16,16,.,16,3,3,0,3,1,98,0,1,63,
2017,LTR,C,LTR_C,LTR_C_2017,LTR_C_2017,0,0,2,1,0.75,0.957427108,38,0,.,3,3,3,0,0,3,86,0.5,1,0,
2017,LTR,C,LTR_C,LTR_C_2017,LTR_C_2017,0,1,1,0,0.5,0.577350269,3,16,.,38,38,38,0,3,38,63,0.5,1,16,
2017,LTR,C,LTR_C,LTR_C_2017,LTR_C_2017,0,1,1,0,0.5,0.577350269,63,3,.,3,3,38,0,0,3,86,0.5,0,0,
2017,LTR,C,LTR_C,LTR_C_2017,LTR_C_2017,0,1,0,0,0.25,0.5,38,3,.,3,3,1,0,0,3,86,1,1,0,
2017,LTR,C,LTR_C,LTR_C_2017,LTR_C_2017,0,0,0,0,0,0,16,16,.,16,16,16,0,0,86,38,0,0,0,
2017,LTR,E,LTR_E,LTR_E_2017,LTR_E_2017,5,5,6,10,6.5,2.380476143,38,3,.,1,63,0,0,16,1,98,0.5,0,38,
2017,LTR,E,LTR_E,LTR_E_2017,LTR_E_2017,8,5,5,4,5.5,1.732050808,38,3,.,16,38,16,0,16,3,86,0.5,0,38,
2017,LTR,E,LTR_E,LTR_E_2017,LTR_E_2017,4,0,9,7,5,3.915780041,16,63,.,16,38,3,0,38,16,86,0,0,98,
2017,LTR,E,LTR_E,LTR_E_2017,LTR_E_2017,4,3,3,5,3.75,0.957427108,3,3,.,16,38,16,0,16,1,98,0,0,63,
2017,LTR,E,LTR_E,LTR_E_2017,LTR_E_2017,1,1,3,4,2.25,1.5,3,0,.,16,86,16,0,0,98,3,0,0,0,
2017,LTR,E,LTR_E,LTR_E_2017,LTR_E_2017,2,1,2,3,2,0.816496581,1,16,.,3,16,63,3,0,63,38,0,1,0,
2017,LTR,E,LTR_E,LTR_E_2017,LTR_E_2017,2,2,1,2,1.75,0.5,38,16,.,3,38,38,0,16,38,63,0.5,1,63,
2017,LTR,E,LTR_E,LTR_E_2017,LTR_E_2017,4,1,1,1,1.75,1.5,16,3,.,3,38,3,0,3,16,63,0,0,3,
2017,LTR,E,LTR_E,LTR_E_2017,LTR_E_2017,3,1,2,1,1.75,0.957427108,3,16,.,16,38,16,0,0,63,16,0,1,0,
2017,LTR,E,LTR_E,LTR_E_2017,LTR_E_2017,3,1,1,2,1.75,0.957427108,3,16,.,16,16,16,0,0,63,16,0,1,0,
2017,LTR,E,LTR_E,LTR_E_2017,LTR_E_2017,2,1,2,2,1.75,0.5,16,3,.,16,38,16,0,3,3,86,1,1,16,
2017,LTR,E,LTR_E,LTR_E_2017,LTR_E_2017,3,1,1,1,1.5,1,3,16,.,38,16,38,0,16,3,86,0.5,0,38,
2017,LTR,E,LTR_E,LTR_E_2017,LTR_E_2017,3,1,1,1,1.5,1,38,16,.,3,16,38,0,0,3,86,0.5,1,0,
2017,LTR,E,LTR_E,LTR_E_2017,LTR_E_2017,1,1,2,2,1.5,0.577350269,16,3,.,16,63,3,0,0,1,98,0.5,1,0,
2017,LTR,E,LTR_E,LTR_E_2017,LTR_E_2017,1,3,1,1,1.5,1,16,38,.,38,38,16,0,3,16,63,0.5,1,16,
2017,LTR,E,LTR_E,LTR_E_2017,LTR_E_2017,3,0,2,1,1.5,1.290994449,3,63,.,3,16,3,0,16,1,98,1,0,38,
2017,LTR,E,LTR_E,LTR_E_2017,LTR_E_2017,1,2,0,3,1.5,1.290994449,3,38,.,16,38,38,0,0,16,63,0,0,0,
2017,LTR,E,LTR_E,LTR_E_2017,LTR_E_2017,1,1,3,1,1.5,1,16,38,.,16,16,16,0,3,3,98,1,0,16,
2017,LTR,E,LTR_E,LTR_E_2017,LTR_E_2017,0,2,2,1,1.25,0.957427108,16,3,.,16,16,3,0,16,38,63,0.5,0,63,
2017,LTR,E,LTR_E,LTR_E_2017,LTR_E_2017,2,0,1,1,1,0.816496581,3,38,.,16,38,38,0,0,16,63,1,0,0,
2017,LTR,E,LTR_E,LTR_E_2017,LTR_E_2017,2,0,1,1,1,0.816496581,16,16,.,16,16,38,0,0,3,86,1,0,0,
2017,LTR,E,LTR_E,LTR_E_2017,LTR_E_2017,1,1,1,1,1,0,16,3,.,16,38,38,0,3,3,98,0.5,0,16,
2017,LTR,E,LTR_E,LTR_E_2017,LTR_E_2017,1,0,1,2,1,0.816496581,16,16,.,3,16,63,3,3,16,63,0,0,16,
2017,LTR,E,LTR_E,LTR_E_2017,LTR_E_2017,1,3,0,0,1,1.414213562,38,3,.,16,38,38,0,16,16,63,0,1,63,
2017,LTR,E,LTR_E,LTR_E_2017,LTR_E_2017,2,1,0,0,0.75,0.957427108,3,38,.,3,38,63,0,0,16,63,0,1,0,
2017,LTR,E,LTR_E,LTR_E_2017,LTR_E_2017,0,1,1,0,0.5,0.577350269,16,16,.,16,16,16,0,0,16,86,0,0,0,
2017,LTR,E,LTR_E,LTR_E_2017,LTR_E_2017,0,0,1,1,0.5,0.577350269,3,3,.,16,16,38,0,0,16,86,0,0,0,
2017,LTR,E,LTR_E,LTR_E_2017,LTR_E_2017,0,0,0,1,0.25,0.5,3,3,.,16,16,3,0,0,16,86,0.5,1,0,
2017,LTR,E,LTR_E,LTR_E_2017,LTR_E_2017,1,0,0,0,0.25,0.5,3,16,.,16,16,16,0,16,16,38,0.5,0,63,
2017,LTR,E,LTR_E,LTR_E_2017,LTR_E_2017,0,0,0,0,0,0,38,0,.,3,16,38,0,0,16,63,0.5,0,0,
2017,LTR,W,LTR_W,LTR_W_2017,LTR_W_2017,2,3,2,3,2.5,0.577350269,16,38,.,3,38,0,0,16,16,63,1.5,0,38,
2017,LTR,W,LTR_W,LTR_W_2017,LTR_W_2017,1,1,4,1,1.75,1.5,38,3,.,3,16,16,0,3,3,86,0.5,0,38,
2017,LTR,W,LTR_W,LTR_W_2017,LTR_W_2017,2,1,2,1,1.5,0.577350269,38,0,.,3,16,16,3,16,16,86,1,0,63,
2017,LTR,W,LTR_W,LTR_W_2017,LTR_W_2017,1,1,1,2,1.25,0.5,16,16,.,3,16,16,0,3,3,86,0.5,0,86,
2017,LTR,W,LTR_W,LTR_W_2017,LTR_W_2017,1,1,2,1,1.25,0.5,38,16,.,1,16,1,0,16,3,86,1,0,86,
2017,LTR,W,LTR_W,LTR_W_2017,LTR_W_2017,1,2,1,1,1.25,0.5,63,16,.,3,1,16,0,0,3,86,0.5,1,0,
2017,LTR,W,LTR_W,LTR_W_2017,LTR_W_2017,1,1,2,1,1.25,0.5,38,38,.,3,16,3,1,0,3,86,0.5,0,0,
2017,LTR,W,LTR_W,LTR_W_2017,LTR_W_2017,1,0,1,2,1,0.816496581,38,16,.,3,16,16,0,3,38,63,0.5,0,38,
2017,LTR,W,LTR_W,LTR_W_2017,LTR_W_2017,1,0,1,2,1,0.816496581,38,16,.,3,16,16,0,3,38,63,0.5,1,38,
2017,LTR,W,LTR_W,LTR_W_2017,LTR_W_2017,1,1,1,1,1,0,63,3,.,3,3,3,0,0,16,63,0.5,1,0,
2017,LTR,W,LTR_W,LTR_W_2017,LTR_W_2017,1,1,1,1,1,0,38,3,.,3,16,3,0,0,16,86,1.5,1,0,
2017,LTR,W,LTR_W,LTR_W_2017,LTR_W_2017,0,0,1,2,0.75,0.957427108,38,1,.,3,3,3,0,0,3,86,1,0,0,
2017,LTR,W,LTR_W,LTR_W_2017,LTR_W_2017,0,1,1,1,0.75,0.5,16,16,.,16,38,3,1,3,16,38,1,0,38,
2017,LTR,W,LTR_W,LTR_W_2017,LTR_W_2017,0,1,0,1,0.5,0.577350269,38,3,.,3,3,16,0,0,16,63,0.5,1,0,
2017,LTR,W,LTR_W,LTR_W_2017,LTR_W_2017,0,0,1,0,0.25,0.5,3,16,.,3,16,16,0,0,38,63,0.5,0,0,
2017,LTR,W,LTR_W,LTR_W_2017,LTR_W_2017,1,0,0,0,0.25,0.5,16,3,.,3,16,38,0,3,16,38,1,0,38,
2017,PAW,E,PAW_E,PAW_E_2017,PAW_E_2017,11,10,10,10,10.25,0.5,3,0,.,1,38,16,16,0,38,63,0,0,0,
2017,PAW,E,PAW_E,PAW_E_2017,PAW_E_2017,8,10,11,10,9.75,1.258305739,38,0,.,3,38,0,16,16,0,98,4.5,0,63,
2017,PAW,E,PAW_E,PAW_E_2017,PAW_E_2017,9,5,15,8,9.25,4.193248542,63,0,.,16,16,3,0,16,16,86,1.5,0,63,
2017,PAW,E,PAW_E,PAW_E_2017,PAW_E_2017,13,7,7,8,8.75,2.872281323,16,0,.,3,63,3,16,63,0,98,0.5,0,86,
2017,PAW,E,PAW_E,PAW_E_2017,PAW_E_2017,10,9,10,5,8.5,2.380476143,3,0,.,3,63,16,0,63,16,86,3,0,86,
2017,PAW,E,PAW_E,PAW_E_2017,PAW_E_2017,8,10,7,8,8.25,1.258305739,16,0,.,1,16,1,3,16,0,98,6,0,63,
2017,PAW,E,PAW_E,PAW_E_2017,PAW_E_2017,6,9,9,8,8,1.414213562,38,0,.,3,63,3,3,38,3,86,5,0,86,
2017,PAW,E,PAW_E,PAW_E_2017,PAW_E_2017,8,9,8,7,8,0.816496581,16,0,.,3,38,3,3,3,0,98,2,0,16,
2017,PAW,E,PAW_E,PAW_E_2017,PAW_E_2017,7,8,8,8,7.75,0.5,3,0,.,0,16,3,38,16,38,63,3,0,86,
2017,PAW,E,PAW_E,PAW_E_2017,PAW_E_2017,6,7,7,8,7,0.816496581,16,0,.,3,63,16,3,38,1,98,2.5,0,86,
2017,PAW,E,PAW_E,PAW_E_2017,PAW_E_2017,6,10,7,5,7,2.160246899,16,0,.,3,38,0,16,16,0,98,1,0,63,
2017,PAW,E,PAW_E,PAW_E_2017,PAW_E_2017,6,6,10,6,7,2,16,0,.,0,16,38,16,0,3,98,5.5,0,0,
2017,PAW,E,PAW_E,PAW_E_2017,PAW_E_2017,8,6,7,7,7,0.816496581,16,0,.,3,16,1,16,3,86,16,0,0,16,
2017,PAW,E,PAW_E,PAW_E_2017,PAW_E_2017,5,8,8,6,6.75,1.5,38,0,.,3,63,16,3,38,3,86,11,0,63,
2017,PAW,E,PAW_E,PAW_E_2017,PAW_E_2017,6,6,7,8,6.75,0.957427108,38,0,.,3,63,0,3,38,0,98,11,0,86,
2017,PAW,E,PAW_E,PAW_E_2017,PAW_E_2017,6,8,6,7,6.75,0.957427108,38,0,.,3,16,3,16,0,0,98,7,0,0,
2017,PAW,E,PAW_E,PAW_E_2017,PAW_E_2017,6,8,7,6,6.75,0.957427108,16,3,.,0,38,3,0,38,3,98,1.5,0,98,
2017,PAW,E,PAW_E,PAW_E_2017,PAW_E_2017,6,8,6,6,6.5,1,3,0,.,1,38,3,3,16,16,86,3,0,63,
2017,PAW,E,PAW_E,PAW_E_2017,PAW_E_2017,7,7,5,6,6.25,0.957427108,3,0,.,1,38,0,38,16,3,86,3,0,63,
2017,PAW,E,PAW_E,PAW_E_2017,PAW_E_2017,6,6,7,6,6.25,0.5,3,0,.,1,86,0,16,3,38,63,0,0,3,
2017,PAW,E,PAW_E,PAW_E_2017,PAW_E_2017,5,8,6,5,6,1.414213562,38,0,.,3,63,0,1,3,3,86,2,0,16,
2017,PAW,E,PAW_E,PAW_E_2017,PAW_E_2017,7,6,5,5,5.75,0.957427108,16,0,.,1,63,3,0,16,0,98,2,0,38,
2017,PAW,E,PAW_E,PAW_E_2017,PAW_E_2017,5,5,6,6,5.5,0.577350269,38,0,.,3,38,3,3,3,3,86,1,0,16,
2017,PAW,E,PAW_E,PAW_E_2017,PAW_E_2017,7,5,4,5,5.25,1.258305739,16,0,.,3,16,3,16,0,1,98,5,0,0,
2017,PAW,E,PAW_E,PAW_E_2017,PAW_E_2017,4,6,5,6,5.25,0.957427108,63,0,.,3,16,0,3,16,0,98,6,0,86,
2017,PAW,E,PAW_E,PAW_E_2017,PAW_E_2017,5,4,5,6,5,0.816496581,3,0,.,3,16,0,38,16,3,98,2,0,86,
2017,PAW,E,PAW_E,PAW_E_2017,PAW_E_2017,5,7,5,3,5,1.632993162,16,0,.,1,63,3,3,38,0,98,5,0,63,
2017,PAW,E,PAW_E,PAW_E_2017,PAW_E_2017,4,3,4,6,4.25,1.258305739,3,0,.,3,63,1,16,16,0,98,1,0,38,
2017,PAW,E,PAW_E,PAW_E_2017,PAW_E_2017,6,2,5,4,4.25,1.707825128,16,0,.,3,16,3,38,3,1,98,3,0,3,
2017,PAW,E,PAW_E,PAW_E_2017,PAW_E_2017,5,5,3,2,3.75,1.5,38,0,.,3,38,16,16,16,3,86,0.5,0,63,
2017,PAW,S,PAW_S,PAW_S_2017,PAW_S_2017,13,13,13,13,13,0,0,0,.,0,38,0,86,16,98,0,0,0,38,
2017,PAW,S,PAW_S,PAW_S_2017,PAW_S_2017,12,12,12,12,12,0,3,0,.,0,86,16,16,38,98,0,0,0,38,
2017,PAW,S,PAW_S,PAW_S_2017,PAW_S_2017,12,12,12,12,12,0,0,0,.,0,63,16,38,38,98,0,0,0,63,
2017,PAW,S,PAW_S,PAW_S_2017,PAW_S_2017,10,10,10,12,10.5,1,3,0,.,16,63,3,3,16,98,0,0,0,16,
2017,PAW,S,PAW_S,PAW_S_2017,PAW_S_2017,10,9,10,10,9.75,0.5,3,0,.,1,63,16,0,38,98,0,0,0,38,
2017,PAW,S,PAW_S,PAW_S_2017,PAW_S_2017,9,9,9,9,9,0,3,0,.,0,86,3,16,38,86,3,0,0,63,
2017,PAW,S,PAW_S,PAW_S_2017,PAW_S_2017,10,8,10,8,9,1.154700538,16,0,.,3,63,1,0,16,86,16,2.5,0,38,
2017,PAW,S,PAW_S,PAW_S_2017,PAW_S_2017,10,10,9,6,8.75,1.892969449,3,0,.,3,63,0,16,38,86,16,1,0,63,
2017,PAW,S,PAW_S,PAW_S_2017,PAW_S_2017,8,10,9,8,8.75,0.957427108,3,0,.,3,86,0,0,63,98,3,0.5,0,86,
2017,PAW,S,PAW_S,PAW_S_2017,PAW_S_2017,7,10,10,7,8.5,1.732050808,16,0,.,16,63,0,0,63,98,3,1,0,98,
2017,PAW,S,PAW_S,PAW_S_2017,PAW_S_2017,8,7,10,8,8.25,1.258305739,38,0,.,3,38,3,0,3,98,0,0,0,3,
2017,PAW,S,PAW_S,PAW_S_2017,PAW_S_2017,7,10,8,7,8,1.414213562,38,0,.,1,63,3,0,63,98,0,0,0,86,
2017,PAW,S,PAW_S,PAW_S_2017,PAW_S_2017,6,7,9,10,8,1.825741858,38,0,.,0,16,16,38,3,98,0,0,0,16,
2017,PAW,S,PAW_S,PAW_S_2017,PAW_S_2017,7,8,7,10,8,1.414213562,3,0,.,3,86,3,0,63,98,0,0,0,86,
2017,PAW,S,PAW_S,PAW_S_2017,PAW_S_2017,5,8,10,8,7.75,2.061552813,3,0,.,0,86,1,0,63,86,3,1.5,0,86,
2017,PAW,S,PAW_S,PAW_S_2017,PAW_S_2017,10,7,8,6,7.75,1.707825128,38,16,.,38,16,0,0,16,16,63,2,0,98,
2017,PAW,S,PAW_S,PAW_S_2017,PAW_S_2017,5,7,10,7,7.25,2.061552813,3,0,.,3,63,16,0,38,98,0,0,0,63,
2017,PAW,S,PAW_S,PAW_S_2017,PAW_S_2017,7,6,6,7,6.5,0.577350269,16,0,.,16,38,16,3,38,98,0,0,0,98,
2017,PAW,S,PAW_S,PAW_S_2017,PAW_S_2017,6,8,5,7,6.5,1.290994449,38,0,.,16,38,16,16,0,86,3,0,0,38,
2017,PAW,S,PAW_S,PAW_S_2017,PAW_S_2017,6,7,6,6,6.25,0.5,16,0,.,1,63,38,0,38,63,38,1,0,63,
2017,PAW,S,PAW_S,PAW_S_2017,PAW_S_2017,6,6,6,6,6,0,3,1,.,3,86,3,0,63,98,0,0,0,63,
2017,PAW,S,PAW_S,PAW_S_2017,PAW_S_2017,6,6,6,6,6,0,16,0,.,16,38,16,0,16,86,3,1,0,38,
2017,PAW,S,PAW_S,PAW_S_2017,PAW_S_2017,6,7,5,6,6,0.816496581,3,0,.,3,16,16,0,3,63,16,1.5,0,16,
2017,PAW,S,PAW_S,PAW_S_2017,PAW_S_2017,6,5,6,6,5.75,0.5,3,0,.,3,63,3,0,63,86,3,0.5,0,98,
2017,PAW,S,PAW_S,PAW_S_2017,PAW_S_2017,5,5,7,5,5.5,1,16,0,.,38,16,0,3,3,63,38,1.5,0,16,
2017,PAW,S,PAW_S,PAW_S_2017,PAW_S_2017,5,7,4,4,5,1.414213562,16,0,.,3,63,16,0,63,86,16,1.5,0,98,
2017,PAW,S,PAW_S,PAW_S_2017,PAW_S_2017,5,5,5,5,5,0,3,0,.,16,16,63,0,3,38,38,0.5,0,38,
2017,PAW,S,PAW_S,PAW_S_2017,PAW_S_2017,5,5,5,5,5,0,16,0,.,3,63,3,0,38,98,3,0,0,63,
2017,PAW,S,PAW_S,PAW_S_2017,PAW_S_2017,5,5,5,4,4.75,0.5,63,0,.,3,16,3,16,16,98,0,0,0,98,
2017,PAW,S,PAW_S,PAW_S_2017,PAW_S_2017,4,5,4,4,4.25,0.5,63,0,.,3,16,3,0,16,86,16,1.5,0,63,
2017,PAW,W,PAW_W,PAW_W_2017,PAW_W_2017,10,11,10,12,10.75,0.957427108,16,0,.,38,38,0,0,3,86,3,0.5,0,3,
2017,PAW,W,PAW_W,PAW_W_2017,PAW_W_2017,10,10,10,10,10,0,3,0,.,38,38,0,0,3,86,16,0,0,3,
2017,PAW,W,PAW_W,PAW_W_2017,PAW_W_2017,12,11,10,6,9.75,2.62995564,16,0,.,38,38,0,0,3,98,0,0,0,16,
2017,PAW,W,PAW_W,PAW_W_2017,PAW_W_2017,6,10,12,11,9.75,2.62995564,3,0,.,63,16,0,0,3,86,16,1,0,3,
2017,PAW,W,PAW_W,PAW_W_2017,PAW_W_2017,10,10,8,10,9.5,1,16,0,.,38,16,0,0,3,98,3,0.5,0,3,
2017,PAW,W,PAW_W,PAW_W_2017,PAW_W_2017,8,8,11,8,8.75,1.5,16,0,.,3,38,38,0,38,86,16,0.5,0,86,
2017,PAW,W,PAW_W,PAW_W_2017,PAW_W_2017,8,8,8,10,8.5,1,16,0,.,3,63,0,0,63,98,3,0.5,0,86,
2017,PAW,W,PAW_W,PAW_W_2017,PAW_W_2017,11,7,9,7,8.5,1.914854216,16,0,.,16,63,0,0,3,98,0,0,0,16,
2017,PAW,W,PAW_W,PAW_W_2017,PAW_W_2017,10,9,8,7,8.5,1.290994449,38,0,.,16,63,0,3,3,86,3,0,0,3,
2017,PAW,W,PAW_W,PAW_W_2017,PAW_W_2017,10,8,8,6,8,1.632993162,16,3,.,3,38,0,0,16,98,3,0,0,38,
2017,PAW,W,PAW_W,PAW_W_2017,PAW_W_2017,10,12,6,4,8,3.651483717,16,0,.,3,63,0,0,63,86,3,0,0,86,
2017,PAW,W,PAW_W,PAW_W_2017,PAW_W_2017,7,7,8,8,7.5,0.577350269,3,0,.,16,63,3,16,3,98,0,0,0,16,
2017,PAW,W,PAW_W,PAW_W_2017,PAW_W_2017,7,8,7,7,7.25,0.5,38,3,.,16,16,0,0,16,86,3,0,0,38,
2017,PAW,W,PAW_W,PAW_W_2017,PAW_W_2017,8,7,6,8,7.25,0.957427108,3,1,.,16,63,0,3,16,98,0,0,0,38,
2017,PAW,W,PAW_W,PAW_W_2017,PAW_W_2017,8,8,7,6,7.25,0.957427108,3,0,.,0,98,0,1,3,98,0,0,0,16,
2017,PAW,W,PAW_W,PAW_W_2017,PAW_W_2017,10,5,5,8,7,2.449489743,3,3,.,38,16,16,1,3,38,38,0,0,3,
2017,PAW,W,PAW_W,PAW_W_2017,PAW_W_2017,6,6,10,6,7,2,38,0,.,0,38,0,0,16,98,1,0,0,63,
2017,PAW,W,PAW_W,PAW_W_2017,PAW_W_2017,6,6,10,6,7,2,63,0,.,16,16,3,0,16,86,3,1,0,63,
2017,PAW,W,PAW_W,PAW_W_2017,PAW_W_2017,6,8,7,6,6.75,0.957427108,16,1,.,38,86,0,16,63,98,3,0,0,86,
2017,PAW,W,PAW_W,PAW_W_2017,PAW_W_2017,7,7,6,7,6.75,0.5,38,0,.,3,38,0,0,16,98,0,0,0,63,
2017,PAW,W,PAW_W,PAW_W_2017,PAW_W_2017,7,7,7,6,6.75,0.5,16,0,.,3,86,0,0,38,86,16,1,0,63,
2017,PAW,W,PAW_W,PAW_W_2017,PAW_W_2017,6,7,8,6,6.75,0.957427108,16,0,.,3,38,0,16,16,98,0,0,0,38,
2017,PAW,W,PAW_W,PAW_W_2017,PAW_W_2017,10,6,5,5,6.5,2.380476143,38,3,.,16,16,0,3,3,86,3,0,0,3,
2017,PAW,W,PAW_W,PAW_W_2017,PAW_W_2017,6,7,7,6,6.5,0.577350269,3,3,.,16,63,0,0,38,86,16,0.5,0,63,
2017,PAW,W,PAW_W,PAW_W_2017,PAW_W_2017,6,7,7,6,6.5,0.577350269,16,0,.,16,63,0,0,16,98,0,0,0,38,
2017,PAW,W,PAW_W,PAW_W_2017,PAW_W_2017,8,8,6,4,6.5,1.914854216,38,1,.,3,38,0,0,16,98,3,0,0,16,
2017,PAW,W,PAW_W,PAW_W_2017,PAW_W_2017,5,4,8,8,6.25,2.061552813,16,3,.,16,38,3,0,38,63,16,0,0,98,
2017,PAW,W,PAW_W,PAW_W_2017,PAW_W_2017,6,5,6,8,6.25,1.258305739,16,3,.,1,86,0,0,0,98,0,0,0,0,
2017,PAW,W,PAW_W,PAW_W_2017,PAW_W_2017,6,6,7,6,6.25,0.5,16,0,.,3,63,0,0,38,86,3,0,0,63,
2017,PAW,W,PAW_W,PAW_W_2017,PAW_W_2017,5,6,7,6,6,0.816496581,16,0,.,16,38,0,1,3,98,3,0,0,3,
2017,PYN,N,PYN_N,PYN_N_2017,PYN_N_2017,2,7,7,3,4.75,2.62995564,16,16,.,3,3,86,63,3,0,86,3,0,38,
2017,PYN,N,PYN_N,PYN_N_2017,PYN_N_2017,2,1,6,2,2.75,2.217355783,16,16,.,16,38,38,63,0,16,86,0.5,0,0,
2017,PYN,N,PYN_N,PYN_N_2017,PYN_N_2017,1,1,3,5,2.5,1.914854216,16,63,.,3,16,16,0,0,16,86,0.5,0,0,
2017,PYN,N,PYN_N,PYN_N_2017,PYN_N_2017,3,3,2,1,2.25,0.957427108,0,16,.,63,63,16,0,0,63,38,0,0,0,
2017,PYN,N,PYN_N,PYN_N_2017,PYN_N_2017,2,3,1,3,2.25,0.957427108,3,16,.,38,16,38,16,0,1,98,0.5,0,0,
2017,PYN,N,PYN_N,PYN_N_2017,PYN_N_2017,1,1,1,5,2,2,3,16,.,16,16,38,3,3,3,86,4,1,16,
2017,PYN,N,PYN_N,PYN_N_2017,PYN_N_2017,1,1,3,3,2,1.154700538,0,16,.,16,86,16,0,0,63,38,0.5,0,0,
2017,PYN,N,PYN_N,PYN_N_2017,PYN_N_2017,2,1,3,2,2,0.816496581,16,38,.,16,38,38,0,3,16,86,1.5,0,16,
2017,PYN,N,PYN_N,PYN_N_2017,PYN_N_2017,1,1,4,2,2,1.414213562,3,16,.,38,16,38,0,3,16,86,1,1,38,
2017,PYN,N,PYN_N,PYN_N_2017,PYN_N_2017,1,2,2,3,2,0.816496581,0,63,.,16,38,0,0,16,0,98,3,0,63,
2017,PYN,N,PYN_N,PYN_N_2017,PYN_N_2017,3,3,1,1,2,1.154700538,3,16,.,38,16,3,0,3,3,86,1.5,0,38,
2017,PYN,N,PYN_N,PYN_N_2017,PYN_N_2017,1,2,2,2,1.75,0.5,3,63,.,3,16,16,0,16,0,98,5,0,86,
2017,PYN,N,PYN_N,PYN_N_2017,PYN_N_2017,1,2,1,3,1.75,0.957427108,3,38,.,16,16,16,16,16,16,86,1.5,0,63,
2017,PYN,N,PYN_N,PYN_N_2017,PYN_N_2017,1,2,3,1,1.75,0.957427108,1,38,.,16,16,16,0,16,3,98,1.5,0,63,
2017,PYN,N,PYN_N,PYN_N_2017,PYN_N_2017,1,3,2,1,1.75,0.957427108,0,63,.,16,16,38,3,0,38,38,0,0,0,
2017,PYN,N,PYN_N,PYN_N_2017,PYN_N_2017,1,1,3,1,1.5,1,16,38,.,3,16,63,0,0,3,86,0.5,0,0,
2017,PYN,N,PYN_N,PYN_N_2017,PYN_N_2017,1,1,1,3,1.5,1,3,38,.,3,16,16,0,0,1,98,1,0,0,
2017,PYN,N,PYN_N,PYN_N_2017,PYN_N_2017,1,1,1,3,1.5,1,0,0,.,86,38,16,0,0,1,98,2.5,0,0,
2017,PYN,N,PYN_N,PYN_N_2017,PYN_N_2017,1,2,1,1,1.25,0.5,3,16,.,16,16,16,0,0,3,98,2.5,0,0,
2017,PYN,N,PYN_N,PYN_N_2017,PYN_N_2017,1,1,1,1,1,0,38,3,.,16,16,16,3,0,3,98,1,1,0,
2017,PYN,N,PYN_N,PYN_N_2017,PYN_N_2017,1,1,1,1,1,0,0,38,.,16,63,16,0,0,16,63,1,0,0,
2017,PYN,N,PYN_N,PYN_N_2017,PYN_N_2017,1,1,1,1,1,0,16,16,.,3,3,63,0,0,3,86,0.5,0,0,
2017,PYN,N,PYN_N,PYN_N_2017,PYN_N_2017,1,1,1,1,1,0,3,16,.,16,16,38,0,16,3,98,2,1,98,
2017,PYN,N,PYN_N,PYN_N_2017,PYN_N_2017,1,1,1,1,1,0,16,16,.,16,3,38,0,0,0,98,1,0,0,
2017,PYN,N,PYN_N,PYN_N_2017,PYN_N_2017,1,1,1,1,1,0,16,16,.,3,3,16,0,3,1,98,2,1,3,
2017,PYN,N,PYN_N,PYN_N_2017,PYN_N_2017,1,1,1,1,1,0,16,16,.,3,3,38,0,0,3,98,1,1,0,
2017,PYN,N,PYN_N,PYN_N_2017,PYN_N_2017,1,1,1,1,1,0,3,38,.,3,16,63,0,0,3,98,0,0,0,
2017,PYN,N,PYN_N,PYN_N_2017,PYN_N_2017,1,1,1,1,1,0,16,3,.,16,38,16,0,0,16,86,3,0,0,
2017,PYN,N,PYN_N,PYN_N_2017,PYN_N_2017,1,1,1,1,1,0,38,3,.,16,3,16,0,0,3,98,1,1,0,
2017,PYN,N,PYN_N,PYN_N_2017,PYN_N_2017,1,1,1,1,1,0,3,38,.,3,3,38,0,0,3,98,1.5,0,0,
2017,PYN,S,PYN_S,PYN_S_2017,PYN_S_2017,1,2,3,9,3.75,3.593976442,0,63,.,38,38,16,0,16,0,98,1,0,38,
2017,PYN,S,PYN_S,PYN_S_2017,PYN_S_2017,3,2,5,3,3.25,1.258305739,0,3,.,16,38,63,16,0,38,63,0,0,0,
2017,PYN,S,PYN_S,PYN_S_2017,PYN_S_2017,3,3,1,2,2.25,0.957427108,1,16,.,16,38,63,0,0,16,86,1,0,0,
2017,PYN,S,PYN_S,PYN_S_2017,PYN_S_2017,2,3,2,2,2.25,0.5,0,38,.,16,38,16,0,0,0,98,1,0,0,
2017,PYN,S,PYN_S,PYN_S_2017,PYN_S_2017,1,3,3,2,2.25,0.957427108,16,63,.,16,16,16,0,16,0,98,2.5,0,86,
2017,PYN,S,PYN_S,PYN_S_2017,PYN_S_2017,1,2,2,2,1.75,0.5,0,38,.,3,38,38,0,0,3,98,1,0,0,
2017,PYN,S,PYN_S,PYN_S_2017,PYN_S_2017,1,1,2,2,1.5,0.577350269,3,63,.,16,3,38,0,0,16,86,1,0,0,
2017,PYN,S,PYN_S,PYN_S_2017,PYN_S_2017,2,2,1,1,1.5,0.577350269,3,38,.,3,16,38,0,0,16,86,3,0,0,
2017,PYN,S,PYN_S,PYN_S_2017,PYN_S_2017,2,1,2,1,1.5,0.577350269,38,86,.,16,3,16,0,0,0,98,2.5,0,0,
2017,PYN,S,PYN_S,PYN_S_2017,PYN_S_2017,1,1,2,2,1.5,0.577350269,38,3,.,16,3,38,0,0,1,98,0.5,1,0,
2017,PYN,S,PYN_S,PYN_S_2017,PYN_S_2017,1,1,3,1,1.5,1,3,16,.,16,16,16,0,0,3,98,0.5,0,0,
2017,PYN,S,PYN_S,PYN_S_2017,PYN_S_2017,2,1,1,2,1.5,0.577350269,38,3,.,16,3,3,0,0,3,98,2.5,1,0,
2017,PYN,S,PYN_S,PYN_S_2017,PYN_S_2017,1,1,1,2,1.25,0.5,3,16,.,16,16,16,0,0,16,86,2.5,0,0,
2017,PYN,S,PYN_S,PYN_S_2017,PYN_S_2017,1,1,1,2,1.25,0.5,0,38,.,16,38,16,0,0,1,98,0.5,0,0,
2017,PYN,S,PYN_S,PYN_S_2017,PYN_S_2017,2,1,1,1,1.25,0.5,16,16,.,16,3,86,0,0,3,98,0.5,0,0,
2017,PYN,S,PYN_S,PYN_S_2017,PYN_S_2017,1,1,2,1,1.25,0.5,16,16,.,3,3,16,0,0,1,98,4,0,0,
2017,PYN,S,PYN_S,PYN_S_2017,PYN_S_2017,1,1,2,1,1.25,0.5,16,38,.,3,3,16,0,0,0,98,1,1,0,
2017,PYN,S,PYN_S,PYN_S_2017,PYN_S_2017,1,1,2,1,1.25,0.5,38,3,.,3,16,3,0,0,16,86,4,0,0,
2017,PYN,S,PYN_S,PYN_S_2017,PYN_S_2017,1,1,1,2,1.25,0.5,3,16,.,16,3,63,0,0,3,86,0.5,0,0,
2017,PYN,S,PYN_S,PYN_S_2017,PYN_S_2017,1,1,1,1,1,0,0,16,.,16,38,38,0,0,3,86,2,0,0,
2017,PYN,S,PYN_S,PYN_S_2017,PYN_S_2017,1,0,1,2,1,0.816496581,3,3,.,16,1,16,0,0,16,86,0,1,0,
2017,PYN,S,PYN_S,PYN_S_2017,PYN_S_2017,1,1,1,1,1,0,3,38,.,16,16,16,0,16,3,98,0.5, ,63,
2017,PYN,S,PYN_S,PYN_S_2017,PYN_S_2017,1,1,1,1,1,0,16,16,.,16,16,16,0,0,3,98,3,0,0,
2017,PYN,S,PYN_S,PYN_S_2017,PYN_S_2017,1,1,1,1,1,0,1,16,.,3,3,86,0,0,3,86,2,0,0,
2017,PYN,S,PYN_S,PYN_S_2017,PYN_S_2017,1,1,1,1,1,0,3,16,.,38,3,38,0,0,3,98,1,0,0,
2017,PYN,S,PYN_S,PYN_S_2017,PYN_S_2017,1,1,1,1,1,0,3,38,.,16,16,38,0,0,1,98,1.5,0,0,
2017,PYN,S,PYN_S,PYN_S_2017,PYN_S_2017,1,1,1,1,1,0,16,3,.,3,3,38,0,0,1,98,1,0,0,
2017,PYN,S,PYN_S,PYN_S_2017,PYN_S_2017,1,1,1,1,1,0,16,3,.,16,3,63,0,0,3,98,2.5,0,0,
2017,PYN,S,PYN_S,PYN_S_2017,PYN_S_2017,1,1,1,1,1,0,38,16,.,3,3,38,0,0,3,98,1,1,0,
2017,PYN,S,PYN_S,PYN_S_2017,PYN_S_2017,1,2,0,0,0.75,0.957427108,16,3,.,16,3,16,0,0,1,98,1,0,0,
2017,PYN,W,PYN_W,PYN_W_2017,PYN_W_2017,2,2,2,2,2,0,16,63,.,3,63,1,16,16,38,38,0.5,0,16,
2017,PYN,W,PYN_W,PYN_W_2017,PYN_W_2017,2,1,1,3,1.75,0.957427108,16,3,.,16,38,38,0,0,38,16,0,0,0,
2017,PYN,W,PYN_W,PYN_W_2017,PYN_W_2017,1,1,3,1,1.5,1,16,16,.,3,38,16,0,0,38,38,0.5,0,0,
2017,PYN,W,PYN_W,PYN_W_2017,PYN_W_2017,1,1,1,3,1.5,1,38,16,.,3,16,38,0,0,38,38,0,1,0,
2017,PYN,W,PYN_W,PYN_W_2017,PYN_W_2017,1,3,1,1,1.5,1,38,16,.,3,16,16,0,0,16,38,0.5,0,0,
2017,PYN,W,PYN_W,PYN_W_2017,PYN_W_2017,1,1,3,1,1.5,1,63,16,.,16,16,3,0,0,38,38,1.5,0,0,
2017,PYN,W,PYN_W,PYN_W_2017,PYN_W_2017,3,1,1,1,1.5,1,16,16,.,3,16,63,0,16,16,63,0.5,0,63,
2017,PYN,W,PYN_W,PYN_W_2017,PYN_W_2017,3,1,1,1,1.5,1,3,16,.,16,38,38,0,0,63,16,0.5,0,0,
2017,PYN,W,PYN_W,PYN_W_2017,PYN_W_2017,1,1,2,1,1.25,0.5,38,16,.,3,16,86,0,0,63,16,0,0,0,
2017,PYN,W,PYN_W,PYN_W_2017,PYN_W_2017,2,1,1,1,1.25,0.5,38,16,.,3,16,38,0,0,63,38,0,0,0,
2017,PYN,W,PYN_W,PYN_W_2017,PYN_W_2017,2,1,1,1,1.25,0.5,16,38,.,3,38,38,0,16,38,16,0.5,0,38,
2017,PYN,W,PYN_W,PYN_W_2017,PYN_W_2017,1,1,2,1,1.25,0.5,38,16,.,16,16,38,0,0,63,3,0,0,0,
2017,PYN,W,PYN_W,PYN_W_2017,PYN_W_2017,1,1,2,1,1.25,0.5,38,16,.,3,63,63,0,0,86,16,0,0,0,
2017,PYN,W,PYN_W,PYN_W_2017,PYN_W_2017,1,1,2,1,1.25,0.5,16,16,.,3,16,38,0,0,38,38,0,0,0,
2017,PYN,W,PYN_W,PYN_W_2017,PYN_W_2017,2,1,1,1,1.25,0.5,38,16,.,16,16,16,1,3,63,16,0,0,16,
2017,PYN,W,PYN_W,PYN_W_2017,PYN_W_2017,1,1,1,1,1,0,16,38,.,16,38,16,0,0,86,3,0.5,0,0,
2017,PYN,W,PYN_W,PYN_W_2017,PYN_W_2017,1,1,1,1,1,0,1,63,.,16,38,16,0,0,86,16,0,1,0,
2017,PYN,W,PYN_W,PYN_W_2017,PYN_W_2017,1,1,1,1,1,0,3,16,.,3,16,38,0,0,38,38,0.5,0,0,
2017,PYN,W,PYN_W,PYN_W_2017,PYN_W_2017,1,1,1,1,1,0,16,38,.,3,16,38,0,0,63,16,0,0,0,
2017,PYN,W,PYN_W,PYN_W_2017,PYN_W_2017,1,1,1,1,1,0,16,16,.,3,16,63,0,16,38,16,0,0,98,
2017,PYN,W,PYN_W,PYN_W_2017,PYN_W_2017,1,1,1,1,1,0,16,3,.,16,16,38,0,0,86,16,0,0,0,
2017,PYN,W,PYN_W,PYN_W_2017,PYN_W_2017,1,1,1,1,1,0,16,16,.,16,16,16,0,0,38,38,0,0,0,
2017,PYN,W,PYN_W,PYN_W_2017,PYN_W_2017,1,1,1,1,1,0,16,16,.,3,16,63,0,0,63,38,0.5,0,0,
2017,PYN,W,PYN_W,PYN_W_2017,PYN_W_2017,1,1,1,1,1,0,38,16,.,16,38,38,0,16,63,38,0.5,0,63,
2017,PYN,W,PYN_W,PYN_W_2017,PYN_W_2017,1,1,1,1,1,0,38,3,.,16,16,38,0,3,38,16,0.5,0,16,
2017,PYN,W,PYN_W,PYN_W_2017,PYN_W_2017,1,1,1,1,1,0,16,16,.,16,16,16,0,0,86,16,0.5,0,0,
2017,PYN,W,PYN_W,PYN_W_2017,PYN_W_2017,1,1,1,1,1,0,38,16,.,16,16,38,16,3,38,38,0,0,16,
2017,PYN,W,PYN_W,PYN_W_2017,PYN_W_2017,1,1,0,1,0.75,0.5,16,16,.,3,38,86,0,0,38,38,0.5,0,0,
2017,PYN,W,PYN_W,PYN_W_2017,PYN_W_2017,0,0,1,1,0.5,0.577350269,16,16,.,3,3,38,1,0,86,16,0,0,0,
2017,PYN,W,PYN_W,PYN_W_2017,PYN_W_2017,0,1,0,1,0.5,0.577350269,16,16,.,3,38,63,0,0,63,16,0,0,0,
2017,PYS,N,PYS_N,PYS_N_2017,PYS_N_2017,20,3,5,5,8.25,7.889866919,0,86,.,3,16,0,0,16,3,86,1,0,86,
2017,PYS,N,PYS_N,PYS_N_2017,PYS_N_2017,7,6,5,4,5.5,1.290994449,3,16,.,3,38,16,16,38,3,86,3,0,86,
2017,PYS,N,PYS_N,PYS_N_2017,PYS_N_2017,3,6,9,3,5.25,2.872281323,0,38,.,0,38,16,0,16,3,86,1.5,0,63,
2017,PYS,N,PYS_N,PYS_N_2017,PYS_N_2017,5,5,4,4,4.5,0.577350269,0,16,.,16,16,3,0,16,3,86,2,0,86,
2017,PYS,N,PYS_N,PYS_N_2017,PYS_N_2017,3,4,5,4,4,0.816496581,0,16,.,16,16,16,0,0,3,86,3.5,1,0,
2017,PYS,N,PYS_N,PYS_N_2017,PYS_N_2017,6,4,3,2,3.75,1.707825128,3,16,.,16,38,38,0,38,16,86,2,0,86,
2017,PYS,N,PYS_N,PYS_N_2017,PYS_N_2017,6,2,5,2,3.75,2.061552813,3,16,.,3,38,16,16,16,3,86,2,0,63,
2017,PYS,N,PYS_N,PYS_N_2017,PYS_N_2017,3,5,3,3,3.5,1,3,16,.,3,3,63,0,3,3,86,0.5,1,98,
2017,PYS,N,PYS_N,PYS_N_2017,PYS_N_2017,3,5,3,3,3.5,1,3,3,.,3,16,63,0,3,3,86,4,0,16,
2017,PYS,N,PYS_N,PYS_N_2017,PYS_N_2017,4,3,3,3,3.25,0.5,3,38,.,3,3,16,0,0,3,86,6,0,0,
2017,PYS,N,PYS_N,PYS_N_2017,PYS_N_2017,3,3,3,4,3.25,0.5,3,16,.,3,3,38,0,0,3,98,3,0,0,
2017,PYS,N,PYS_N,PYS_N_2017,PYS_N_2017,4,3,3,3,3.25,0.5,0,16,.,16,16,16,0,16,3,86,3,0,86,
2017,PYS,N,PYS_N,PYS_N_2017,PYS_N_2017,3,4,3,3,3.25,0.5,0,16,.,3,16,38,0,16,3,86,0.5,0,86,
2017,PYS,N,PYS_N,PYS_N_2017,PYS_N_2017,3,2,3,5,3.25,1.258305739,0,16,.,16,16,38,0,0,16,86,5,0,0,
2017,PYS,N,PYS_N,PYS_N_2017,PYS_N_2017,4,2,3,4,3.25,0.957427108,3,16,.,16,3,38,0,3,3,86,3,0,63,
2017,PYS,N,PYS_N,PYS_N_2017,PYS_N_2017,2,3,4,3,3,0.816496581,3,38,.,0,63,38,0,0,38,38,1,0,0,
2017,PYS,N,PYS_N,PYS_N_2017,PYS_N_2017,2,4,3,3,3,0.816496581,0,16,.,16,16,38,0,0,16,86,1,0,0,
2017,PYS,N,PYS_N,PYS_N_2017,PYS_N_2017,3,3,3,3,3,0,0,16,.,16,3,38,0,0,3,86,1.5,0,0,
2017,PYS,N,PYS_N,PYS_N_2017,PYS_N_2017,2,4,4,2,3,1.154700538,0,16,.,3,3,63,0,3,3,98,5,0,98,
2017,PYS,N,PYS_N,PYS_N_2017,PYS_N_2017,3,3,3,2,2.75,0.5,0,16,.,16,3,38,0,0,3,86,0.5,0,0,
2017,PYS,N,PYS_N,PYS_N_2017,PYS_N_2017,4,2,3,2,2.75,0.957427108,16,3,.,3,3,0,0,3,3,86,1,1,98,
2017,PYS,N,PYS_N,PYS_N_2017,PYS_N_2017,3,3,2,3,2.75,0.5,16,16,.,3,16,3,0,16,3,98,10,0,63,
2017,PYS,N,PYS_N,PYS_N_2017,PYS_N_2017,3,2,2,2,2.25,0.5,0,16,.,16,3,16,0,0,3,86,3,0,0,
2017,PYS,N,PYS_N,PYS_N_2017,PYS_N_2017,2,3,2,2,2.25,0.5,3,38,.,16,16,16,0,0,3,98,3,1,0,
2017,PYS,N,PYS_N,PYS_N_2017,PYS_N_2017,3,2,2,2,2.25,0.5,0,16,.,16,16,16,0,3,3,86,1.5,1,63,
2017,PYS,N,PYS_N,PYS_N_2017,PYS_N_2017,2,2,2,2,2,0,3,16,.,3,3,16,0,3,3,98,1,0,63,
2017,PYS,N,PYS_N,PYS_N_2017,PYS_N_2017,2,2,2,2,2,0,1,38,.,3,38,38,0,0,16,86,0.5,0,0,
2017,PYS,N,PYS_N,PYS_N_2017,PYS_N_2017,1,2,2,3,2,0.816496581,3,3,.,3,16,63,0,16,3,86,2,0,86,
2017,PYS,N,PYS_N,PYS_N_2017,PYS_N_2017,2,2,2,2,2,0,3,16,.,3,16,16,0,16,3,86,4,0,63,
2017,PYS,N,PYS_N,PYS_N_2017,PYS_N_2017,2,2,2,1,1.75,0.5,38,3,.,3,0,38,0,0,3,98,3.5,0,0,
2017,PYS,S,PYS_S,PYS_S_2017,PYS_S_2017,4,2,4,5,3.75,1.258305739,0,16,.,16,63,16,0,16,38,63,1,0,38,
2017,PYS,S,PYS_S,PYS_S_2017,PYS_S_2017,1,2,8,2,3.25,3.201562119,3,16,.,3,16,63,0,0,3,86,0.5,0,0,
2017,PYS,S,PYS_S,PYS_S_2017,PYS_S_2017,3,4,3,3,3.25,0.5,16,16,.,3,63,16,0,38,16,86,0.5,0,63,
2017,PYS,S,PYS_S,PYS_S_2017,PYS_S_2017,5,2,2,3,3,1.414213562,0,38,.,16,38,38,0,0,63,16,0,0,0,
2017,PYS,S,PYS_S,PYS_S_2017,PYS_S_2017,2,2,4,4,3,1.154700538,1,38,.,3,16,63,0,0,3,86,1,0,0,
2017,PYS,S,PYS_S,PYS_S_2017,PYS_S_2017,2,2,2,6,3,2,0,16,.,16,38,3,16,0,38,38,0.5,0,0,
2017,PYS,S,PYS_S,PYS_S_2017,PYS_S_2017,2,2,2,6,3,2,16,3,.,3,16,38,0,0,86,16,0,0,0,
2017,PYS,S,PYS_S,PYS_S_2017,PYS_S_2017,5,2,2,2,2.75,1.5,3,16,.,3,38,38,0,0,38,63,1,1,0,
2017,PYS,S,PYS_S,PYS_S_2017,PYS_S_2017,4,2,3,2,2.75,0.957427108,16,16,.,3,16,38,0,0,38,63,0.5,0,0,
2017,PYS,S,PYS_S,PYS_S_2017,PYS_S_2017,4,2,2,2,2.5,1,0,38,.,3,38,1,0,3,16,86,1,0,3,
2017,PYS,S,PYS_S,PYS_S_2017,PYS_S_2017,3,2,2,3,2.5,0.577350269,0,86,.,0,16,0,0,0,38,63,1,0,0,
2017,PYS,S,PYS_S,PYS_S_2017,PYS_S_2017,2,2,3,2,2.25,0.5,16,16,.,3,16,16,0,0,16,86,0,0,0,
2017,PYS,S,PYS_S,PYS_S_2017,PYS_S_2017,2,2,2,2,2,0,0,16,.,3,16,86,0,0,3,86,0.5,0,0,
2017,PYS,S,PYS_S,PYS_S_2017,PYS_S_2017,2,2,2,2,2,0,0,16,.,16,16,63,0,0,16,86,1,0,0,
2017,PYS,S,PYS_S,PYS_S_2017,PYS_S_2017,2,2,2,2,2,0,3,16,.,3,16,38,0,3,3,86,0.5,1,16,
2017,PYS,S,PYS_S,PYS_S_2017,PYS_S_2017,2,2,2,2,2,0,3,3,.,3,63,16,0,0,16,86,1,0,0,
2017,PYS,S,PYS_S,PYS_S_2017,PYS_S_2017,2,2,2,2,2,0,16,3,.,3,38,38,0,16,86,3,0,0,63,
2017,PYS,S,PYS_S,PYS_S_2017,PYS_S_2017,2,2,2,2,2,0,16,3,.,3,16,38,0,0,38,63,0.5,1,0,
2017,PYS,S,PYS_S,PYS_S_2017,PYS_S_2017,2,2,1,2,1.75,0.5,16,16,.,3,38,63,0,0,38,63,0.5,0,0,
2017,PYS,S,PYS_S,PYS_S_2017,PYS_S_2017,1,2,2,2,1.75,0.5,3,3,.,3,38,38,3,3,38,63,1,0,16,
2017,PYS,S,PYS_S,PYS_S_2017,PYS_S_2017,1,2,1,2,1.5,0.577350269,0,38,.,3,1,86,0,0,3,86,1,0,0,
2017,PYS,S,PYS_S,PYS_S_2017,PYS_S_2017,2,1,1,2,1.5,0.577350269,3,3,.,3,16,63,0,0,3,86,0,0,0,
2017,PYS,S,PYS_S,PYS_S_2017,PYS_S_2017,1,2,1,1,1.25,0.5,3,38,.,3,38,38,0,0,3,86,1,0,0,
2017,PYS,S,PYS_S,PYS_S_2017,PYS_S_2017,1,1,2,1,1.25,0.5,16,3,.,3,16,63,0,0,16,86,0.5,0,0,
2017,PYS,S,PYS_S,PYS_S_2017,PYS_S_2017,1,2,1,1,1.25,0.5,3,3,.,16,16,38,0,0,63,16,0.5,0,0,
2017,PYS,S,PYS_S,PYS_S_2017,PYS_S_2017,1,1,1,1,1,0,3,16,.,3,3,38,0,0,3,86,0.5,0,0,
2017,PYS,W,PYS_W,PYS_W_2017,PYS_W_2017,2,10,16,20,12,7.831560083,3,38,.,3,38,3,0,38,3,86,6,0,98,
2017,PYS,W,PYS_W,PYS_W_2017,PYS_W_2017,7,4,8,8,6.75,1.892969449,0,16,.,16,16,63,38,16,16,86,1,0,98,
2017,PYS,W,PYS_W,PYS_W_2017,PYS_W_2017,9,4,5,4,5.5,2.380476143,3,38,.,3,3,38,0,0,16,86,3,0,0,
2017,PYS,W,PYS_W,PYS_W_2017,PYS_W_2017,5,4,5,4,4.5,0.577350269,16,3,.,3,16,38,0,16,3,86,2,0,86,
2017,PYS,W,PYS_W,PYS_W_2017,PYS_W_2017,4,5,5,3,4.25,0.957427108,16,3,.,3,38,38,0,16,16,86,7,1,38,
2017,PYS,W,PYS_W,PYS_W_2017,PYS_W_2017,6,3,4,4,4.25,1.258305739,0,16,.,16,16,0,16,0,3,86,2,0,0,
2017,PYS,W,PYS_W,PYS_W_2017,PYS_W_2017,5,4,3,3,3.75,0.957427108,0,16,.,3,16,86,0,16,3,86,3,0,98,
2017,PYS,W,PYS_W,PYS_W_2017,PYS_W_2017,4,3,3,4,3.5,0.577350269,38,3,.,3,16,38,0,0,16,86,2,0,0,
2017,PYS,W,PYS_W,PYS_W_2017,PYS_W_2017,3,3,4,4,3.5,0.577350269,38,16,.,3,16,38,0,0,16,86,3,0,0,
2017,PYS,W,PYS_W,PYS_W_2017,PYS_W_2017,3,4,4,3,3.5,0.577350269,3,16,.,3,16,38,0,0,16,86,3,0,0,
2017,PYS,W,PYS_W,PYS_W_2017,PYS_W_2017,3,4,4,3,3.5,0.577350269,3,16,.,16,3,63,0,0,16,86,2.5,1,0,
2017,PYS,W,PYS_W,PYS_W_2017,PYS_W_2017,4,3,3,4,3.5,0.577350269,1,16,.,16,38,63,0,0,38,63,2.5,0,0,
2017,PYS,W,PYS_W,PYS_W_2017,PYS_W_2017,4,3,3,4,3.5,0.577350269,3,3,.,16,16,38,0,0,16,86,2.5,1,0,
2017,PYS,W,PYS_W,PYS_W_2017,PYS_W_2017,4,3,3,3,3.25,0.5,3,16,.,3,16,16,0,3,16,63,5,0,16,
2017,PYS,W,PYS_W,PYS_W_2017,PYS_W_2017,4,3,4,2,3.25,0.957427108,16,3,.,3,16,38,0,0,16,86,4,2,0,
2017,PYS,W,PYS_W,PYS_W_2017,PYS_W_2017,4,3,3,3,3.25,0.5,1,16,.,16,16,38,0,0,16,86,2.5,1,0,
2017,PYS,W,PYS_W,PYS_W_2017,PYS_W_2017,5,3,2,3,3.25,1.258305739,16,16,.,16,16,38,0,0,16,86,3,1,0,
2017,PYS,W,PYS_W,PYS_W_2017,PYS_W_2017,3,3,4,3,3.25,0.5,0,16,.,16,16,63,0,0,3,86,2,0,0,
2017,PYS,W,PYS_W,PYS_W_2017,PYS_W_2017,2,5,4,2,3.25,1.5,3,3,.,3,63,38,0,0,3,86,3,1,0,
2017,PYS,W,PYS_W,PYS_W_2017,PYS_W_2017,3,3,4,3,3.25,0.5,16,3,.,3,16,38,0,0,16,86,4.5,0,0,
2017,PYS,W,PYS_W,PYS_W_2017,PYS_W_2017,3,3,3,3,3,0,3,3,.,16,16,0,0,16,3,86,5.5,0,63,
2017,PYS,W,PYS_W,PYS_W_2017,PYS_W_2017,3,2,3,3,2.75,0.5,0,3,.,3,86,63,0,0,16,86,1,0,0,
2017,PYS,W,PYS_W,PYS_W_2017,PYS_W_2017,3,2,4,1,2.5,1.290994449,3,16,.,16,38,38,0,16,16,86,4,1,63,
2017,PYS,W,PYS_W,PYS_W_2017,PYS_W_2017,3,2,2,3,2.5,0.577350269,3,16,.,3,0,38,0,0,16,86,3.5,0,0,
2017,PYS,W,PYS_W,PYS_W_2017,PYS_W_2017,2,3,3,2,2.5,0.577350269,3,3,.,3,3,63,0,0,3,86,4,1,0,
2017,PYS,W,PYS_W,PYS_W_2017,PYS_W_2017,2,3,2,2,2.25,0.5,16,3,.,16,3,16,0,0,16,86,4,1,0,
2017,PYS,W,PYS_W,PYS_W_2017,PYS_W_2017,2,3,2,2,2.25,0.5,3,3,.,3,38,38,0,16,16,86,3.5,1,63,
2017,PYS,W,PYS_W,PYS_W_2017,PYS_W_2017,2,3,2,2,2.25,0.5,16,3,.,16,16,16,0,16,16,63,4,2,98,
2017,PYS,W,PYS_W,PYS_W_2017,PYS_W_2017,3,2,2,2,2.25,0.5,0,3,.,3,16,38,0,16,16,63,3,0,86,
2017,PYS,W,PYS_W,PYS_W_2017,PYS_W_2017,3,2,2,2,2.25,0.5,0,16,.,16,3,38,0,0,3,86,5,0,0,
2017,PYS,W,PYS_W,PYS_W_2017,PYS_W_2017,2,3,2,2,2.25,0.5,16,3,.,3,16,38,0,16,3,86,1,0,63,
2017,PYS,W,PYS_W,PYS_W_2017,PYS_W_2017,2,2,2,2,2,0,16,3,.,16,3,63,0,3,3,86,1,0,98,
2017,PYS,W,PYS_W,PYS_W_2017,PYS_W_2017,2,2,2,2,2,0,3,16,.,3,0,38,3,0,16,86,2,0,0,
2017,PYS,W,PYS_W,PYS_W_2017,PYS_W_2017,2,2,2,2,2,0,16,16,.,3,16,38,0,16,3,86,2.5,1,86,
2017,PYW,C,PYW_C,PYW_C_2017,PYW_C_2017,10,13,9,11,10.75,1.707825128,16,16,.,3,63,16,38,38,38,38,0.5,0,86,
2017,PYW,C,PYW_C,PYW_C_2017,PYW_C_2017,7,7,5,8,6.75,1.258305739,0,16,.,16,63,16,3,38,16,63,1.5,0,86,
2017,PYW,C,PYW_C,PYW_C_2017,PYW_C_2017,6,6,7,7,6.5,0.577350269,3,16,.,3,63,16,0,16,16,63,3.5,1,38,
2017,PYW,C,PYW_C,PYW_C_2017,PYW_C_2017,7,7,5,5,6,1.154700538,3,3,.,3,3,16,63,0,16,63,2.5,1,0,
2017,PYW,C,PYW_C,PYW_C_2017,PYW_C_2017,7,3,4,8,5.5,2.380476143,0,16,.,3,38,16,0,0,3,86,1.5,0,0,
2017,PYW,C,PYW_C,PYW_C_2017,PYW_C_2017,7,5,5,5,5.5,1,0,16,.,3,86,16,0,63,16,63,1.5,1,86,
2017,PYW,C,PYW_C,PYW_C_2017,PYW_C_2017,5,4,4,8,5.25,1.892969449,38,0,.,16,38,16,0,16,3,86,3,2,63,
2017,PYW,C,PYW_C,PYW_C_2017,PYW_C_2017,3,3,5,9,5,2.828427125,0,38,.,16,38,16,0,16,3,86,4,0,16,
2017,PYW,C,PYW_C,PYW_C_2017,PYW_C_2017,5,4,5,5,4.75,0.5,63,3,.,1,38,16,0,0,16,63,4,2,0,
2017,PYW,C,PYW_C,PYW_C_2017,PYW_C_2017,5,5,4,4,4.5,0.577350269,38,3,.,3,38,38,0,3,16,63,1.5,1,16,
2017,PYW,C,PYW_C,PYW_C_2017,PYW_C_2017,4,5,4,4,4.25,0.5,38,3,.,3,38,38,0,16,16,63,3,0,86,
2017,PYW,C,PYW_C,PYW_C_2017,PYW_C_2017,4,5,4,3,4,0.816496581,3,16,.,3,38,38,0,3,3,86,2.5,1,16,
2017,PYW,C,PYW_C,PYW_C_2017,PYW_C_2017,4,4,3,5,4,0.816496581,38,3,.,3,16,3,0,3,16,63,3,1,38,
2017,PYW,C,PYW_C,PYW_C_2017,PYW_C_2017,6,4,4,2,4,1.632993162,16,3,.,16,38,16,0,16,16,63,2.5,1,86,
2017,PYW,C,PYW_C,PYW_C_2017,PYW_C_2017,4,4,3,4,3.75,0.5,3,16,.,3,16,38,0,16,3,86,1,0,63,
2017,PYW,C,PYW_C,PYW_C_2017,PYW_C_2017,4,3,3,4,3.5,0.577350269,16,3,.,16,16,63,0,0,16,63,2.5,1,0,
2017,PYW,C,PYW_C,PYW_C_2017,PYW_C_2017,3,5,3,2,3.25,1.258305739,3,3,.,38,16,16,0,16,3,86,1,1,63,
2017,PYW,C,PYW_C,PYW_C_2017,PYW_C_2017,4,4,3,2,3.25,0.957427108,16,16,.,0,16,38,0,0,0,98,3.5,0,0,
2017,PYW,C,PYW_C,PYW_C_2017,PYW_C_2017,2,3,3,3,2.75,0.5,3,3,.,16,3,63,0,3,3,86,0.5,0,63,
2017,PYW,C,PYW_C,PYW_C_2017,PYW_C_2017,3,3,3,2,2.75,0.5,3,0,.,16,38,38,0,16,16,63,2,0,38,
2017,PYW,C,PYW_C,PYW_C_2017,PYW_C_2017,4,3,3,1,2.75,1.258305739,0,3,.,3,16,38,0,0,16,63,0.5,1,0,
2017,PYW,C,PYW_C,PYW_C_2017,PYW_C_2017,3,3,3,2,2.75,0.5,0,16,.,3,3,63,0,0,16,86,1.5,0,0,
2017,PYW,C,PYW_C,PYW_C_2017,PYW_C_2017,2,2,3,2,2.25,0.5,16,3,.,3,16,63,0,0,16,63,0.5,0,0,
2017,PYW,C,PYW_C,PYW_C_2017,PYW_C_2017,2,2,3,2,2.25,0.5,3,3,.,3,16,38,0,0,3,98,1.5,0,0,
2017,PYW,C,PYW_C,PYW_C_2017,PYW_C_2017,3,1,2,3,2.25,0.957427108,1,3,.,3,16,16,16,0,16,63,1,1,0,
2017,PYW,C,PYW_C,PYW_C_2017,PYW_C_2017,2,2,2,2,2,0,16,16,.,3,16,63,0,0,3,86,1.5,0,0,
2017,PYW,C,PYW_C,PYW_C_2017,PYW_C_2017,2,2,2,2,2,0,16,3,.,16,3,38,0,0,16,86,1.5,1,0,
2017,PYW,C,PYW_C,PYW_C_2017,PYW_C_2017,1,2,2,2,1.75,0.5,0,16,.,16,16,38,0,0,3,98,1,1,0,
2017,PYW,C,PYW_C,PYW_C_2017,PYW_C_2017,2,0,2,2,1.5,1,0,3,.,16,86,16,0,16,38,63,1.5,1,16,
2017,PYW,C,PYW_C,PYW_C_2017,PYW_C_2017,1,1,1,1,1,0,16,3,.,16,16,38,0,0,3,86,0.5,0,0,
2017,PYW,N,PYW_N,PYW_N_2017,PYW_N_2017,3,4,5,5,4.25,0.957427108,3,3,.,3,16,63,16,16,1,98,2.5,0,63,
2017,PYW,N,PYW_N,PYW_N_2017,PYW_N_2017,3,4,4,4,3.75,0.5,16,3,.,3,38,16,0,0,0,98,3,2,0,
2017,PYW,N,PYW_N,PYW_N_2017,PYW_N_2017,3,3,4,4,3.5,0.577350269,16,3,.,3,3,86,0,0,0,98,3.5,2,0,
2017,PYW,N,PYW_N,PYW_N_2017,PYW_N_2017,3,3,3,4,3.25,0.5,16,16,.,16,16,38,0,16,3,86,3,1,86,
2017,PYW,N,PYW_N,PYW_N_2017,PYW_N_2017,3,3,3,3,3,0,16,3,.,3,16,86,0,3,3,86,2,0,98,
2017,PYW,N,PYW_N,PYW_N_2017,PYW_N_2017,3,3,4,2,3,0.816496581,3,16,.,16,16,63,0,16,3,86,2,1,86,
2017,PYW,N,PYW_N,PYW_N_2017,PYW_N_2017,3,3,3,3,3,0,16,3,.,3,3,63,0,3,3,98,3,2,98,
2017,PYW,N,PYW_N,PYW_N_2017,PYW_N_2017,3,3,3,3,3,0,0,16,.,3,16,63,0,3,1,98,3.5,2,16,
2017,PYW,N,PYW_N,PYW_N_2017,PYW_N_2017,3,2,3,3,2.75,0.5,3,38,.,3,1,86,0,0,1,86,1,0,0,
2017,PYW,N,PYW_N,PYW_N_2017,PYW_N_2017,3,3,2,3,2.75,0.5,0,16,.,16,16,38,0,16,1,98,1,0,86,
2017,PYW,N,PYW_N,PYW_N_2017,PYW_N_2017,3,2,3,2,2.5,0.577350269,3,3,.,16,16,16,0,0,1,98,2,1,0,
2017,PYW,N,PYW_N,PYW_N_2017,PYW_N_2017,3,1,3,2,2.25,0.957427108,16,3,.,3,3,63,0,0,3,98,1,0,0,
2017,PYW,N,PYW_N,PYW_N_2017,PYW_N_2017,2,3,3,1,2.25,0.957427108,3,16,.,3,3,86,0,0,16,86,0.5,0,0,
2017,PYW,N,PYW_N,PYW_N_2017,PYW_N_2017,3,2,2,2,2.25,0.5,1,16,.,3,16,63,0,3,16,86,1,0,98,
2017,PYW,N,PYW_N,PYW_N_2017,PYW_N_2017,2,2,2,3,2.25,0.5,3,16,.,3,16,63,0,0,3,98,2,0,0,
2017,PYW,N,PYW_N,PYW_N_2017,PYW_N_2017,3,2,3,1,2.25,0.957427108,16,3,.,3,16,63,0,0,1,86,3.5,0,0,
2017,PYW,N,PYW_N,PYW_N_2017,PYW_N_2017,3,2,2,2,2.25,0.5,16,3,.,3,16,38,0,3,3,86,2.5,0,38,
2017,PYW,N,PYW_N,PYW_N_2017,PYW_N_2017,2,2,3,2,2.25,0.5,3,0,.,16,16,38,0,16,1,98,1.5,0,38,
2017,PYW,N,PYW_N,PYW_N_2017,PYW_N_2017,2,2,3,1,2,0.816496581,16,16,.,3,16,86,0,0,16,86,1,0,0,
2017,PYW,N,PYW_N,PYW_N_2017,PYW_N_2017,2,2,2,2,2,0,16,3,.,3,16,86,0,3,3,98,2,0,86,
2017,PYW,N,PYW_N,PYW_N_2017,PYW_N_2017,2,2,2,2,2,0,16,0,.,3,16,63,0,0,3,86,2,0,0,
2017,PYW,N,PYW_N,PYW_N_2017,PYW_N_2017,2,1,2,3,2,0.816496581,3,3,.,16,3,86,0,0,3,86,1.5,2,0,
2017,PYW,N,PYW_N,PYW_N_2017,PYW_N_2017,3,2,1,2,2,0.816496581,16,3,.,3,16,63,0,0,3,98,2,0,0,
2017,PYW,N,PYW_N,PYW_N_2017,PYW_N_2017,3,3,1,1,2,1.154700538,16,3,.,16,16,38,0,0,16,86,0.5,1,0,
2017,PYW,N,PYW_N,PYW_N_2017,PYW_N_2017,2,1,2,3,2,0.816496581,3,16,.,16,3,16,0,0,1,98,1,2,0,
2017,PYW,N,PYW_N,PYW_N_2017,PYW_N_2017,2,2,2,1,1.75,0.5,0,16,.,16,3,63,0,0,1,98,1,1,0,
2017,PYW,N,PYW_N,PYW_N_2017,PYW_N_2017,1,1,2,3,1.75,0.957427108,3,3,.,16,16,38,0,3,16,86,1,0,38,
2017,PYW,N,PYW_N,PYW_N_2017,PYW_N_2017,2,2,1,1,1.5,0.577350269,16,0,.,16,3,38,0,3,3,98,1,0,63,
2017,PYW,N,PYW_N,PYW_N_2017,PYW_N_2017,2,1,1,1,1.25,0.5,3,3,.,3,16,86,0,0,3,86,1,0,0,
2017,PYW,N,PYW_N,PYW_N_2017,PYW_N_2017,1,0,1,1,0.75,0.5,16,3,.,3,16,63,0,16,16,86,0.5,0,98,
2017,PYW,S,PYW_S,PYW_S_2017,PYW_S_2017,5,3,3,3,3.5,1,16,3,.,16,16,16,0,16,3,98,2,1,98,
2017,PYW,S,PYW_S,PYW_S_2017,PYW_S_2017,3,3,4,3,3.25,0.5,16,3,.,16,38,16,0,38,1,98,2,0,98,
2017,PYW,S,PYW_S,PYW_S_2017,PYW_S_2017,5,3,2,3,3.25,1.258305739,3,16,.,0,16,38,0,0,16,63,1,0,0,
2017,PYW,S,PYW_S,PYW_S_2017,PYW_S_2017,3,4,3,2,3,0.816496581,16,3,.,16,16,16,0,3,3,86,2.5,1,38,
2017,PYW,S,PYW_S,PYW_S_2017,PYW_S_2017,3,3,3,2,2.75,0.5,3,16,.,3,16,38,0,0,3,86,2,2,0,
2017,PYW,S,PYW_S,PYW_S_2017,PYW_S_2017,3,2,3,3,2.75,0.5,16,3,.,3,16,38,0,16,3,86,2,0,98,
2017,PYW,S,PYW_S,PYW_S_2017,PYW_S_2017,2,2,3,2,2.25,0.5,3,3,.,3,16,38,0,16,1,98,1.5,0,86,
2017,RC2,C,RC2_C,RC2_C_2017,RC2_C_2017,16,8,7,20,12.75,6.291528696,0,3,.,63,38,0,0,0,38,38,0,0,0,
2017,RC2,C,RC2_C,RC2_C_2017,RC2_C_2017,8,14,9,13,11,2.943920289,0,3,.,16,38,0,0,0,1,98,9,0,0,
2017,RC2,C,RC2_C,RC2_C_2017,RC2_C_2017,9,16,10,7,10.5,3.872983346,0,16,.,63,38,0,3,0,16,86,6,0,0,
2017,RC2,C,RC2_C,RC2_C_2017,RC2_C_2017,8,8,13,9,9.5,2.380476143,0,16,.,16,63,38,0,0,16,86,9,0,0,
2017,RC2,C,RC2_C,RC2_C_2017,RC2_C_2017,9,10,7,10,9,1.414213562,0,0,.,38,16,16,3,16,16,86,5,0,63,
2017,RC2,C,RC2_C,RC2_C_2017,RC2_C_2017,10,9,6,7,8,1.825741858,3,0,.,3,38,38,0,0,1,98,24,0,0,
2017,RC2,C,RC2_C,RC2_C_2017,RC2_C_2017,8,8,9,6,7.75,1.258305739,0,3,.,16,38,38,0,3,1,98,11,0,16,
2017,RC2,C,RC2_C,RC2_C_2017,RC2_C_2017,5,7,7,11,7.5,2.516611478,0,0,.,16,16,63,0,0,1,98,3,0,0,
2017,RC2,C,RC2_C,RC2_C_2017,RC2_C_2017,5,9,9,7,7.5,1.914854216,0,16,.,38,38,16,38,0,3,98,3,0,0,
2017,RC2,C,RC2_C,RC2_C_2017,RC2_C_2017,7,8,6,8,7.25,0.957427108,0,0,.,38,38,38,16,0,3,98,1.5,1,0,
2017,RC2,C,RC2_C,RC2_C_2017,RC2_C_2017,8,8,8,5,7.25,1.5,0,16,.,16,38,63,0,0,3,98,2,0,0,
2017,RC2,C,RC2_C,RC2_C_2017,RC2_C_2017,7,7,7,6,6.75,0.5,0,0,.,86,16,16,0,0,1,98,8,0,0,
2017,RC2,C,RC2_C,RC2_C_2017,RC2_C_2017,7,5,7,7,6.5,1,0,0,.,16,38,38,0,0,38,38,2,0,0,
2017,RC2,C,RC2_C,RC2_C_2017,RC2_C_2017,5,5,10,6,6.5,2.380476143,0,16,.,38,16,38,0,16,1,98,5,0,38,
2017,RC2,C,RC2_C,RC2_C_2017,RC2_C_2017,7,7,5,5,6,1.154700538,0,16,.,16,38,38,0,0,16,86,1.5,0,0,
2017,RC2,C,RC2_C,RC2_C_2017,RC2_C_2017,7,6,6,5,6,0.816496581,0,16,.,3,38,16,0,16,16,86,6,0,38,
2017,RC2,C,RC2_C,RC2_C_2017,RC2_C_2017,5,6,7,6,6,0.816496581,0,3,.,38,16,16,0,0,3,98,4.5,0,0,
2017,RC2,C,RC2_C,RC2_C_2017,RC2_C_2017,6,6,7,5,6,0.816496581,0,0,.,16,16,38,0,3,3,98,4,0,38,
2017,RC2,C,RC2_C,RC2_C_2017,RC2_C_2017,7,6,5,6,6,0.816496581,0,1,.,16,3,98,0,0,1,98,4,0,0,
2017,RC2,C,RC2_C,RC2_C_2017,RC2_C_2017,7,5,5,6,5.75,0.957427108,0,1,.,3,63,63,0,0,1,98,1,0,0,
2017,RC2,C,RC2_C,RC2_C_2017,RC2_C_2017,5,4,9,4,5.5,2.380476143,0,63,.,16,3,0,0,0,1,98,2.5,0,0,
2017,RC2,C,RC2_C,RC2_C_2017,RC2_C_2017,5,6,6,5,5.5,0.577350269,0,1,.,16,16,38,0,0,1,98,11,0,0,
2017,RC2,C,RC2_C,RC2_C_2017,RC2_C_2017,5,5,6,5,5.25,0.5,0,1,.,63,3,16,0,0,16,86,1.5,0,0,
2017,RC2,C,RC2_C,RC2_C_2017,RC2_C_2017,5,4,5,6,5,0.816496581,0,0,.,16,16,38,0,0,1,98,6,0,0,
2017,RC2,C,RC2_C,RC2_C_2017,RC2_C_2017,5,7,5,3,5,1.632993162,0,0,.,63,16,16,3,3,1,98,8,0,38,
2017,RC2,C,RC2_C,RC2_C_2017,RC2_C_2017,4,5,4,5,4.5,0.577350269,0,1,.,16,38,38,0,0,16,86,1.5,0,0,
2017,RC2,C,RC2_C,RC2_C_2017,RC2_C_2017,5,5,3,4,4.25,0.957427108,1,3,.,3,3,63,0,0,16,63,3,0,0,
2017,RC2,C,RC2_C,RC2_C_2017,RC2_C_2017,2,5,5,3,3.75,1.5,0,1,.,0,16,63,0,0,16,86,2,0,0,
2017,RC2,C,RC2_C,RC2_C_2017,RC2_C_2017,3,3,5,3,3.5,1,1,3,.,38,0,63,0,0,1,98,5,0,0,
2017,RC2,C,RC2_C,RC2_C_2017,RC2_C_2017,3,3,3,4,3.25,0.5,0,16,.,38,16,16,16,0,16,63,0.5,0,0,
2017,RC2,N,RC2_N,RC2_N_2017,RC2_N_2017,6,6,9,8,7.25,1.5,3,0,.,16,63,3,0,0,38,63,0.5,0,0,
2017,RC2,N,RC2_N,RC2_N_2017,RC2_N_2017,7,7,7,7,7,0,16,0,.,16,16,16,0,16,0,98,16,0,38,
2017,RC2,N,RC2_N,RC2_N_2017,RC2_N_2017,6,7,7,8,7,0.816496581,16,3,.,3,16,16,1,3,0,98,5,0,16,
2017,RC2,N,RC2_N,RC2_N_2017,RC2_N_2017,5,6,10,7,7,2.160246899,63,16,.,3,16,1,0,16,16,86,2.5,0,98,
2017,RC2,N,RC2_N,RC2_N_2017,RC2_N_2017,8,7,7,6,7,0.816496581,3,3,.,16,16,38,0,0,1,98,2,0,0,
2017,RC2,N,RC2_N,RC2_N_2017,RC2_N_2017,6,8,7,6,6.75,0.957427108,3,3,.,16,38,16,0,16,16,86,4,0,16,
2017,RC2,N,RC2_N,RC2_N_2017,RC2_N_2017,7,7,5,8,6.75,1.258305739,16,3,.,3,38,16,0,16,1,98,7,0,38,
2017,RC2,N,RC2_N,RC2_N_2017,RC2_N_2017,5,9,8,5,6.75,2.061552813,3,3,.,3,38,38,0,16,16,86,6,0,16,
2017,RC2,N,RC2_N,RC2_N_2017,RC2_N_2017,6,7,7,6,6.5,0.577350269,38,0,.,16,16,16,0,16,3,98,3.5,0,38,
2017,RC2,N,RC2_N,RC2_N_2017,RC2_N_2017,5,7,6,7,6.25,0.957427108,16,0,.,16,16,63,0,0,3,86,6,0,0,
2017,RC2,N,RC2_N,RC2_N_2017,RC2_N_2017,6,6,6,7,6.25,0.5,38,3,.,16,16,16,0,3,1,98,7.5,0,16,
2017,RC2,N,RC2_N,RC2_N_2017,RC2_N_2017,5,5,6,7,5.75,0.957427108,38,3,.,16,16,38,0,3,1,98,2.5,0,3,
2017,RC2,N,RC2_N,RC2_N_2017,RC2_N_2017,7,5,5,6,5.75,0.957427108,3,3,.,3,16,63,0,16,1,98,7,0,98,
2017,RC2,N,RC2_N,RC2_N_2017,RC2_N_2017,5,4,7,7,5.75,1.5,16,0,.,16,63,16,0,16,16,86,9,0,38,
2017,RC2,N,RC2_N,RC2_N_2017,RC2_N_2017,4,6,6,6,5.5,1,63,16,.,3,16,1,0,16,16,86,7,0,38,
2017,RC2,N,RC2_N,RC2_N_2017,RC2_N_2017,5,4,9,4,5.5,2.380476143,3,16,.,3,16,38,0,16,16,86,4,0,38,
2017,RC2,N,RC2_N,RC2_N_2017,RC2_N_2017,5,5,6,6,5.5,0.577350269,38,0,.,16,3,38,0,0,16,86,10,0,0,
2017,RC2,N,RC2_N,RC2_N_2017,RC2_N_2017,5,5,6,5,5.25,0.5,16,0,.,16,16,16,0,0,0,98,5,0,0,
2017,RC2,N,RC2_N,RC2_N_2017,RC2_N_2017,4,6,6,5,5.25,0.957427108,63,0,.,16,16,1,0,3,1,98,12,1,38,
2017,RC2,N,RC2_N,RC2_N_2017,RC2_N_2017,5,4,5,7,5.25,1.258305739,3,3,.,3,3,86,0,0,16,86,10,0,0,
2017,RC2,N,RC2_N,RC2_N_2017,RC2_N_2017,5,5,5,4,4.75,0.5,3,3,.,16,38,38,0,0,1,98,1.5,0,0,
2017,RC2,N,RC2_N,RC2_N_2017,RC2_N_2017,3,5,3,7,4.5,1.914854216,0,1,.,63,1,0,0,0,1,98,5,0,0,
2017,RC2,N,RC2_N,RC2_N_2017,RC2_N_2017,6,5,4,3,4.5,1.290994449,16,1,.,3,38,16,0,16,1,98,7,0,38,
2017,RC2,N,RC2_N,RC2_N_2017,RC2_N_2017,5,5,3,4,4.25,0.957427108,63,0,.,3,3,16,0,3,16,86,11,0,16,
2017,RC2,N,RC2_N,RC2_N_2017,RC2_N_2017,5,3,4,5,4.25,0.957427108,38,0,.,16,16,16,0,16,16,86,6,0,86,
2017,RC2,N,RC2_N,RC2_N_2017,RC2_N_2017,2,3,6,5,4,1.825741858,3,16,.,3,16,63,0,0,1,98,5,0,0,
2017,RC2,N,RC2_N,RC2_N_2017,RC2_N_2017,5,4,3,3,3.75,0.957427108,3,16,.,38,16,38,0,0,1,98,7,0,0,
2017,RC2,N,RC2_N,RC2_N_2017,RC2_N_2017,3,4,5,2,3.5,1.290994449,0,16,.,16,3,38,3,0,16,86,6,0,0,
2017,RC2,N,RC2_N,RC2_N_2017,RC2_N_2017,3,5,3,3,3.5,1,38,0,.,16,16,38,0,16,3,98,4,1,86,
2017,RC2,N,RC2_N,RC2_N_2017,RC2_N_2017,3,3,3,3,3,0,38,1,.,3,16,16,0,16,16,86,3,0,38,
2017,RC2,S,RC2_S,RC2_S_2017,RC2_S_2017,16,18,20,12,16.5,3.415650255,0,3,.,3,63,0,0,0,63,16,11,0,0,
2017,RC2,S,RC2_S,RC2_S_2017,RC2_S_2017,11,20,13,13,14.25,3.947573094,0,3,.,16,63,16,0,3,16,86,4,0,3,
2017,RC2,S,RC2_S,RC2_S_2017,RC2_S_2017,11,11,11,11,11,0,0,0,.,3,86,3,0,0,38,38,6.5,0,0,
2017,RC2,S,RC2_S,RC2_S_2017,RC2_S_2017,11,11,12,10,11,0.816496581,0,3,.,38,63,0,0,0,16,86,6,0,0,
2017,RC2,S,RC2_S,RC2_S_2017,RC2_S_2017,8,13,10,11,10.5,2.081665999,3,38,.,3,63,16,0,0,3,86,1.5,0,0,
2017,RC2,S,RC2_S,RC2_S_2017,RC2_S_2017,6,13,8,11,9.5,3.109126351,0,16,.,3,63,16,0,16,16,86,1.5,0,38,
2017,RC2,S,RC2_S,RC2_S_2017,RC2_S_2017,5,3,5,11,6,3.464101615,3,16,.,38,3,38,0,0,1,98,5,0,0,
2017,RC2,S,RC2_S,RC2_S_2017,RC2_S_2017,3,3,4,9,4.75,2.872281323,0,38,.,16,0,0,0,0,1,98,10,0,0,
2017,RC2,S,RC2_S,RC2_S_2017,RC2_S_2017,4,5,5,5,4.75,0.5,3,38,.,16,3,38,0,16,3,98,13,0,98,
2017,RC2,S,RC2_S,RC2_S_2017,RC2_S_2017,5,4,5,5,4.75,0.5,0,16,.,38,0,3,0,0,1,98,9,0,0,
2017,RC2,S,RC2_S,RC2_S_2017,RC2_S_2017,5,5,4,5,4.75,0.5,1,3,.,63,0,0,0,0,1,98,3,0,0,
2017,RC2,S,RC2_S,RC2_S_2017,RC2_S_2017,3,3,5,5,4,1.154700538,0,16,.,38,0,16,0,0,3,98,1.5,0,0,
2017,RC2,S,RC2_S,RC2_S_2017,RC2_S_2017,5,4,3,4,4,0.816496581,3,16,.,38,16,16,0,16,1,98,10,0,98,
2017,RC2,S,RC2_S,RC2_S_2017,RC2_S_2017,4,4,3,5,4,0.816496581,0,3,.,63,0,0,0,0,3,98,2,0,0,
2017,RC2,S,RC2_S,RC2_S_2017,RC2_S_2017,4,3,4,4,3.75,0.5,0,16,.,63,1,0,0,0,3,98,6.5,0,0,
2017,RC2,S,RC2_S,RC2_S_2017,RC2_S_2017,4,3,5,3,3.75,0.957427108,0,16,.,63,0,16,0,0,1,98,2,0,0,
2017,RC2,S,RC2_S,RC2_S_2017,RC2_S_2017,4,4,4,3,3.75,0.5,0,16,.,63,3,16,0,0,1,98,6,0,0,
2017,RC2,S,RC2_S,RC2_S_2017,RC2_S_2017,4,3,3,4,3.5,0.577350269,0,38,.,3,0,16,16,0,3,98,1.5,0,0,
2017,RC2,S,RC2_S,RC2_S_2017,RC2_S_2017,3,4,4,3,3.5,0.577350269,0,3,.,63,0,3,0,0,1,98,5,0,0,
2017,RC2,S,RC2_S,RC2_S_2017,RC2_S_2017,5,3,3,3,3.5,1,0,16,.,38,0,16,0,0,3,98,4,0,0,
2017,RC2,S,RC2_S,RC2_S_2017,RC2_S_2017,3,4,4,3,3.5,0.577350269,0,16,.,38,0,16,0,0,1,98,5,0,0,
2017,RC2,S,RC2_S,RC2_S_2017,RC2_S_2017,3,3,3,4,3.25,0.5,0,16,.,38,16,0,0,0,3,98,4.5,0,0,
2017,RC2,S,RC2_S,RC2_S_2017,RC2_S_2017,3,4,3,3,3.25,0.5,0,3,.,63,0,0,3,0,3,98,3,0,0,
2017,RC2,S,RC2_S,RC2_S_2017,RC2_S_2017,4,3,3,3,3.25,0.5,0,16,.,63,0,0,0,0,1,98,4,0,0,
2017,RC2,S,RC2_S,RC2_S_2017,RC2_S_2017,3,3,3,4,3.25,0.5,0,16,.,38,0,0,0,0,1,98,7,0,0,
2017,RC2,S,RC2_S,RC2_S_2017,RC2_S_2017,3,3,3,4,3.25,0.5,1,16,.,38,3,1,0,0,1,98,6,0,0,
2017,RC2,S,RC2_S,RC2_S_2017,RC2_S_2017,3,3,3,3,3,0,0,16,.,63,3,16,0,3,3,98,4,0,98,
2017,RC2,S,RC2_S,RC2_S_2017,RC2_S_2017,3,3,3,3,3,0,0,38,.,38,0,38,0,0,1,98,4.5,0,0,
2017,RC2,S,RC2_S,RC2_S_2017,RC2_S_2017,3,3,3,3,3,0,1,3,.,63,0,0,0,0,1,98,8,0,0,
2017,RC2,S,RC2_S,RC2_S_2017,RC2_S_2017,3,3,3,2,2.75,0.5,0,16,.,63,0,3,0,0,1,98,7,0,0,
2017,RCH2014,C,RCH2014_C,RCH2014_C_2017,RCH2014_C_2017,5,8,10,9,8,2.160246899,0,38,.,38,63,0,16,16,3,98,0.5,0,38,
2017,RCH2014,C,RCH2014_C,RCH2014_C_2017,RCH2014_C_2017,6,10,9,6,7.75,2.061552813,16,3,.,16,63,3,16,38,3,98,1.5,0,63,
2017,RCH2014,C,RCH2014_C,RCH2014_C_2017,RCH2014_C_2017,9,8,5,3,6.25,2.753785274,0,16,.,16,63,3,3,16,63,38,0.5,0,38,
2017,RCH2014,C,RCH2014_C,RCH2014_C_2017,RCH2014_C_2017,7,8,5,5,6.25,1.5,16,16,.,16,63,0,0,38,3,98,4.5,0,63,
2017,RCH2014,C,RCH2014_C,RCH2014_C_2017,RCH2014_C_2017,7,4,7,7,6.25,1.5,0,16,.,16,86,3,0,63,16,86,3.5,0,98,
2017,RCH2014,C,RCH2014_C,RCH2014_C_2017,RCH2014_C_2017,6,7,5,5,5.75,0.957427108,3,3,.,16,63,1,16,63,3,86,1.5,1,86,
2017,RCH2014,C,RCH2014_C,RCH2014_C_2017,RCH2014_C_2017,3,4,6,10,5.75,3.095695937,3,63,.,16,38,3,16,16,16,86,1,0,63,
2017,RCH2014,C,RCH2014_C,RCH2014_C_2017,RCH2014_C_2017,6,8,6,3,5.75,2.061552813,0,16,.,38,38,16,0,16,38,38,0,1,38,
2017,RCH2014,C,RCH2014_C,RCH2014_C_2017,RCH2014_C_2017,5,5,5,6,5.25,0.5,38,16,.,3,38,1,0,16,3,86,0,1,38,
2017,RCH2014,C,RCH2014_C,RCH2014_C_2017,RCH2014_C_2017,3,6,5,7,5.25,1.707825128,38,16,.,16,63,16,0,38,38,63,0.5,1,86,
2017,RCH2014,C,RCH2014_C,RCH2014_C_2017,RCH2014_C_2017,3,7,5,6,5.25,1.707825128,0,16,.,3,38,3,1,16,3,98,1,0,63,
2017,RCH2014,C,RCH2014_C,RCH2014_C_2017,RCH2014_C_2017,5,5,5,5,5,0,16,38,.,16,63,1,0,16,38,63,0,1,38,
2017,RCH2014,C,RCH2014_C,RCH2014_C_2017,RCH2014_C_2017,5,4,4,6,4.75,0.957427108,16,16,.,38,38,16,16,16,3,86,1.5,1,86,
2017,RCH2014,C,RCH2014_C,RCH2014_C_2017,RCH2014_C_2017,6,5,3,5,4.75,1.258305739,38,1,.,16,38,3,0,16,3,86,2,1,38,
2017,RCH2014,C,RCH2014_C,RCH2014_C_2017,RCH2014_C_2017,6,4,5,4,4.75,0.957427108,3,0,.,16,86,3,0,38,38,38,0,1,38,
2017,RCH2014,C,RCH2014_C,RCH2014_C_2017,RCH2014_C_2017,2,5,6,5,4.5,1.732050808,16,38,.,16,16,16,0,3,86,3,0,0,16,
2017,RCH2014,C,RCH2014_C,RCH2014_C_2017,RCH2014_C_2017,5,6,3,3,4.25,1.5,63,0,.,16,16,3,3,16,16,86,1.5,1,38,
2017,RCH2014,C,RCH2014_C,RCH2014_C_2017,RCH2014_C_2017,5,5,1,6,4.25,2.217355783,3,16,.,16,63,16,0,3,38,63,0,1,16,
2017,RCH2014,C,RCH2014_C,RCH2014_C_2017,RCH2014_C_2017,4,4,6,1,3.75,2.061552813,3,38,.,16,63,3,0,38,3,98,0.5,0,86,
2017,RCH2014,C,RCH2014_C,RCH2014_C_2017,RCH2014_C_2017,2,5,4,4,3.75,1.258305739,3,16,.,38,16,3,38,16,3,98,0,1,63,
2017,RCH2014,C,RCH2014_C,RCH2014_C_2017,RCH2014_C_2017,3,4,3,4,3.5,0.577350269,16,16,.,38,38,16,0,16,16,86,0,1,38,
2017,RCH2014,C,RCH2014_C,RCH2014_C_2017,RCH2014_C_2017,3,3,5,3,3.5,1,0,86,.,3,16,0,16,16,3,98,0.5,0,86,
2017,RCH2014,C,RCH2014_C,RCH2014_C_2017,RCH2014_C_2017,3,4,3,3,3.25,0.5,0,16,.,16,38,3,3,16,3,98,1.5,1,38,
2017,RCH2014,C,RCH2014_C,RCH2014_C_2017,RCH2014_C_2017,2,3,3,3,2.75,0.5,0,38,.,38,63,1,0,0,63,16,0,0,0,
2017,RCH2014,C,RCH2014_C,RCH2014_C_2017,RCH2014_C_2017,4,2,2,2,2.5,1,3,38,.,16,16,38,0,16,3,98,1,1,63,
2017,RCH2014,C,RCH2014_C,RCH2014_C_2017,RCH2014_C_2017,6,2,1,1,2.5,2.380476143,0,38,.,16,16,1,38,0,98,1,0,0,0,
2017,RCH2014,C,RCH2014_C,RCH2014_C_2017,RCH2014_C_2017,3,2,2,2,2.25,0.5,3,3,.,3,63,16,0,3,86,16,0,0,3,
2017,RCH2014,C,RCH2014_C,RCH2014_C_2017,RCH2014_C_2017,2,1,2,1,1.5,0.577350269,1,0,.,16,38,63,0,16,16,63,0.5,0,38,
2017,RCH2014,C,RCH2014_C,RCH2014_C_2017,RCH2014_C_2017,2,1,2,1,1.5,0.577350269,3,3,.,16,16,16,3,3,63,16,0,1,16,
2017,RCH2014,E,RCH2014_E,RCH2014_E_2017,RCH2014_E_2017,5,6,9,2,5.5,2.886751346,1,0,.,3,38,0,0,38,3,98,1,0,86,
2017,RCH2014,E,RCH2014_E,RCH2014_E_2017,RCH2014_E_2017,8,5,7,2,5.5,2.645751311,0,0,.,0,63,1,0,0,0,98,1.5,0,0,
2017,RCH2014,E,RCH2014_E,RCH2014_E_2017,RCH2014_E_2017,3,1,7,5,4,2.581988897,0,3,.,3,16,16,1,0,3,98,0.5,0,0,
2017,RCH2014,E,RCH2014_E,RCH2014_E_2017,RCH2014_E_2017,3,4,3,3,3.25,0.5,0,0,.,3,86,0,0,0,0,98,1,0,0,
2017,RCH2014,E,RCH2014_E,RCH2014_E_2017,RCH2014_E_2017,3,4,2,4,3.25,0.957427108,0,16,.,3,38,16,0,16,3,98,3,0,38,
2017,RCH2014,E,RCH2014_E,RCH2014_E_2017,RCH2014_E_2017,1,0,7,4,3,3.16227766,3,3,.,0,38,16,0,3,3,86,0.5,0,16,
2017,RCH2014,E,RCH2014_E,RCH2014_E_2017,RCH2014_E_2017,2,2,3,4,2.75,0.957427108,3,3,.,3,38,0,0,0,16,86,1,0,0,
2017,RCH2014,E,RCH2014_E,RCH2014_E_2017,RCH2014_E_2017,3,1,3,3,2.5,1,3,0,.,1,38,0,0,16,16,86,1,0,38,
2017,RCH2014,E,RCH2014_E,RCH2014_E_2017,RCH2014_E_2017,2,4,2,2,2.5,1,3,1,.,3,38,0,0,16,3,98,2,0,38,
2017,RCH2014,E,RCH2014_E,RCH2014_E_2017,RCH2014_E_2017,3,2,2,2,2.25,0.5,3,0,.,3,0,0,0,3,16,86,1,0,16,
2017,RCH2014,E,RCH2014_E,RCH2014_E_2017,RCH2014_E_2017,2,2,3,2,2.25,0.5,3,0,.,3,38,0,0,3,3,98,0.5,1,16,
2017,RCH2014,E,RCH2014_E,RCH2014_E_2017,RCH2014_E_2017,1,1,2,3,1.75,0.957427108,3,3,.,0,16,0,0,16,16,86,1,0,63,
2017,RCH2014,E,RCH2014_E,RCH2014_E_2017,RCH2014_E_2017,2,1,2,1,1.5,0.577350269,16,3,.,3,38,0,0,0,16,86,4,0,0,
2017,RCH2014,W,RCH2014_W,RCH2014_W_2017,RCH2014_W_2017,4,6,5,7,5.5,1.290994449,16,3,.,16,86,0,0,16,86,3,0,0,16,
2017,RCH2014,W,RCH2014_W,RCH2014_W_2017,RCH2014_W_2017,3,7,2,8,5,2.943920289,0,63,.,38,38,16,0,16,38,38,0.05,0,38,
2017,RCH2014,W,RCH2014_W,RCH2014_W_2017,RCH2014_W_2017,3,7,6,3,4.75,2.061552813,16,16,.,38,38,38,16,0,38,38,0,0,0,
2017,RCH2014,W,RCH2014_W,RCH2014_W_2017,RCH2014_W_2017,4,5,5,5,4.75,0.5,16,3,.,16,63,3,0,16,38,38,0,0,38,
2017,RCH2014,W,RCH2014_W,RCH2014_W_2017,RCH2014_W_2017,3,4,4,7,4.5,1.732050808,16,38,.,3,86,16,16,16,63,16,0,0,38,
2017,RCH2014,W,RCH2014_W,RCH2014_W_2017,RCH2014_W_2017,5,3,4,4,4,0.816496581,1,16,.,38,63,3,0,16,86,16,0,0,38,
2017,RCH2014,W,RCH2014_W,RCH2014_W_2017,RCH2014_W_2017,2,6,3,4,3.75,1.707825128,3,16,.,38,38,38,0,16,3,63,0.05,0,38,
2017,RCH2014,W,RCH2014_W,RCH2014_W_2017,RCH2014_W_2017,5,5,2,3,3.75,1.5,16,3,.,38,86,3,0,16,86,3,0,0,16,
2017,RCH2014,W,RCH2014_W,RCH2014_W_2017,RCH2014_W_2017,4,5,3,3,3.75,0.957427108,16,16,.,3,86,3,0,16,98,1,0,0,38,
2017,RCH2014,W,RCH2014_W,RCH2014_W_2017,RCH2014_W_2017,2,5,5,3,3.75,1.5,3,16,.,38,15,63,0,16,38,38,0.05,0,63,
2017,RCH2014,W,RCH2014_W,RCH2014_W_2017,RCH2014_W_2017,3,1,7,3,3.5,2.516611478,1,38,.,16,38,38,16,16,38,38,0,0,38,
2017,RCH2014,W,RCH2014_W,RCH2014_W_2017,RCH2014_W_2017,4,3,5,2,3.5,1.290994449,16,63,.,16,38,3,0,3,38,16,0,0,16,
2017,RCH2014,W,RCH2014_W,RCH2014_W_2017,RCH2014_W_2017,2,3,5,4,3.5,1.290994449,16,63,.,16,16,3,0,0,86,3,0,0,0,
2017,RCH2014,W,RCH2014_W,RCH2014_W_2017,RCH2014_W_2017,5,2,2,4,3.25,1.5,16,86,.,16,38,3,0,3,86,16,0.5,0,16,
2017,RCH2014,W,RCH2014_W,RCH2014_W_2017,RCH2014_W_2017,4,3,2,2,2.75,0.957427108,3,16,.,38,38,63,0,0,63,16,0,0,0,
2017,RCH2014,W,RCH2014_W,RCH2014_W_2017,RCH2014_W_2017,2,5,2,2,2.75,1.5,0,38,.,38,16,63,0,16,38,38,0,0,86,
2017,RCH2014,W,RCH2014_W,RCH2014_W_2017,RCH2014_W_2017,3,2,2,2,2.25,0.5,1,86,.,3,16,16,0,0,38,38,0.5,0,0,
2017,RCH2014,W,RCH2014_W,RCH2014_W_2017,RCH2014_W_2017,1,3,3,2,2.25,0.957427108,16,38,.,16,38,38,0,16,63,16,0.05,0,63,
2017,RCH2014,W,RCH2014_W,RCH2014_W_2017,RCH2014_W_2017,2,3,1,2,2,0.816496581,16,16,.,16,16,38,0,16,63,16,0.05,0,38,
2017,RCH2014,W,RCH2014_W,RCH2014_W_2017,RCH2014_W_2017,2,2,3,1,2,0.816496581,1,16,.,16,16,63,0,0,38,38,0.05,0,0,
2017,RCH2014,W,RCH2014_W,RCH2014_W_2017,RCH2014_W_2017,1,2,2,2,1.75,0.5,16,38,.,16,16,38,0,3,63,38,0,0,16,
2017,RCH2014,W,RCH2014_W,RCH2014_W_2017,RCH2014_W_2017,1,2,1,3,1.75,0.957427108,16,38,.,3,16,16,0,16,98,3,0,0,86,
2017,RCH2014,W,RCH2014_W,RCH2014_W_2017,RCH2014_W_2017,1,2,3,1,1.75,0.957427108,38,16,.,16,16,16,0,0,86,16,0,0,0,
2017,RCH2014,W,RCH2014_W,RCH2014_W_2017,RCH2014_W_2017,2,3,1,1,1.75,0.957427108,3,38,.,16,16,86,0,3,38,38,0,0,38,
2017,RCH2014,W,RCH2014_W,RCH2014_W_2017,RCH2014_W_2017,1,1,2,1,1.25,0.5,1,38,.,3,16,16,0,3,86,16,0,0,3,
2017,RCH2014,W,RCH2014_W,RCH2014_W_2017,RCH2014_W_2017,1,2,1,1,1.25,0.5,16,38,.,3,16,63,0,3,38,38,0,0,16,
2017,RCH2014,W,RCH2014_W,RCH2014_W_2017,RCH2014_W_2017,1,1,2,1,1.25,0.5,3,38,.,16,16,16,0,0,38,63,0.05,0,0,
2017,RCH2014,W,RCH2014_W,RCH2014_W_2017,RCH2014_W_2017,1,1,2,1,1.25,0.5,3,3,.,3,16,86,0,16,63,38,0.05,0,63,
2017,RCH2014,W,RCH2014_W,RCH2014_W_2017,RCH2014_W_2017,1,1,2,1,1.25,0.5,3,38,.,16,3,38,0,0,63,16,0,0,0,
2017,RCH2014,W,RCH2014_W,RCH2014_W_2017,RCH2014_W_2017,1,1,1,1,1,0,38,16,.,3,16,38,0,0,63,3,0,0,0,
2017,RIN,E,RIN_E,RIN_E_2017,RIN_E_2017,20,18,20,20,19.5,1,0,0,.,3,98,1,0,0,86,16,0,0,0,
2017,RIN,E,RIN_E,RIN_E_2017,RIN_E_2017,20,20,18,8,16.5,5.744562647,0,0,.,86,63,0,3,0,38,38,0,0,0,
2017,RIN,E,RIN_E,RIN_E_2017,RIN_E_2017,10,10,11,10,10.25,0.5,0,0,.,16,38,86,0,0,3,86,1,0,0,
2017,RIN,E,RIN_E,RIN_E_2017,RIN_E_2017,7,10,9,7,8.25,1.5,16,0,.,16,38,38,0,0,63,16,0,2,0,
2017,RIN,E,RIN_E,RIN_E_2017,RIN_E_2017,6,5,9,13,8.25,3.593976442,16,0,.,16,63,16,16,16,63,38,0,0,38,
2017,RIN,E,RIN_E,RIN_E_2017,RIN_E_2017,10,9,5,5,7.25,2.62995564,38,0,.,38,63,3,0,0,86,3,0,1,0,
2017,RIN,E,RIN_E,RIN_E_2017,RIN_E_2017,7,5,7,7,6.5,1,63,0,.,3,16,1,16,0,86,3,0,0,0,
2017,RIN,E,RIN_E,RIN_E_2017,RIN_E_2017,6,8,5,6,6.25,1.258305739,16,0,.,16,63,38,38,38,86,3,0,0,63,
2017,RIN,E,RIN_E,RIN_E_2017,RIN_E_2017,5,8,5,5,5.75,1.5,63,0,.,1,16,16,0,3,63,16,0.5,0,38,
2017,RIN,E,RIN_E,RIN_E_2017,RIN_E_2017,5,6,5,5,5.25,0.5,16,0,.,3,38,3,63,38,98,1,0,0,86,
2017,RIN,E,RIN_E,RIN_E_2017,RIN_E_2017,6,6,6,3,5.25,1.5,63,0,.,16,3,3,0,3,98,1,0,2,63,
2017,RIN,E,RIN_E,RIN_E_2017,RIN_E_2017,5,5,5,5,5,0,16,0,.,3,63,0,38,16,98,3,0,2,38,
2017,RIN,E,RIN_E,RIN_E_2017,RIN_E_2017,5,6,6,3,5,1.414213562,63,0,.,0,16,0,38,3,63,16,0,0,16,
2017,RIN,E,RIN_E,RIN_E_2017,RIN_E_2017,5,5,5,5,5,0,38,0,.,16,38,16,16,3,98,1,0,0,16,
2017,RIN,E,RIN_E,RIN_E_2017,RIN_E_2017,5,5,5,5,5,0,38,0,.,3,38,3,16,3,86,3,0,0,16,
2017,RIN,E,RIN_E,RIN_E_2017,RIN_E_2017,5,5,5,4,4.75,0.5,63,0,.,38,16,3,0,16,86,3,0,1,86,
2017,RIN,E,RIN_E,RIN_E_2017,RIN_E_2017,5,4,5,5,4.75,0.5,38,0,.,16,63,38,0,0,63,16,0.5,2,0,
2017,RIN,E,RIN_E,RIN_E_2017,RIN_E_2017,3,5,5,3,4,1.154700538,63,0,.,38,16,16,3,16,86,3,0,1,86,
2017,RIN,E,RIN_E,RIN_E_2017,RIN_E_2017,3,5,3,3,3.5,1,16,0,.,38,38,0,0,3,98,1,0,0,3,
2017,RIN,E,RIN_E,RIN_E_2017,RIN_E_2017,5,3,3,3,3.5,1,38,0,.,3,38,3,16,3,98,1,0,1,16,
2017,RIN,E,RIN_E,RIN_E_2017,RIN_E_2017,5,3,3,3,3.5,1,38,0,.,16,16,3,0,16,98,1,0,0,38,
2017,RIN,E,RIN_E,RIN_E_2017,RIN_E_2017,3,5,3,3,3.5,1,63,0,.,3,38,16,0,3,63,38,0,2,3,
2017,RIN,E,RIN_E,RIN_E_2017,RIN_E_2017,3,3,5,3,3.5,1,38,0,.,16,38,3,3,38,86,16,0,0,86,
2017,RIN,E,RIN_E,RIN_E_2017,RIN_E_2017,3,3,3,5,3.5,1,63,0,.,16,38,16,0,3,63,16,0,0,38,
2017,RIN,E,RIN_E,RIN_E_2017,RIN_E_2017,3,3,5,3,3.5,1,38,0,.,38,16,16,0,16,98,1,0,0,38,
2017,RIN,E,RIN_E,RIN_E_2017,RIN_E_2017,4,3,3,4,3.5,0.577350269,63,0,.,38,16,38,0,0,86,3,0,0,0,
2017,RIN,E,RIN_E,RIN_E_2017,RIN_E_2017,5,3,2,3,3.25,1.258305739,16,0,.,16,16,16,0,16,86,16,0,1,63,
2017,RIN,E,RIN_E,RIN_E_2017,RIN_E_2017,3,3,4,3,3.25,0.5,38,0,.,16,38,16,0,16,98,3,0,1,63,
2017,RIN,E,RIN_E,RIN_E_2017,RIN_E_2017,3,3,3,3,3,0,38,0,.,16,16,16,0,3,86,16,0,0,16,
2017,RIN,E,RIN_E,RIN_E_2017,RIN_E_2017,3,2,3,3,2.75,0.5,16,0,.,63,16,16,3,16,86,16,0,1,98,
2017,RIN,S,RIN_S,RIN_S_2017,RIN_S_2017,10,15,14,14,13.25,2.217355783,0,0,.,38,63,16,0,0,86,3,0,0,0,
2017,RIN,S,RIN_S,RIN_S_2017,RIN_S_2017,17,15,10,10,13,3.559026084,3,0,.,16,63,38,0,0,98,1,0,2,0,
2017,RIN,S,RIN_S,RIN_S_2017,RIN_S_2017,10,13,13,12,12,1.414213562,16,0,.,16,63,63,3,3,98,3,0,2,3,
2017,RIN,S,RIN_S,RIN_S_2017,RIN_S_2017,10,6,11,12,9.75,2.62995564,38,0,.,3,63,16,0,38,98,1,0,2,63,
2017,RIN,S,RIN_S,RIN_S_2017,RIN_S_2017,5,3,10,10,7,3.559026084,38,0,.,38,38,16,0,16,98,1,0,2,16,
2017,RIN,S,RIN_S,RIN_S_2017,RIN_S_2017,7,5,7,7,6.5,1,38,0,.,3,63,16,16,16,63,16,0,0,16,
2017,RIN,S,RIN_S,RIN_S_2017,RIN_S_2017,7,5,3,10,6.25,2.986078811,3,0,.,63,63,16,0,38,63,16,0,0,86,
2017,RIN,S,RIN_S,RIN_S_2017,RIN_S_2017,5,7,7,6,6.25,0.957427108,63,0,.,16,16,38,0,16,86,1,0,1,16,
2017,RIN,S,RIN_S,RIN_S_2017,RIN_S_2017,7,7,5,5,6,1.154700538,16,0,.,16,63,16,0,63,86,3,0,1,86,
2017,RIN,S,RIN_S,RIN_S_2017,RIN_S_2017,6,5,6,6,5.75,0.5,63,0,.,3,38,38,3,16,63,16,0.5,1,63,
2017,RIN,S,RIN_S,RIN_S_2017,RIN_S_2017,5,4,5,9,5.75,2.217355783,63,0,.,16,38,3,0,38,86,16,0,1,86,
2017,RIN,S,RIN_S,RIN_S_2017,RIN_S_2017,10,4,3,6,5.75,3.095695937,16,0,.,63,16,16,0,0,86,3,0,1,0,
2017,RIN,S,RIN_S,RIN_S_2017,RIN_S_2017,5,5,7,6,5.75,0.957427108,38,0,.,16,38,3,3,16,98,3,0,0,16,
2017,RIN,S,RIN_S,RIN_S_2017,RIN_S_2017,5,5,7,6,5.75,0.957427108,63,0,.,1,38,16,0,0,63,16,0.5,0,0,
2017,RIN,S,RIN_S,RIN_S_2017,RIN_S_2017,5,10,3,3,5.25,3.304037934,63,0,.,16,3,0,0,0,86,16,0,1,0,
2017,RIN,S,RIN_S,RIN_S_2017,RIN_S_2017,3,5,5,5,4.5,1,38,0,.,3,63,16,0,16,86,16,0,0,16,
2017,RIN,S,RIN_S,RIN_S_2017,RIN_S_2017,4,5,5,4,4.5,0.577350269,63,0,.,3,38,3,3,3,63,16,0,0,16,
2017,RIN,S,RIN_S,RIN_S_2017,RIN_S_2017,5,4,5,4,4.5,0.577350269,38,0,.,16,16,16,0,3,98,3,0,2,86,
2017,RIN,S,RIN_S,RIN_S_2017,RIN_S_2017,6,4,5,3,4.5,1.290994449,16,0,.,16,38,3,0,16,86,3,0,0,63,
2017,RIN,S,RIN_S,RIN_S_2017,RIN_S_2017,5,7,3,2,4.25,2.217355783,3,0,.,63,16,1,0,3,98,3,0,1,38,
2017,RIN,S,RIN_S,RIN_S_2017,RIN_S_2017,3,5,3,6,4.25,1.5,38,0,.,16,16,16,0,3,98,3,0,1,38,
2017,RIN,S,RIN_S,RIN_S_2017,RIN_S_2017,5,3,4,5,4.25,0.957427108,38,0,.,16,63,1,0,0,98,1,0,1,0,
2017,RIN,S,RIN_S,RIN_S_2017,RIN_S_2017,3,4,5,5,4.25,0.957427108,63,0,.,16,16,16,0,16,86,16,0,1,98,
2017,RIN,S,RIN_S,RIN_S_2017,RIN_S_2017,5,4,4,3,4,0.816496581,16,0,.,63,16,38,0,16,86,16,0,0,63,
2017,RIN,S,RIN_S,RIN_S_2017,RIN_S_2017,5,4,4,3,4,0.816496581,38,0,.,16,38,3,0,16,86,3,0,2,86,
2017,RIN,S,RIN_S,RIN_S_2017,RIN_S_2017,3,5,5,2,3.75,1.5,38,0,.,16,16,3,0,0,98,3,0,2,0,
2017,RIN,S,RIN_S,RIN_S_2017,RIN_S_2017,4,4,3,3,3.5,0.577350269,38,0,.,16,38,38,0,16,86,3,0,1,38,
2017,RIN,S,RIN_S,RIN_S_2017,RIN_S_2017,5,3,3,3,3.5,1,38,0,.,16,16,16,0,16,98,3,0,1,98,
2017,RIN,S,RIN_S,RIN_S_2017,RIN_S_2017,4,3,3,3,3.25,0.5,63,0,.,16,16,3,0,16,63,16,0,1,86,
2017,RIN,S,RIN_S,RIN_S_2017,RIN_S_2017,3,3,3,3,3,0,63,0,.,3,16,1,0,0,98,1,0,2,0,
2017,RIN,W,RIN_W,RIN_W_2017,RIN_W_2017,15,14,17,18,16,1.825741858,3,0,.,38,86,38,16,0,3,86,2,0,0,
2017,RIN,W,RIN_W,RIN_W_2017,RIN_W_2017,13,16,17,11,14.25,2.753785274,3,0,.,38,63,0,16,0,86,16,0.5,0,0,
2017,RIN,W,RIN_W,RIN_W_2017,RIN_W_2017,10,11,12,15,12,2.160246899,38,0,.,3,86,3,16,3,98,1,0,0,3,
2017,RIN,W,RIN_W,RIN_W_2017,RIN_W_2017,7,7,9,15,9.5,3.785938897,38,0,.,16,63,16,0,0,38,63,1,0,0,
2017,RIN,W,RIN_W,RIN_W_2017,RIN_W_2017,10,9,9,9,9.25,0.5,3,0,.,16,63,38,38,3,86,16,0,0,3,
2017,RIN,W,RIN_W,RIN_W_2017,RIN_W_2017,6,6,11,7,7.5,2.380476143,38,0,.,16,16,16,0,0,38,63,1.5,1,0,
2017,RIN,W,RIN_W,RIN_W_2017,RIN_W_2017,7,8,7,7,7.25,0.5,63,0,.,16,38,16,1,3,98,3,0,0,16,
2017,RIN,W,RIN_W,RIN_W_2017,RIN_W_2017,8,7,7,5,6.75,1.258305739,38,0,.,38,38,16,3,16,38,38,0,0,16,
2017,RIN,W,RIN_W,RIN_W_2017,RIN_W_2017,6,7,6,6,6.25,0.5,63,0,.,38,16,3,0,16,86,16,0,0,63,
2017,RIN,W,RIN_W,RIN_W_2017,RIN_W_2017,5,5,7,7,6,1.154700538,38,0,.,16,63,38,3,16,63,16,0,0,16,
2017,RIN,W,RIN_W,RIN_W_2017,RIN_W_2017,10,4,5,4,5.75,2.872281323,38,0,.,16,16,16,3,16,63,38,0.5,1,86,
2017,RIN,W,RIN_W,RIN_W_2017,RIN_W_2017,5,5,6,6,5.5,0.577350269,63,0,.,16,0,0,16,0,1,98,0.5,0,0,
2017,RIN,W,RIN_W,RIN_W_2017,RIN_W_2017,5,5,7,5,5.5,1,16,0,.,16,38,3,3,16,86,3,0,0,38,
2017,RIN,W,RIN_W,RIN_W_2017,RIN_W_2017,3,5,8,4,5,2.160246899,38,0,.,38,16,16,0,16,38,38,0.5,2,38,
2017,RIN,W,RIN_W,RIN_W_2017,RIN_W_2017,5,5,5,5,5,0,63,0,.,16,1,16,0,0,86,16,0,1,0,
2017,RIN,W,RIN_W,RIN_W_2017,RIN_W_2017,5,5,5,5,5,0,38,0,.,16,38,16,0,16,63,16,0,0,38,
2017,RIN,W,RIN_W,RIN_W_2017,RIN_W_2017,5,4,6,5,5,0.816496581,16,0,.,16,38,0,16,0,86,16,0,2,0,
2017,RIN,W,RIN_W,RIN_W_2017,RIN_W_2017,5,3,5,5,4.5,1,63,0,.,16,16,0,3,16,86,16,0,2,98,
2017,RIN,W,RIN_W,RIN_W_2017,RIN_W_2017,5,4,3,6,4.5,1.290994449,63,0,.,16,38,16,0,0,86,16,0,2,0,
2017,RIN,W,RIN_W,RIN_W_2017,RIN_W_2017,5,3,3,5,4,1.154700538,63,0,.,16,3,3,16,0,98,1,0,0,0,
2017,RIN,W,RIN_W,RIN_W_2017,RIN_W_2017,5,3,3,5,4,1.154700538,63,0,.,16,16,16,3,0,38,38,0.5,0,0,
2017,RIN,W,RIN_W,RIN_W_2017,RIN_W_2017,3,4,4,5,4,0.816496581,38,0,.,16,16,3,3,16,86,16,0,2,98,
2017,RIN,W,RIN_W,RIN_W_2017,RIN_W_2017,3,6,3,3,3.75,1.5,38,0,.,3,16,3,16,0,86,16,0,2,0,
2017,RIN,W,RIN_W,RIN_W_2017,RIN_W_2017,2,3,5,5,3.75,1.5,63,0,.,16,16,16,38,16,38,38,1,0,63,
2017,RIN,W,RIN_W,RIN_W_2017,RIN_W_2017,3,3,3,5,3.5,1,38,0,.,16,3,16,0,0,98,1,0,0,0,
2017,RIN,W,RIN_W,RIN_W_2017,RIN_W_2017,5,3,3,2,3.25,1.258305739,16,0,.,16,38,3,0,3,98,3,0,0,16,
2017,RIN,W,RIN_W,RIN_W_2017,RIN_W_2017,3,3,3,3,3,0,38,0,.,16,16,16,3,16,63,16,0.5,1,63,
2017,RIN,W,RIN_W,RIN_W_2017,RIN_W_2017,3,2,3,2,2.5,0.577350269,38,0,.,16,16,16,0,16,63,38,0,1,86,
2017,RIN,W,RIN_W,RIN_W_2017,RIN_W_2017,3,1,3,2,2.25,0.957427108,16,0,.,16,0,16,0,0,86,16,0,1,0,
2017,RIS,C,RIS_C,RIS_C_2017,RIS_C_2017,6,9,10,7,8,1.825741858,0,16,.,0,16,0,38,3,0,98,6,0,38,
2017,RIS,C,RIS_C,RIS_C_2017,RIS_C_2017,8,1,2,20,7.75,8.732124598,0,38,.,3,3,38,0,0,0,98,1,0,0,
2017,RIS,C,RIS_C,RIS_C_2017,RIS_C_2017,5,5,8,5,5.75,1.5,1,3,.,16,63,63,0,0,16,86,2,0,0,
2017,RIS,C,RIS_C,RIS_C_2017,RIS_C_2017,3,7,3,4,4.25,1.892969449,0,38,.,16,63,38,0,16,0,98,1,0,86,
2017,RIS,C,RIS_C,RIS_C_2017,RIS_C_2017,9,3,1,3,4,3.464101615,3,86,.,3,3,16,3,0,3,86,2.5,0,0,
2017,RIS,C,RIS_C,RIS_C_2017,RIS_C_2017,2,6,1,4,3.25,2.217355783,16,38,.,16,16,63,38,16,0,98,2,1,86,
2017,RIS,C,RIS_C,RIS_C_2017,RIS_C_2017,3,4,4,2,3.25,0.957427108,1,63,.,3,38,38,0,3,16,86,2,0,38,
2017,RIS,C,RIS_C,RIS_C_2017,RIS_C_2017,4,6,1,2,3.25,2.217355783,0,16,.,16,63,16,0,3,0,98,0.5,0,16,
2017,RIS,C,RIS_C,RIS_C_2017,RIS_C_2017,2,2,5,4,3.25,1.5,1,16,.,16,16,38,0,0,0,98,3,0,0,
2017,RIS,C,RIS_C,RIS_C_2017,RIS_C_2017,5,3,2,2,3,1.414213562,0,63,.,16,16,38,0,3,0,98,0,0,16,
2017,RIS,C,RIS_C,RIS_C_2017,RIS_C_2017,1,3,5,2,2.75,1.707825128,16,16,.,16,16,38,0,3,0,98,2.5,0,63,
2017,RIS,C,RIS_C,RIS_C_2017,RIS_C_2017,2,2,3,3,2.5,0.577350269,16,16,.,16,38,38,0,3,0,98,1,0,38,
2017,RIS,C,RIS_C,RIS_C_2017,RIS_C_2017,3,3,2,1,2.25,0.957427108,38,3,.,16,16,38,3,16,0,98,5,0,86,
2017,RIS,C,RIS_C,RIS_C_2017,RIS_C_2017,2,2,2,3,2.25,0.5,16,1,.,16,3,38,0,0,0,98,0.5,1,0,
2017,RIS,C,RIS_C,RIS_C_2017,RIS_C_2017,1,2,3,2,2,0.816496581,38,3,.,38,16,3,3,3,0,98,5.5,0,16,
2017,RIS,C,RIS_C,RIS_C_2017,RIS_C_2017,1,3,1,3,2,1.154700538,0,38,.,16,16,16,3,3,0,98,1,0,63,
2017,RIS,C,RIS_C,RIS_C_2017,RIS_C_2017,1,1,3,2,1.75,0.957427108,63,3,.,3,3,38,0,3,0,98,2,0,86,
2017,RIS,C,RIS_C,RIS_C_2017,RIS_C_2017,2,1,3,1,1.75,0.957427108,0,16,.,16,38,63,16,16,0,98,1,0,86,
2017,RIS,C,RIS_C,RIS_C_2017,RIS_C_2017,2,2,2,1,1.75,0.5,38,3,.,3,3,38,0,3,0,98,1,1,98,
2017,RIS,C,RIS_C,RIS_C_2017,RIS_C_2017,1,1,2,3,1.75,0.957427108,3,38,.,16,3,16,3,0,0,98,1,0,0,
2017,RIS,C,RIS_C,RIS_C_2017,RIS_C_2017,1,2,3,1,1.75,0.957427108,16,3,.,16,0,38,0,0,16,86,1,1,0,
2017,RIS,C,RIS_C,RIS_C_2017,RIS_C_2017,2,2,2,1,1.75,0.5,38,3,.,16,3,38,0,3,3,98,2,1,86,
2017,RIS,C,RIS_C,RIS_C_2017,RIS_C_2017,1,2,1,3,1.75,0.957427108,0,86,.,16,1,3,0,0,0,98,1,0,0,
2017,RIS,C,RIS_C,RIS_C_2017,RIS_C_2017,1,2,1,2,1.5,0.577350269,0,63,.,3,3,38,0,3,3,86,1.5,0,86,
2017,RIS,C,RIS_C,RIS_C_2017,RIS_C_2017,1,2,1,2,1.5,0.577350269,0,38,.,16,1,38,0,0,0,98,0.5,0,0,
2017,RIS,C,RIS_C,RIS_C_2017,RIS_C_2017,1,1,1,2,1.25,0.5,16,3,.,38,38,3,0,16,16,63,1,1,63,
2017,RIS,C,RIS_C,RIS_C_2017,RIS_C_2017,1,2,1,1,1.25,0.5,86,3,.,16,16,16,0,3,0,98,6,1,38,
2017,RIS,C,RIS_C,RIS_C_2017,RIS_C_2017,1,2,1,1,1.25,0.5,3,3,.,16,3,38,0,3,0,98,2,1,63,
2017,RIS,C,RIS_C,RIS_C_2017,RIS_C_2017,1,2,1,1,1.25,0.5,1,38,.,16,3,38,0,0,0,98,1,1,0,
2017,RIS,C,RIS_C,RIS_C_2017,RIS_C_2017,1,1,2,1,1.25,0.5,3,16,.,16,3,38,0,3,0,98,0,0,63,
2017,RIS,C,RIS_C,RIS_C_2017,RIS_C_2017,1,1,1,1,1,0,0,38,.,16,63,16,3,38,3,86,2,0,86,
2017,RIS,N,RIS_N,RIS_N_2017,RIS_N_2017,2,20,2,2,6.5,9,0,16,.,63,16,16,0,0,38,38,1,0,0,
2017,RIS,N,RIS_N,RIS_N_2017,RIS_N_2017,20,2,2,2,6.5,9,3,63,.,16,0,3,0,0,0,98,1.5,0,0,
2017,RIS,N,RIS_N,RIS_N_2017,RIS_N_2017,10,3,5,5,5.75,2.986078811,3,38,.,16,38,16,0,16,63,16,0,0,63,
2017,RIS,N,RIS_N,RIS_N_2017,RIS_N_2017,1,3,3,14,5.25,5.909032634,3,3,.,3,16,38,1,0,38,38,0,0,0,
2017,RIS,N,RIS_N,RIS_N_2017,RIS_N_2017,4,6,4,4,4.5,1,3,16,.,38,38,16,0,16,63,16,1,0,63,
2017,RIS,N,RIS_N,RIS_N_2017,RIS_N_2017,6,3,4,4,4.25,1.258305739,0,38,.,3,38,16,0,16,86,16,0,0,38,
2017,RIS,N,RIS_N,RIS_N_2017,RIS_N_2017,2,3,4,3,3,0.816496581,63,3,.,3,16,0,16,0,38,63,1,0,0,
2017,RIS,N,RIS_N,RIS_N_2017,RIS_N_2017,3,4,3,2,3,0.816496581,3,38,.,16,16,16,0,0,38,63,0.5,0,0,
2017,RIS,N,RIS_N,RIS_N_2017,RIS_N_2017,2,2,4,4,3,1.154700538,3,63,.,16,16,38,0,0,38,63,1,0,0,
2017,RIS,N,RIS_N,RIS_N_2017,RIS_N_2017,3,3,2,3,2.75,0.5,3,38,.,16,16,38,16,16,38,63,1,0,38,
2017,RIS,N,RIS_N,RIS_N_2017,RIS_N_2017,3,4,1,2,2.5,1.290994449,0,0,.,3,16,38,16,3,3,86,0.5,1,38,
2017,RIS,N,RIS_N,RIS_N_2017,RIS_N_2017,3,2,2,2,2.25,0.5,16,16,.,3,38,16,0,38,63,16,0,0,86,
2017,RIS,N,RIS_N,RIS_N_2017,RIS_N_2017,2,2,3,2,2.25,0.5,16,16,.,38,38,16,3,3,86,16,2,0,16,
2017,RIS,N,RIS_N,RIS_N_2017,RIS_N_2017,1,4,2,2,2.25,1.258305739,16,38,.,3,38,16,0,0,38,38,0,0,0,
2017,RIS,N,RIS_N,RIS_N_2017,RIS_N_2017,2,3,2,1,2,0.816496581,0,38,.,16,38,38,0,0,63,16,0,0,0,
2017,RIS,N,RIS_N,RIS_N_2017,RIS_N_2017,2,2,1,3,2,0.816496581,3,3,.,63,16,38,3,3,16,86,1,0,16,
2017,RIS,N,RIS_N,RIS_N_2017,RIS_N_2017,2,2,2,2,2,0,1,16,.,63,16,38,0,0,86,16,0,0,0,
2017,RIS,N,RIS_N,RIS_N_2017,RIS_N_2017,1,2,2,3,2,0.816496581,38,16,.,3,16,16,0,16,16,63,0,0,63,
2017,RIS,N,RIS_N,RIS_N_2017,RIS_N_2017,1,1,4,1,1.75,1.5,0,38,.,16,16,38,16,0,0,3,0,0,0,
2017,RIS,N,RIS_N,RIS_N_2017,RIS_N_2017,2,1,2,2,1.75,0.5,38,16,.,3,38,38,0,3,0,98,2,0,16,
2017,RIS,N,RIS_N,RIS_N_2017,RIS_N_2017,1,2,1,2,1.5,0.577350269,3,16,.,3,38,63,0,0,38,63,1,0,0,
2017,RIS,N,RIS_N,RIS_N_2017,RIS_N_2017,1,1,1,2,1.25,0.5,38,16,.,3,3,16,0,0,16,63,1,0,0,
2017,RIS,N,RIS_N,RIS_N_2017,RIS_N_2017,2,1,1,1,1.25,0.5,3,16,.,16,16,16,0,3,16,86,0.5,1,38,
2017,RIS,N,RIS_N,RIS_N_2017,RIS_N_2017,1,1,1,2,1.25,0.5,3,86,.,3,3,16,0,0,63,16,0,0,0,
2017,RIS,N,RIS_N,RIS_N_2017,RIS_N_2017,0,1,2,1,1,0.816496581,3,38,.,16,16,16,0,16,86,3,1.5,0,98,
2017,RIS,N,RIS_N,RIS_N_2017,RIS_N_2017,1,1,1,1,1,0,0,63,.,16,16,16,0,0,38,38,0.5,0,0,
2017,RIS,N,RIS_N,RIS_N_2017,RIS_N_2017,1,1,1,1,1,0,3,16,.,3,3,38,0,0,16,63,0,0,0,
2017,RIS,N,RIS_N,RIS_N_2017,RIS_N_2017,1,1,1,1,1,0,3,63,.,3,16,16,0,0,3,86,1,0,0,
2017,RIS,N,RIS_N,RIS_N_2017,RIS_N_2017,1,1,1,1,1,0,3,16,.,3,16,16,0,16,38,38,0,0,86,
2017,RIS,S,RIS_S,RIS_S_2017,RIS_S_2017,10,2,10,20,10.5,7.371114796,63,0,.,3,16,38,3,16,16,63,0.5,1,98,
2017,RIS,S,RIS_S,RIS_S_2017,RIS_S_2017,6,5,4,4,4.75,0.957427108,0,63,.,16,16,16,0,0,16,86,1,0,0,
2017,RIS,S,RIS_S,RIS_S_2017,RIS_S_2017,6,6,4,2,4.5,1.914854216,0,16,.,38,16,16,0,0,16,86,1.5,0,0,
2017,RIS,S,RIS_S,RIS_S_2017,RIS_S_2017,3,3,8,3,4.25,2.5,3,38,.,16,16,16,16,16,1,98,1,0,86,
2017,RIS,S,RIS_S,RIS_S_2017,RIS_S_2017,3,6,3,4,4,1.414213562,38,16,.,3,0,16,16,0,38,38,0.5,0,0,
2017,RIS,S,RIS_S,RIS_S_2017,RIS_S_2017,2,5,3,4,3.5,1.290994449,1,38,.,63,16,16,1,16,16,63,2.5,1,86,
2017,RIS,S,RIS_S,RIS_S_2017,RIS_S_2017,4,2,3,4,3.25,0.957427108,0,3,.,63,38,3,1,16,3,86,1.5,0,38,
2017,RIS,S,RIS_S,RIS_S_2017,RIS_S_2017,2,3,3,4,3,0.816496581,16,63,.,16,16,16,3,3,16,86,1,1,38,
2017,RIS,S,RIS_S,RIS_S_2017,RIS_S_2017,2,4,2,4,3,1.154700538,3,16,.,63,38,38,3,16,16,86,2.5,2,16,
2017,RIS,S,RIS_S,RIS_S_2017,RIS_S_2017,5,2,2,2,2.75,1.5,0,38,.,38,16,38,38,0,1,98,1.5,0,0,
2017,RIS,S,RIS_S,RIS_S_2017,RIS_S_2017,3,3,3,2,2.75,0.5,16,38,.,16,16,38,0,16,38,86,2.5,1,98,
2017,RIS,S,RIS_S,RIS_S_2017,RIS_S_2017,2,3,2,4,2.75,0.957427108,0,63,.,3,3,38,0,3,16,63,1,0,98,
2017,RIS,S,RIS_S,RIS_S_2017,RIS_S_2017,2,5,2,2,2.75,1.5,38,3,.,16,16,63,0,16,16,63,1,1,38,
2017,RIS,S,RIS_S,RIS_S_2017,RIS_S_2017,2,2,4,2,2.5,1,16,38,.,38,38,38,0,16,16,86,1.5,1,16,
2017,RIS,S,RIS_S,RIS_S_2017,RIS_S_2017,3,2,2,3,2.5,0.577350269,16,38,.,3,16,63,0,3,3,86,2.5,0,16,
2017,RIS,S,RIS_S,RIS_S_2017,RIS_S_2017,2,2,3,2,2.25,0.5,0,3,.,86,1,38,0,0,38,63,0.5,1,0,
2017,RIS,S,RIS_S,RIS_S_2017,RIS_S_2017,2,2,3,2,2.25,0.5,3,3,.,86,16,38,0,16,3,98,0.5,1,98,
2017,RIS,S,RIS_S,RIS_S_2017,RIS_S_2017,2,3,2,2,2.25,0.5,0,63,.,16,16,38,0,16,16,63,1,1,38,
2017,RIS,S,RIS_S,RIS_S_2017,RIS_S_2017,2,3,2,2,2.25,0.5,16,16,.,38,16,38,0,0,0,98,1.5,1,0,
2017,RIS,S,RIS_S,RIS_S_2017,RIS_S_2017,2,2,3,2,2.25,0.5,3,16,.,38,16,16,0,16,16,63,1,1,98,
2017,RIS,S,RIS_S,RIS_S_2017,RIS_S_2017,2,2,3,2,2.25,0.5,3,38,.,16,38,16,3,16,16,63,1,1,86,
2017,RIS,S,RIS_S,RIS_S_2017,RIS_S_2017,2,2,3,2,2.25,0.5,3,63,.,16,16,16,0,16,3,86,1,0,63,
2017,RIS,S,RIS_S,RIS_S_2017,RIS_S_2017,2,2,3,2,2.25,0.5,16,16,.,38,16,38,0,0,3,86,1.5,1,0,
2017,RIS,S,RIS_S,RIS_S_2017,RIS_S_2017,2,2,3,2,2.25,0.5,16,3,.,16,16,16,16,3,1,98,2.5,0,38,
2017,RIS,S,RIS_S,RIS_S_2017,RIS_S_2017,2,2,2,2,2,0,0,38,.,16,16,16,0,16,1,98,2.5,1,86,
2017,RIS,S,RIS_S,RIS_S_2017,RIS_S_2017,2,2,2,1,1.75,0.5,3,38,.,16,3,38,0,0,16,63,0,2,0,
2017,RIS,S,RIS_S,RIS_S_2017,RIS_S_2017,2,2,1,2,1.75,0.5,3,38,.,16,3,16,0,3,3,86,1,0,98,
2017,RIS,S,RIS_S,RIS_S_2017,RIS_S_2017,2,2,2,1,1.75,0.5,38,3,.,16,3,63,0,0,0,98,0.5,0,0,
2017,RIS,S,RIS_S,RIS_S_2017,RIS_S_2017,2,1,2,1,1.5,0.577350269,1,63,.,16,3,38,0,0,38,38,0,2,0,
2017,RIS,S,RIS_S,RIS_S_2017,RIS_S_2017,1,2,1,1,1.25,0.5,0,38,.,3,3,38,0,3,63,16,0,1,98,
2017,RNR,C,RNR_C,RNR_C_2017,RNR_C_2017,10,9,10,9,9.5,0.577350269,3,0,.,16,86,0,0,0,16,86,5,1,0,
2017,RNR,C,RNR_C,RNR_C_2017,RNR_C_2017,7,7,12,10,9,2.449489743,16,16,.,16,63,16,0,0,3,98,0.5,0,0,
2017,RNR,C,RNR_C,RNR_C_2017,RNR_C_2017,8,10,10,5,8.25,2.362907813,86,1,.,1,16,0,0,3,0,98,10,1,16,
2017,RNR,C,RNR_C,RNR_C_2017,RNR_C_2017,8,5,8,7,7,1.414213562,16,0,.,3,38,16,0,0,3,86,12,0,0,
2017,RNR,C,RNR_C,RNR_C_2017,RNR_C_2017,9,6,6,6,6.75,1.5,38,0,.,3,16,3,0,0,16,86,4.5,0,0,
2017,RNR,C,RNR_C,RNR_C_2017,RNR_C_2017,7,7,6,6,6.5,0.577350269,63,0,.,0,3,0,0,0,3,98,4,0,0,
2017,RNR,C,RNR_C,RNR_C_2017,RNR_C_2017,7,9,5,5,6.5,1.914854216,86,0,.,3,0,0,0,0,0,98,14,0,0,
2017,RNR,C,RNR_C,RNR_C_2017,RNR_C_2017,5,6,7,7,6.25,0.957427108,86,0,.,3,0,0,0,0,1,98,9,0,0,
2017,RNR,C,RNR_C,RNR_C_2017,RNR_C_2017,6,7,5,7,6.25,0.957427108,63,0,.,3,16,16,0,0,0,98,5,1,0,
2017,RNR,C,RNR_C,RNR_C_2017,RNR_C_2017,7,5,7,6,6.25,0.957427108,38,0,.,0,63,0,0,63,0,98,16,0,98,
2017,RNR,C,RNR_C,RNR_C_2017,RNR_C_2017,6,5,6,7,6,0.816496581,86,1,.,86,38,16,0,3,1,98,7,0,16,
2017,RNR,C,RNR_C,RNR_C_2017,RNR_C_2017,5,6,5,7,5.75,0.957427108,38,3,.,16,38,16,0,0,3,86,6,1,0,
2017,RNR,C,RNR_C,RNR_C_2017,RNR_C_2017,5,5,6,6,5.5,0.577350269,63,0,.,1,3,16,0,0,0,98,4,0,0,
2017,RNR,C,RNR_C,RNR_C_2017,RNR_C_2017,5,6,6,5,5.5,0.577350269,86,1,.,3,0,3,0,0,0,98,12,0,0,
2017,RNR,C,RNR_C,RNR_C_2017,RNR_C_2017,7,5,5,5,5.5,1,16,0,.,3,16,38,0,0,3,86,5,0,0,
2017,RNR,C,RNR_C,RNR_C_2017,RNR_C_2017,5,5,5,6,5.25,0.5,63,3,.,1,3,0,0,0,0,98,7,0,0,
2017,RNR,C,RNR_C,RNR_C_2017,RNR_C_2017,5,5,5,5,5,0,63,0,.,3,16,3,0,0,0,98,3,0,0,
2017,RNR,C,RNR_C,RNR_C_2017,RNR_C_2017,5,5,5,5,5,0,63,3,.,3,16,16,0,3,1,98,3,0,16,
2017,RNR,C,RNR_C,RNR_C_2017,RNR_C_2017,5,5,5,5,5,0,86,0,.,3,3,0,0,0,0,98,2.5,1,0,
2017,RNR,C,RNR_C,RNR_C_2017,RNR_C_2017,5,4,5,5,4.75,0.5,63,0,.,3,38,0,0,0,16,86,1,1,0,
2017,RNR,C,RNR_C,RNR_C_2017,RNR_C_2017,7,5,5,2,4.75,2.061552813,0,3,.,3,3,63,0,0,1,98,7,0,0,
2017,RNR,C,RNR_C,RNR_C_2017,RNR_C_2017,5,5,5,4,4.75,0.5,38,1,.,3,38,0,0,0,16,86,6,1,0,
2017,RNR,C,RNR_C,RNR_C_2017,RNR_C_2017,4,5,5,5,4.75,0.5,63,3,.,16,3,16,0,0,16,86,4,1,0,
2017,RNR,C,RNR_C,RNR_C_2017,RNR_C_2017,4,5,5,5,4.75,0.5,63,0,.,3,3,16,0,0,3,98,11,1,0,
2017,RNR,C,RNR_C,RNR_C_2017,RNR_C_2017,5,3,5,5,4.5,1,98,0,.,3,63,3,0,0,3,98,2,0,0,
2017,RNR,C,RNR_C,RNR_C_2017,RNR_C_2017,6,5,4,3,4.5,1.290994449,63,3,.,16,3,3,0,0,0,98,4.5,1,0,
2017,RNR,C,RNR_C,RNR_C_2017,RNR_C_2017,4,3,5,5,4.25,0.957427108,63,0,.,3,16,1,0,0,0,98,1.5,1,0,
2017,RNR,C,RNR_C,RNR_C_2017,RNR_C_2017,3,4,4,4,3.75,0.5,16,1,.,16,38,16,0,0,1,98,3,0,0,
2017,RNR,C,RNR_C,RNR_C_2017,RNR_C_2017,3,5,4,3,3.75,0.957427108,38,16,.,3,16,3,0,0,0,98,5,1,0,
2017,RNR,C,RNR_C,RNR_C_2017,RNR_C_2017,2,2,2,6,3,2,3,0,.,16,3,38,16,0,1,98,3.5,0,0,
2017,RNR,E,RNR_E,RNR_E_2017,RNR_E_2017,10,12,11,14,11.75,1.707825128,0,0,.,3,38,16,63,0,16,86,5,0,0,
2017,RNR,E,RNR_E,RNR_E_2017,RNR_E_2017,10,11,10,8,9.75,1.258305739,0,3,.,38,38,16,3,0,1,98,8,0,0,
2017,RNR,E,RNR_E,RNR_E_2017,RNR_E_2017,9,7,11,11,9.5,1.914854216,0,3,.,3,63,0,16,0,38,63,1.5,0,0,
2017,RNR,E,RNR_E,RNR_E_2017,RNR_E_2017,7,10,11,9,9.25,1.707825128,3,0,.,3,63,16,0,0,3,98,1.5,0,0,
2017,RNR,E,RNR_E,RNR_E_2017,RNR_E_2017,8,9,8,8,8.25,0.5,0,0,.,16,63,0,0,0,16,86,2.5,0,0,
2017,RNR,E,RNR_E,RNR_E_2017,RNR_E_2017,10,8,7,7,8,1.414213562,0,0,.,16,86,3,0,0,63,16,0,0,0,
2017,RNR,E,RNR_E,RNR_E_2017,RNR_E_2017,8,7,8,9,8,0.816496581,0,0,.,16,86,3,16,3,98,3,0.5,0,0,
2017,RNR,E,RNR_E,RNR_E_2017,RNR_E_2017,8,7,7,9,7.75,0.957427108,16,1,.,16,63,38,0,3,38,38,3,0,16,
2017,RNR,E,RNR_E,RNR_E_2017,RNR_E_2017,8,7,8,7,7.5,0.577350269,3,3,.,16,38,16,0,3,38,63,7,0,16,
2017,RNR,E,RNR_E,RNR_E_2017,RNR_E_2017,7,9,7,7,7.5,1,16,0,.,3,86,3,0,0,16,86,0.5,0,0,
2017,RNR,E,RNR_E,RNR_E_2017,RNR_E_2017,7,6,8,8,7.25,0.957427108,16,16,.,3,38,16,0,0,1,98,4.5,0,0,
2017,RNR,E,RNR_E,RNR_E_2017,RNR_E_2017,7,7,7,8,7.25,0.5,0,1,.,3,86,3,0,16,63,38,0,0,16,
2017,RNR,E,RNR_E,RNR_E_2017,RNR_E_2017,8,5,6,9,7,1.825741858,38,16,.,3,63,16,0,0,16,86,1,0,0,
2017,RNR,E,RNR_E,RNR_E_2017,RNR_E_2017,13,4,4,7,7,4.242640687,16,1,.,16,3,63,0,0,3,98,9,0,0,
2017,RNR,E,RNR_E,RNR_E_2017,RNR_E_2017,6,5,7,9,6.75,1.707825128,16,0,.,3,63,16,0,0,1,98,1,0,0,
2017,RNR,E,RNR_E,RNR_E_2017,RNR_E_2017,6,5,8,7,6.5,1.290994449,16,16,.,3,38,63,0,16,38,63,0.5,0,38,
2017,RNR,E,RNR_E,RNR_E_2017,RNR_E_2017,7,7,7,5,6.5,1,38,3,.,1,16,16,0,0,16,86,2.5,1,86,
2017,RNR,E,RNR_E,RNR_E_2017,RNR_E_2017,6,7,7,6,6.5,0.577350269,38,3,.,16,38,16,0,0,1,98,3,0,0,
2017,RNR,E,RNR_E,RNR_E_2017,RNR_E_2017,4,6,5,7,5.5,1.290994449,38,0,.,3,63,38,0,0,16,86,6,0,0,
2017,RNR,E,RNR_E,RNR_E_2017,RNR_E_2017,7,5,6,4,5.5,1.290994449,0,1,.,1,38,38,0,0,3,86,6,0,0,
2017,RNR,E,RNR_E,RNR_E_2017,RNR_E_2017,4,7,6,4,5.25,1.5,63,3,.,1,3,38,0,0,16,86,5,1,0,
2017,RNR,E,RNR_E,RNR_E_2017,RNR_E_2017,3,5,4,6,4.5,1.290994449,38,16,.,0,3,63,0,3,38,63,8,0,98,
2017,RNR,E,RNR_E,RNR_E_2017,RNR_E_2017,4,3,3,7,4.25,1.892969449,16,16,.,16,38,38,0,0,63,38,1.5,1,0,
2017,RNR,E,RNR_E,RNR_E_2017,RNR_E_2017,4,3,5,5,4.25,0.957427108,63,3,.,0,38,38,0,0,86,16,0,0,0,
2017,RNR,E,RNR_E,RNR_E_2017,RNR_E_2017,3,4,6,4,4.25,1.258305739,0,38,.,16,3,16,0,0,38,63,0.5,0,0,
2017,RNR,E,RNR_E,RNR_E_2017,RNR_E_2017,1,9,3,3,4,3.464101615,16,3,.,38,16,3,0,0,63,38,0.5,0,0,
2017,RNR,E,RNR_E,RNR_E_2017,RNR_E_2017,4,5,3,4,4,0.816496581,3,0,.,16,63,16,0,16,16,86,1.5,0,38,
2017,RNR,E,RNR_E,RNR_E_2017,RNR_E_2017,3,3,3,2,2.75,0.5,16,0,.,3,16,63,0,0,3,86,3,0,0,
2017,RNR,E,RNR_E,RNR_E_2017,RNR_E_2017,3,3,2,3,2.75,0.5,16,0,.,16,38,16,0,3,3,98,0,0,16,
2017,RNR,E,RNR_E,RNR_E_2017,RNR_E_2017,1,3,2,1,1.75,0.957427108,1,16,.,16,38,16,0,16,63,38,1,0,38,
2017,RNR,W,RNR_W,RNR_W_2017,RNR_W_2017,17,17,17,17,17,0,0,0,.,1,98,3,0,0,0,98,5,0,0,
2017,RNR,W,RNR_W,RNR_W_2017,RNR_W_2017,11,10,10,11,10.5,0.577350269,0,0,.,1,86,16,3,0,1,98,2,0,0,
2017,RNR,W,RNR_W,RNR_W_2017,RNR_W_2017,5,11,10,11,9.25,2.872281323,16,0,.,3,38,16,0,0,86,3,2.5,0,0,
2017,RNR,W,RNR_W,RNR_W_2017,RNR_W_2017,9,8,10,10,9.25,0.957427108,16,0,.,0,63,16,0,16,16,63,2,0,16,
2017,RNR,W,RNR_W,RNR_W_2017,RNR_W_2017,8,7,9,9,8.25,0.957427108,38,0,.,0,86,0,0,0,16,86,3,0,0,
2017,RNR,W,RNR_W,RNR_W_2017,RNR_W_2017,6,9,5,9,7.25,2.061552813,0,0,.,16,38,86,0,0,16,86,5,1,0,
2017,RNR,W,RNR_W,RNR_W_2017,RNR_W_2017,6,8,7,6,6.75,0.957427108,16,0,.,0,63,38,0,0,63,38,0.5,0,0,
2017,RNR,W,RNR_W,RNR_W_2017,RNR_W_2017,5,5,7,8,6.25,1.5,38,0,.,1,3,16,0,0,1,98,7,1,0,
2017,RNR,W,RNR_W,RNR_W_2017,RNR_W_2017,6,6,7,6,6.25,0.5,16,0,.,3,38,3,0,0,16,86,12,1,0,
2017,RNR,W,RNR_W,RNR_W_2017,RNR_W_2017,5,6,6,7,6,0.816496581,38,3,.,0,16,0,16,16,38,63,2,0,86,
2017,RNR,W,RNR_W,RNR_W_2017,RNR_W_2017,6,6,6,6,6,0,16,0,.,3,63,38,0,0,3,98,4,1,0,
2017,RNR,W,RNR_W,RNR_W_2017,RNR_W_2017,6,5,7,5,5.75,0.957427108,16,0,.,1,38,0,0,3,86,3,0,2,3,
2017,RNR,W,RNR_W,RNR_W_2017,RNR_W_2017,6,6,5,6,5.75,0.5,16,0,.,1,16,38,0,0,3,98,6,1,0,
2017,RNR,W,RNR_W,RNR_W_2017,RNR_W_2017,8,6,5,4,5.75,1.707825128,38,0,.,1,16,38,1,0,16,86,2,1,0,
2017,RNR,W,RNR_W,RNR_W_2017,RNR_W_2017,5,5,5,7,5.5,1,16,0,.,0,16,86,0,0,1,98,2.5,0,0,
2017,RNR,W,RNR_W,RNR_W_2017,RNR_W_2017,6,5,5,6,5.5,0.577350269,3,0,.,1,86,3,0,0,86,3,2,0,0,
2017,RNR,W,RNR_W,RNR_W_2017,RNR_W_2017,5,6,5,5,5.25,0.5,3,0,.,3,63,16,3,3,86,3,2,0,3,
2017,RNR,W,RNR_W,RNR_W_2017,RNR_W_2017,5,5,5,6,5.25,0.5,38,0,.,16,16,16,0,0,16,86,4,1,0,
2017,RNR,W,RNR_W,RNR_W_2017,RNR_W_2017,5,5,5,6,5.25,0.5,16,0,.,0,38,63,0,0,38,63,1,0,0,
2017,RNR,W,RNR_W,RNR_W_2017,RNR_W_2017,4,6,5,5,5,0.816496581,16,0,.,16,38,38,0,0,16,63,1,1,0,
2017,RNR,W,RNR_W,RNR_W_2017,RNR_W_2017,5,5,5,5,5,0,38,0,.,3,16,38,0,0,16,86,1,1,0,
2017,RNR,W,RNR_W,RNR_W_2017,RNR_W_2017,3,5,5,7,5,1.632993162,16,3,.,0,63,16,0,0,63,38,3,0,0,
2017,RNR,W,RNR_W,RNR_W_2017,RNR_W_2017,5,5,5,5,5,0,16,1,.,0,16,63,0,0,16,86,2,0,0,
2017,RNR,W,RNR_W,RNR_W_2017,RNR_W_2017,4,3,5,6,4.5,1.290994449,3,0,.,3,16,38,1,0,16,86,1.5,0,0,
2017,RNR,W,RNR_W,RNR_W_2017,RNR_W_2017,6,2,4,5,4.25,1.707825128,16,3,.,16,16,38,0,0,3,86,2,0,0,
2017,RNR,W,RNR_W,RNR_W_2017,RNR_W_2017,3,4,4,3,3.5,0.577350269,3,1,.,0,3,86,0,0,3,98,2,0,0,
2017,RNR,W,RNR_W,RNR_W_2017,RNR_W_2017,3,4,3,3,3.25,0.5,16,0,.,16,38,86,0,0,3,98,2,1,0,
2017,RNR,W,RNR_W,RNR_W_2017,RNR_W_2017,5,2,2,4,3.25,1.5,16,0,.,1,16,3,0,0,16,86,3,0,0,
2017,RNR,W,RNR_W,RNR_W_2017,RNR_W_2017,3,3,4,3,3.25,0.5,3,0,.,3,3,86,0,0,3,98,5,0,0,
2017,RNR,W,RNR_W,RNR_W_2017,RNR_W_2017,2,3,3,3,2.75,0.5,16,0,.,3,38,3,0,0,98,3,0.5,1,0,
2017,STE,N,STE_N,STE_N_2017,STE_N_2017_T1,5,6,8,20,9.75,6.946221995,3,3,.,16,38,38,0,16,38,63,0.5,0,63,
2017,STE,N,STE_N,STE_N_2017,STE_N_2017_T1,7,8,10,12,9.25,2.217355783,3,3,.,16,63,38,0,16,63,38,1,0,16,
2017,STE,N,STE_N,STE_N_2017,STE_N_2017_T1,7,7,14,7,8.75,3.5,3,1,.,3,38,38,0,0,38,63,0.5,0,0,
2017,STE,N,STE_N,STE_N_2017,STE_N_2017_T1,9,8,8,10,8.75,0.957427108,0,16,.,16,63,16,0,38,0,98,1.5,0,63,
2017,STE,N,STE_N,STE_N_2017,STE_N_2017_T1,7,6,10,6,7.25,1.892969449,3,3,.,38,63,38,0,0,3,86,2,0,0,
2017,STE,N,STE_N,STE_N_2017,STE_N_2017_T1,8,7,7,7,7.25,0.5,1,1,.,3,63,38,0,0,38,63,1,0,0,
2017,STE,N,STE_N,STE_N_2017,STE_N_2017_T1,7,7,7,8,7.25,0.5,16,3,.,1,63,38,0,38,63,38,0,0,63,
2017,STE,N,STE_N,STE_N_2017,STE_N_2017_T1,5,5,8,10,7,2.449489743,0,63,.,3,16,0,0,3,16,86,2.5,0,3,
2017,STE,N,STE_N,STE_N_2017,STE_N_2017_T1,6,5,14,2,6.75,5.123475383,1,86,.,3,3,38,0,0,1,98,2,0,0,
2017,STE,N,STE_N,STE_N_2017,STE_N_2017_T1,6,5,7,8,6.5,1.290994449,3,0,.,16,16,38,0,0,16,86,0,0,0,
2017,STE,N,STE_N,STE_N_2017,STE_N_2017_T1,6,6,6,6,6,0,0,3,.,16,38,38,0,0,38,63,0.5,0,0,
2017,STE,N,STE_N,STE_N_2017,STE_N_2017_T1,5,5,5,8,5.75,1.5,16,16,.,38,16,16,0,3,38,63,0.5,0,16,
2017,STE,N,STE_N,STE_N_2017,STE_N_2017_T1,5,6,5,6,5.5,0.577350269,1,3,.,3,16,63,0,0,63,38,0,0,0,
2017,STE,N,STE_N,STE_N_2017,STE_N_2017_T1,5,6,7,4,5.5,1.290994449,3,16,.,16,16,38,0,3,3,86,2,0,16,
2017,STE,N,STE_N,STE_N_2017,STE_N_2017_T1,3,5,7,6,5.25,1.707825128,16,3,.,3,38,38,0,3,63,38,0.5,0,3,
2017,STE,N,STE_N,STE_N_2017,STE_N_2017_T1,5,5,5,5,5,0,3,3,.,16,16,63,0,0,16,86,0.5,0,0,
2017,STE,N,STE_N,STE_N_2017,STE_N_2017_T1,6,4,4,5,4.75,0.957427108,3,1,.,16,16,63,0,3,16,86,1.5,0,3,
2017,STE,N,STE_N,STE_N_2017,STE_N_2017_T1,5,4,5,4,4.5,0.577350269,3,3,.,16,38,38,0,0,38,63,1,0,0,
2017,STE,N,STE_N,STE_N_2017,STE_N_2017_T1,5,5,3,5,4.5,1,0,1,.,3,16,63,0,0,3,86,1,0,0,
2017,STE,N,STE_N,STE_N_2017,STE_N_2017_T1,4,6,3,5,4.5,1.290994449,3,3,.,3,38,16,0,16,38,63,1.5,0,38,
2017,STE,N,STE_N,STE_N_2017,STE_N_2017_T1,4,6,5,3,4.5,1.290994449,3,1,.,16,38,16,0,0,16,86,0.5,0,0,
2017,STE,N,STE_N,STE_N_2017,STE_N_2017_T1,3,5,6,3,4.25,1.5,3,1,.,38,16,63,0,0,3,86,4,0,0,
2017,STE,N,STE_N,STE_N_2017,STE_N_2017_T1,1,5,4,6,4,2.160246899,16,38,.,16,16,63,0,0,3,98,1.5,0,0,
2017,STE,N,STE_N,STE_N_2017,STE_N_2017_T1,3,5,3,5,4,1.154700538,3,16,.,16,3,63,0,0,3,86,2,0,0,
2017,STE,N,STE_N,STE_N_2017,STE_N_2017_T1,1,5,2,8,4,3.16227766,3,3,.,38,16,16,0,3,38,38,0,1,16,
2017,STE,N,STE_N,STE_N_2017,STE_N_2017_T1,3,5,3,3,3.5,1,16,1,.,16,16,38,0,0,16,86,0,0,0,
2017,STE,N,STE_N,STE_N_2017,STE_N_2017_T1,3,4,3,3,3.25,0.5,3,3,.,16,16,38,0,0,3,98,0.5,1,0,
2017,STE,N,STE_N,STE_N_2017,STE_N_2017_T1,2,3,4,3,3,0.816496581,0,38,.,16,3,38,0,0,38,63,3,0,0,
2017,STE,N,STE_N,STE_N_2017,STE_N_2017_T1,1,2,5,1,2.25,1.892969449,3,16,.,38,38,16,0,0,38,38,0.5,0,0,
2017,STE,N,STE_N,STE_N_2017,STE_N_2017_T1,2,2,1,2,1.75,0.5,38,16,.,3,16,3,0,0,38,63,0,1,0,
2017,STE,N,STE_N,STE_N_2017,STE_N_2017_T2,5,5,5,5,5,0,16,63,.,16,63,16,0,16,3,98,2.5,1,16,
2017,STE,N,STE_N,STE_N_2017,STE_N_2017_T2,4,5,4,3,4,0.816496581,16,63,.,16,16,63,0,38,1,98,2,0,63,
2017,STE,N,STE_N,STE_N_2017,STE_N_2017_T2,4,4,4,3,3.75,0.5,63,63,.,16,38,38,0,16,16,86,1.5,0,63,
2017,STE,N,STE_N,STE_N_2017,STE_N_2017_T2,4,3,3,4,3.5,0.577350269,0,63,.,16,16,38,0,16,86,16,1.5,0,63,
2017,STE,N,STE_N,STE_N_2017,STE_N_2017_T2,4,3,3,4,3.5,0.577350269,0,63,.,16,16,38,0,16,86,16,1.5,0,63,
2017,STE,N,STE_N,STE_N_2017,STE_N_2017_T2,3,2,4,4,3.25,0.957427108,16,63,.,38,16,16,0,16,3,98,1.5,0,63,
2017,STE,N,STE_N,STE_N_2017,STE_N_2017_T2,3,3,4,3,3.25,0.5,16,63,.,16,16,38,0,16,16,86,2.5,0,63,
2017,STE,N,STE_N,STE_N_2017,STE_N_2017_T2,3,2,4,2,2.75,0.957427108,16,38,.,3,16,38,0,16,16,86,1,0,63,
2017,STE,N,STE_N,STE_N_2017,STE_N_2017_T2,4,2,2,2,2.5,1,38,38,.,16,16,38,0,16,16,86,2,1,38,
2017,STE,N,STE_N,STE_N_2017,STE_N_2017_T2,2,3,2,2,2.25,0.5,16,38,.,3,16,38,0,16,38,63,1,0,63,
2017,STE,N,STE_N,STE_N_2017,STE_N_2017_T2,2,2,3,1,2,0.816496581,3,38,.,3,16,16,0,3,16,86,0.5,1,16,
2017,STE,N,STE_N,STE_N_2017,STE_N_2017_T2,2,2,3,1,2,0.816496581,3,38,.,16,16,38,0,16,38,63,1.5,1,38,
2017,STE,N,STE_N,STE_N_2017,STE_N_2017_T2,2,3,1,2,2,0.816496581,38,38,.,3,16,38,0,3,16,86,1,1,3,
2017,STE,N,STE_N,STE_N_2017,STE_N_2017_T2,2,1,1,2,1.5,0.577350269,3,38,.,1,16,38,0,0,38,63,1,0,0,
2017,STE,N,STE_N,STE_N_2017,STE_N_2017_T2,1,1,2,1,1.25,0.5,3,38,.,0,16,63,0,0,28,63,1,0,0,
2017,STE,S,STE_S,STE_S_2017,STE_S_2017,12,11,17,15,13.75,2.753785274,0,1,.,3,86,38,0,86,16,86,2.5,0,98,
2017,STE,S,STE_S,STE_S_2017,STE_S_2017,20,8,7,7,10.5,6.350852961,38,3,.,3,16,38,0,3,38,63,1,0,38,
2017,STE,S,STE_S,STE_S_2017,STE_S_2017,6,7,8,17,9.5,5.066228051,3,3,.,38,63,38,0,38,38,38,0.5,0,63,
2017,STE,S,STE_S,STE_S_2017,STE_S_2017,10,9,10,6,8.75,1.892969449,0,16,.,3,38,16,0,16,16,63,1,0,86,
2017,STE,S,STE_S,STE_S_2017,STE_S_2017,10,7,9,6,8,1.825741858,16,3,.,16,16,63,0,0,3,98,2,0,0,
2017,STE,S,STE_S,STE_S_2017,STE_S_2017,8,9,6,8,7.75,1.258305739,16,3,.,16,63,38,0,0,38,63,1,0,0,
2017,STE,S,STE_S,STE_S_2017,STE_S_2017,10,9,6,6,7.75,2.061552813,3,16,.,16,38,38,0,3,3,86,3,1,16,
2017,STE,S,STE_S,STE_S_2017,STE_S_2017,8,7,8,7,7.5,0.577350269,3,3,.,16,63,16,0,16,3,86,3,0,16,
2017,STE,S,STE_S,STE_S_2017,STE_S_2017,7,13,5,4,7.25,4.031128874,3,3,.,63,16,3,0,0,0,98,2.5,0,0,
2017,STE,S,STE_S,STE_S_2017,STE_S_2017,6,6,10,5,6.75,2.217355783,3,38,.,16,86,63,0,16,38,63,0,0,38,
2017,STE,S,STE_S,STE_S_2017,STE_S_2017,7,5,5,8,6.25,1.5,0,63,.,16,0,38,0,0,3,98,7,0,0,
2017,STE,S,STE_S,STE_S_2017,STE_S_2017,6,5,7,7,6.25,0.957427108,3,16,.,3,38,16,0,0,16,86,1.5,1,0,
2017,STE,S,STE_S,STE_S_2017,STE_S_2017,5,5,8,6,6,1.414213562,0,16,.,38,38,38,0,0,3,98,3,0,0,
2017,STE,S,STE_S,STE_S_2017,STE_S_2017,5,8,6,5,6,1.414213562,1,38,.,16,16,86,0,0,38,63,5,0,0,
2017,STE,S,STE_S,STE_S_2017,STE_S_2017,6,6,6,6,6,0,0,3,.,16,63,16,0,0,3,86,2,0,0,
2017,STE,S,STE_S,STE_S_2017,STE_S_2017,8,3,6,7,6,2.160246899,3,3,.,1,38,38,3,16,16,63,3,0,16,
2017,STE,S,STE_S,STE_S_2017,STE_S_2017,5,6,6,7,6,0.816496581,3,16,.,16,38,38,0,16,38,63,1,0,38,
2017,STE,S,STE_S,STE_S_2017,STE_S_2017,5,5,6,7,5.75,0.957427108,3,16,.,16,38,38,0,3,16,86,1,0,16,
2017,STE,S,STE_S,STE_S_2017,STE_S_2017,6,5,5,6,5.5,0.577350269,0,16,.,16,16,63,0,0,63,38,3,0,0,
2017,STE,S,STE_S,STE_S_2017,STE_S_2017,5,3,8,6,5.5,2.081665999,3,16,.,16,16,63,0,16,16,86,0.5,0,63,
2017,STE,S,STE_S,STE_S_2017,STE_S_2017,7,4,5,5,5.25,1.258305739,16,3,.,16,16,63,0,0,3,98,5,0,0,
2017,STE,S,STE_S,STE_S_2017,STE_S_2017,3,5,5,7,5,1.632993162,3,16,.,3,38,63,0,0,16,86,3,0,0,
2017,STE,S,STE_S,STE_S_2017,STE_S_2017,4,6,5,5,5,0.816496581,3,38,.,3,3,63,0,0,38,38,0.5,0,0,
2017,STE,S,STE_S,STE_S_2017,STE_S_2017,5,4,6,4,4.75,0.957427108,3,3,.,16,38,63,0,38,86,16,0,0,86,
2017,STE,S,STE_S,STE_S_2017,STE_S_2017,3,2,10,4,4.75,3.593976442,3,38,.,16,3,38,1,3,0,98,1.5,0,98,
2017,STE,S,STE_S,STE_S_2017,STE_S_2017,6,5,4,4,4.75,0.957427108,3,16,.,38,16,16,0,16,0,98,1.5,1,38,
2017,STE,S,STE_S,STE_S_2017,STE_S_2017,5,2,5,6,4.5,1.732050808,0,38,.,3,16,38,0,16,0,98,3.5,0,63,
2017,STE,S,STE_S,STE_S_2017,STE_S_2017,3,4,6,4,4.25,1.258305739,3,16,.,16,16,63,0,0,16,63,1.5,0,0,
2017,STE,S,STE_S,STE_S_2017,STE_S_2017,2,4,5,2,3.25,1.5,3,16,.,38,38,38,0,38,3,98,0.5,1,86,
2017,STE,S,STE_S,STE_S_2017,STE_S_2017,2,2,1,2,1.75,0.5,16,38,.,3,16,38,0,3,3,86,0,0,38,
2017,STE,W,STE_W,STE_W_2017,STE_W_2017,9,7,6,8,7.5,1.290994449,3,38,.,3,16,38,0,16,3,86,1,0,63,
2017,STE,W,STE_W,STE_W_2017,STE_W_2017,9,7,6,5,6.75,1.707825128,3,38,.,16,16,0,38,0,3,86,3,0,0,
2017,STE,W,STE_W,STE_W_2017,STE_W_2017,5,11,5,6,6.75,2.872281323,0,63,.,16,16,0,3,16,0,98,2.5,0,86,
2017,STE,W,STE_W,STE_W_2017,STE_W_2017,6,9,4,7,6.5,2.081665999,3,38,.,16,38,0,0,16,3,86,2,0,98,
2017,STE,W,STE_W,STE_W_2017,STE_W_2017,9,7,5,5,6.5,1.914854216,16,38,.,16,38,0,0,16,0,98,1,0,38,
2017,STE,W,STE_W,STE_W_2017,STE_W_2017,7,7,5,6,6.25,0.957427108,0,63,.,3,38,38,0,38,38,63,0.5,0,86,
2017,STE,W,STE_W,STE_W_2017,STE_W_2017,6,5,5,8,6,1.414213562,16,38,.,3,38,38,0,16,0,98,3,1,63,
2017,STE,W,STE_W,STE_W_2017,STE_W_2017,5,6,7,6,6,0.816496581,3,3,.,16,16,38,0,16,0,98,3.5,0,98,
2017,STE,W,STE_W,STE_W_2017,STE_W_2017,7,5,5,4,5.25,1.258305739,3,38,.,3,16,38,16,0,1,98,3,0,0,
2017,STE,W,STE_W,STE_W_2017,STE_W_2017,7,5,3,5,5,1.632993162,0,38,.,16,38,16,0,3,0,98,0.5,0,3,
2017,STE,W,STE_W,STE_W_2017,STE_W_2017,6,3,5,5,4.75,1.258305739,0,38,.,16,3,38,0,3,1,98,0.5,1,98,
2017,STE,W,STE_W,STE_W_2017,STE_W_2017,5,5,5,4,4.75,0.5,16,16,.,16,16,38,0,16,16,86,0.5,0,98,
2017,STE,W,STE_W,STE_W_2017,STE_W_2017,3,4,5,7,4.75,1.707825128,16,38,.,16,16,3,0,16,0,98,2.5,0,98,
2017,STE,W,STE_W,STE_W_2017,STE_W_2017,4,4,6,4,4.5,1,1,38,.,16,16,38,0,3,1,98,2,0,16,
2017,STE,W,STE_W,STE_W_2017,STE_W_2017,5,4,4,4,4.25,0.5,0,16,.,3,16,38,0,16,3,86,1,0,86,
2017,STE,W,STE_W,STE_W_2017,STE_W_2017,5,4,4,4,4.25,0.5,3,38,.,16,16,38,0,0,3,86,3,0,0,
2017,STE,W,STE_W,STE_W_2017,STE_W_2017,4,5,4,3,4,0.816496581,0,38,.,16,16,16,0,16,0,98,1.5,0,98,
2017,STE,W,STE_W,STE_W_2017,STE_W_2017,5,5,3,2,3.75,1.5,1,38,.,16,16,38,0,16,0,98,2,0,98,
2017,STE,W,STE_W,STE_W_2017,STE_W_2017,4,3,3,5,3.75,0.957427108,0,86,.,3,16,0,0,16,3,86,1,0,86,
2017,STE,W,STE_W,STE_W_2017,STE_W_2017,4,5,3,3,3.75,0.957427108,3,38,.,16,16,3,0,0,0,98,1.5,0,0,
2017,STE,W,STE_W,STE_W_2017,STE_W_2017,3,3,4,4,3.5,0.577350269,3,16,.,63,3,0,16,0,0,98,3,0,0,
2017,STE,W,STE_W,STE_W_2017,STE_W_2017,4,4,3,3,3.5,0.577350269,1,63,.,16,1,38,0,0,1,98,3.5,0,0,
2017,STE,W,STE_W,STE_W_2017,STE_W_2017,3,3,5,3,3.5,1,3,63,.,3,16,38,0,0,3,86,3,0,0,
2017,STE,W,STE_W,STE_W_2017,STE_W_2017,4,3,3,3,3.25,0.5,16,38,.,16,16,16,0,0,0,98,2,0,0,
2017,STE,W,STE_W,STE_W_2017,STE_W_2017,3,3,4,3,3.25,0.5,0,38,.,16,16,16,0,3,1,98,1,1,16,
2017,STE,W,STE_W,STE_W_2017,STE_W_2017,3,3,3,3,3,0,3,38,.,3,0,38,0,0,3,86,4,0,0,
2017,STE,W,STE_W,STE_W_2017,STE_W_2017,3,3,3,3,3,0,3,16,.,16,3,38,0,0,1,98,0.5,0,0,
2017,STE,W,STE_W,STE_W_2017,STE_W_2017,3,3,3,3,3,0,1,16,.,3,16,38,0,0,0,98,9,0,0,
2017,STE,W,STE_W,STE_W_2017,STE_W_2017,3,3,3,3,3,0,1,63,.,3,1,16,0,0,3,86,1.5,0,0,
2017,STE,W,STE_W,STE_W_2017,STE_W_2017,3,2,3,3,2.75,0.5,3,16,.,38,0,16,0,0,3,86,3,1,0,
2018,RC2,S,RC2_S,RC2_S_2018,RC2_S_2018,5,3,3,3,4,1,0,0,3,86,3,0,0,0,0,98,2,0,0,
2018,RCH2014,C,RCH2014_C,RCH2014_C_2018,RCH2014_C_2018,5,6,6,3,5,1.414213562,16,16,3,16,38,3,16,16,1,98,0.5,0,38,
2018,RCH2014,C,RCH2014_C,RCH2014_C_2018,RCH2014_C_2018,4,2,2,4,3,1.154700538,3,0,3,16,63,3,0,38,38,38,0.5,0,63,
2018,RCH2014,C,RCH2014_C,RCH2014_C_2018,RCH2014_C_2018,2,3,2,2,2,0.5,3,0,3,16,38,0,0,16,98,3,0.5,0,38,
2018,RCH2014,C,RCH2014_C,RCH2014_C_2018,RCH2014_C_2018,3,1,1,2,2,0.957427108,16,3,3,16,16,16,0,16,98,1,0.5,0,98,
2018,RCH2014,C,RCH2014_C,RCH2014_C_2018,RCH2014_C_2018,3,2,2,3,3,0.577350269,1,63,3,16,16,1,0,16,38,38,1,0,98,
2018,RCH2014,C,RCH2014_C,RCH2014_C_2018,RCH2014_C_2018,4,2,3,4,3,0.957427108,0,86,3,16,3,0,1,3,0,98,1.5,0,98,
2018,RCH2014,C,RCH2014_C,RCH2014_C_2018,RCH2014_C_2018,3,2,3,5,3,1.258305739,0,63,3,16,16,0,16,16,0,98,0,0,98,
2018,RCH2014,C,RCH2014_C,RCH2014_C_2018,RCH2014_C_2018,3,3,3,4,3,0.5,3,38,3,16,3,0,38,3,0,98,2.5,0,86,
2018,RCH2014,C,RCH2014_C,RCH2014_C_2018,RCH2014_C_2018,2,1,2,2,2,0.5,0,63,3,0,16,0,16,16,1,98,0,0,98,
2018,RCH2014,C,RCH2014_C,RCH2014_C_2018,RCH2014_C_2018,1,1,3,2,2,0.957427108,3,63,3,16,3,0,0,0,16,86,3,0,0,
2018,RCH2014,C,RCH2014_C,RCH2014_C_2018,RCH2014_C_2018,4,4,2,2,3,1.154700538,0,16,3,16,3,38,0,0,3,86,1,0,0,
2018,RCH2014,C,RCH2014_C,RCH2014_C_2018,RCH2014_C_2018,2,6,2,3,3,1.892969449,3,16,3,63,16,63,3,0,0,98,2.5,0,0,
2018,RCH2014,C,RCH2014_C,RCH2014_C_2018,RCH2014_C_2018,5,2,2,3,3,1.414213562,16,3,3,16,38,3,0,38,86,3,0.5,0,86,
2018,RCH2014,C,RCH2014_C,RCH2014_C_2018,RCH2014_C_2018,5,4,4,4,4,0.5,3,0,3,38,86,3,0,63,98,1,0.5,0,63,
2018,RCH2014,C,RCH2014_C,RCH2014_C_2018,RCH2014_C_2018,2,3,3,3,3,0.5,3,3,3,16,63,0,0,63,98,1,0.5,0,98,
2018,RCH2014,C,RCH2014_C,RCH2014_C_2018,RCH2014_C_2018,1,1,2,3,2,0.957427108,3,16,3,16,38,3,0,16,86,16,0.5,0,38,
2018,RCH2014,C,RCH2014_C,RCH2014_C_2018,RCH2014_C_2018,4,3,4,4,4,0.5,0,3,3,16,86,3,0,63,63,16,0.5,0,63,
2018,RIN,E,RIN_E,RIN_E_2018,RIN_E_2018,20,6,7,10,11,6.396613687,63,0,3,0,0,0,0,0,1,98,4,0,0,
2018,RIN,E,RIN_E,RIN_E_2018,RIN_E_2018,4,1,2,2,2,1.258305739,16,0,3,3,16,0,0,3,86,16,0,0,16,
2018,RIN,E,RIN_E,RIN_E_2018,RIN_E_2018,1,2,3,2,2,0.816496581,38,0,3,0,16,0,0,3,63,38,1,0,16,
2018,RIN,E,RIN_E,RIN_E_2018,RIN_E_2018,3,3,3,3,3,0,38,0,3,0,16,1,0,0,38,63,7,0,0,
2018,RIN,E,RIN_E,RIN_E_2018,RIN_E_2018,3,3,4,4,4,0.577350269,16,0,3,38,3,0,0,0,16,63,2.5,0,0,
2018,RIN,E,RIN_E,RIN_E_2018,RIN_E_2018,3,3,3,4,3,0.5,38,0,3,16,1,0,3,0,16,86,2.5,1,0,
2018,RIN,E,RIN_E,RIN_E_2018,RIN_E_2018,5,6,5,7,6,0.957427108,16,0,3,16,16,0,16,16,16,38,6,0,98,
2018,RIN,E,RIN_E,RIN_E_2018,RIN_E_2018,5,6,5,6,6,0.577350269,38,0,3,16,16,3,16,16,16,86,6,0,98,
2018,RIN,E,RIN_E,RIN_E_2018,RIN_E_2018,5,5,5,4,5,0.5,16,0,3,0,16,38,0,0,63,38,0,0,0,
2018,RIN,E,RIN_E,RIN_E_2018,RIN_E_2018,3,2,3,2,3,0.577350269,16,0,3,0,16,0,38,0,86,16,5.5,0,0,
2018,RIN,E,RIN_E,RIN_E_2018,RIN_E_2018,3,5,5,2,4,1.5,16,0,3,0,16,0,3,3,63,38,0,0,16,
2018,RIN,E,RIN_E,RIN_E_2018,RIN_E_2018,10,10,8,10,10,1,38,0,3,0,86,0,16,16,16,86,5.5,0,16,
2018,RIN,E,RIN_E,RIN_E_2018,RIN_E_2018,7,6,8,6,7,0.957427108,63,0,3,0,0,3,0,0,3,86,6.5,0,0,
2018,STE,N,STE_N,STE_N_2018,STE_N_2018_T1,4,4,3,4,4,0.5,3,16,3,0,16,63,0,0,0,98,3.5,0,0,
2018,STE,N,STE_N,STE_N_2018,STE_N_2018_T1,3,4,4,3,4,0.577350269,0,38,3,16,16,38,0,0,0,98,9,0,0,
2018,STE,N,STE_N,STE_N_2018,STE_N_2018_T1,5,5,5,4,5,0.5,3,38,3,16,3,63,0,0,1,98,4.5,0,0,
2018,STE,N,STE_N,STE_N_2018,STE_N_2018_T1,2,2,3,2,2,0.5,1,16,3,16,3,86,0,0,0,98,2.5,0,0,
2018,STE,N,STE_N,STE_N_2018,STE_N_2018_T1,4,4,4,4,4,0,1,16,3,16,16,86,0,16,0,98,2,0,86,
2018,STE,N,STE_N,STE_N_2018,STE_N_2018_T1,4,2,4,4,4,1,0,16,3,38,16,63,0,0,0,98,4.5,0,0,
2018,STE,N,STE_N,STE_N_2018,STE_N_2018_T1,3,2,2,2,2,0.5,38,3,3,16,3,38,0,0,0,98,11.5,0,0,
2018,STE,N,STE_N,STE_N_2018,STE_N_2018_T1,3,3,3,3,3,0,16,16,3,3,16,16,0,0,0,98,6,0,0,
2018,STE,N,STE_N,STE_N_2018,STE_N_2018_T1,2,2,2,2,2,0,38,16,3,16,16,38,0,0,0,98,1.5,1,0,
2018,STE,N,STE_N,STE_N_2018,STE_N_2018_T1,4,3,3,3,3,0.5,16,16,3,16,16,38,0,0,0,98,4.5,0,0,
2018,STE,N,STE_N,STE_N_2018,STE_N_2018_T1,5,5,3,4,4,0.957427108,38,16,3,3,16,38,0,0,0,98,6.5,0,0,
2018,STE,N,STE_N,STE_N_2018,STE_N_2018_T1,1,1,3,3,2,1.154700538,16,16,3,3,16,63,0,0,0,98,3.5,0,0,
2018,STE,N,STE_N,STE_N_2018,STE_N_2018_T1,2,2,4,5,3,1.5,16,16,3,3,16,63,0,16,0,98,5,0,38,
2018,STE,N,STE_N,STE_N_2018,STE_N_2018_T1,3,5,3,3,4,1,38,16,3,16,16,63,0,0,0,98,4,0,0,
2018,STE,N,STE_N,STE_N_2018,STE_N_2018_T1,3,3,4,3,3,0.5,3,16,3,38,16,63,16,0,0,98,2.5,0,0,
2018,STE,N,STE_N,STE_N_2018,STE_N_2018_T2,4,4,4,3,4,0.5,0,86,3,0,16,16,0,16,0,98,1,0,98,
2018,STE,N,STE_N,STE_N_2018,STE_N_2018_T2,3,1,2,2,2,0.816496581,0,38,3,3,16,38,0,0,0,98,2,0,0,
2018,STE,N,STE_N,STE_N_2018,STE_N_2018_T2,2,3,2,2,2,0.5,0,38,3,3,16,38,0,0,0,98,3.5,0,0,
2018,STE,N,STE_N,STE_N_2018,STE_N_2018_T2,2,4,2,2,3,1,38,16,3,3,16,16,0,3,0,98,4,0,3,
2018,STE,N,STE_N,STE_N_2018,STE_N_2018_T2,2,1,1,1,1,0.5,3,3,3,16,16,16,0,3,38,38,1,0,3,
2018,STE,N,STE_N,STE_N_2018,STE_N_2018_T2,0,0,0,0,0,0,16,16,3,0,16,38,0,0,38,38,0.5,0,0,
2018,STE,N,STE_N,STE_N_2018,STE_N_2018_T2,2,2,2,2,2,0,3,38,3,1,16,16,0,16,16,63,0,0,98,
2018,STE,N,STE_N,STE_N_2018,STE_N_2018_T2,2,1,2,2,2,0.5,3,38,3,3,16,38,0,0,1,98,2,1,0,
2018,STE,N,STE_N,STE_N_2018,STE_N_2018_T2,2,1,2,2,2,0.5,3,38,3,3,38,38,0,0,0,98,2.5,1,0,
2018,STE,N,STE_N,STE_N_2018,STE_N_2018_T2,2,1,2,2,2,0.5,0,63,3,0,38,16,0,16,0,98,5,0,16,
2018,STE,N,STE_N,STE_N_2018,STE_N_2018_T2,2,2,2,3,2,0.5,16,38,3,3,16,38,0,16,0,98,4.5,0,86,
2018,STE,N,STE_N,STE_N_2018,STE_N_2018_T2,1,1,2,3,2,0.957427108,3,16,3,16,16,38,0,0,0,98,2.5,0,0,
2017,235,S,235_S,235_S_2017,235_S_2017_T2,4,4,5,5,4.5,0.577350269,3,0,3,0,63,16,0,38,63,3,0,1,63,
2017,235,S,235_S,235_S_2017,235_S_2017_T2,5,1,5,4,3.75,1.892969449,3,0,3,3,38,16,0,16,3,86,0.5,0,38,
2018,LTR,E,LTR_E,LTR_E_2018,LTR_E_2018,1,1,2,1,1,0.5,38,38,16,16,16,16,0,3,63,38,0,0,38,
2018,RC2,C,RC2_C,RC2_C_2018,RC2_C_2018,4,3,6,7,5,1.825741858,1,0,16,0,63,16,0,0,38,38,1,0,0,
2017,235,C,235_C,235_C_2017,235_C_2017,1,1,1,1,1,0,3,0,16,0,3,16,0,0,3,98,0.5,0,0,
2017,RIN,W,RIN_W,RIN_W_2017,RIN_W_2017,5,4,5,5,4.75,0.5,16,0,16,0,16,3,0,16,86,16,0,1,63,
2018,KLN,E,KLN_E,KLN_E_2018,KLN_E_2018,2,2,3,3,3,0.577350269,3,0,63,3,16,16,0,0,0,98,2,0,0,
2018,235,C,235_C,235_C_2018,235_C_2018,1,3,2,5,3,1.707825128,3,16,.,63,16,3,0,0,38,63,0,0,0,
2018,235,C,235_C,235_C_2018,235_C_2018,2,3,2,2,2,0.5,0,3,.,38,38,3,0,0,3,86,0.5,0,0,
2018,235,C,235_C,235_C_2018,235_C_2018,3,2,3,3,3,0.5,0,38,.,63,3,3,0,0,0,98,1,1,0,
2018,235,C,235_C,235_C_2018,235_C_2018,1,1,1,2,1,0.5,0,0,.,63,16,3,0,3,3,98,1,0,38,
2018,235,C,235_C,235_C_2018,235_C_2018,1,0,2,0,1,0.957427108,0,0,.,38,3,63,0,0,3,98,1,0,0,
2018,235,C,235_C,235_C_2018,235_C_2018,3,1,1,1,2,1,0,0,.,63,3,3,0,0,16,86,0,0,0,
2018,235,C,235_C,235_C_2018,235_C_2018,1,3,2,1,2,0.957427108,0,0,.,38,16,16,0,0,3,98,2,1,0,
2018,235,C,235_C,235_C_2018,235_C_2018,5,5,5,5,5,0,38,0,.,16,38,3,0,16,0,98,2.5,0,16,
2018,235,C,235_C,235_C_2018,235_C_2018,3,3,3,2,3,0.5,38,0,.,16,16,16,63,0,3,98,1,0,0,
2018,235,C,235_C,235_C_2018,235_C_2018,1,2,0,2,1,0.957427108,0,0,.,16,16,38,0,0,38,63,1,0,0,
2018,235,C,235_C,235_C_2018,235_C_2018,3,4,4,3,4,0.577350269,0,38,.,63,3,0,0,0,0,98,2,0,0,
2018,235,C,235_C,235_C_2018,235_C_2018,2,2,2,2,2,0,0,0,.,63,3,3,0,0,16,86,4,0,0,
2018,235,C,235_C,235_C_2018,235_C_2018,1,2,1,3,2,0.957427108,1,16,.,63,3,16,0,0,16,86,1,0,0,
2018,235,C,235_C,235_C_2018,235_C_2018,2,2,2,2,2,0,0,38,.,38,16,3,0,0,3,98,0,0,0,
2018,235,C,235_C,235_C_2018,235_C_2018,1,2,1,2,2,0.577350269,0,0,.,38,3,16,0,0,38,63,0,0,0,
2018,235,C,235_C,235_C_2018,235_C_2018,3,3,3,3,3,0,0,38,.,63,3,1,0,3,0,98,2,0,98,
2018,235,C,235_C,235_C_2018,235_C_2018,3,4,3,4,4,0.577350269,3,38,.,38,16,3,0,0,3,98,1,0,0,
2018,235,C,235_C,235_C_2018,235_C_2018,3,3,6,4,4,1.414213562,63,38,.,16,16,16,0,0,3,98,6.5,0,0,
2018,235,C,235_C,235_C_2018,235_C_2018,2,2,2,2,2,0,38,3,.,16,16,38,0,0,16,86,1.5,1,0,
2018,235,C,235_C,235_C_2018,235_C_2018,3,2,3,3,3,0.5,16,63,.,16,16,0,0,0,0,98,7,1,0,
2018,235,C,235_C,235_C_2018,235_C_2018,3,1,3,3,3,1,38,38,.,16,16,38,0,16,0,98,2.5,0,86,
2018,235,C,235_C,235_C_2018,235_C_2018,3,3,3,2,3,0.5,38,38,.,38,16,38,0,3,0,98,8.5,0,38,
2018,235,C,235_C,235_C_2018,235_C_2018,3,1,2,1,2,0.957427108,16,16,.,16,16,0,0,16,0,98,4.5,0,86,
2018,235,C,235_C,235_C_2018,235_C_2018,4,2,2,3,3,0.957427108,0,38,.,3,16,0,0,16,0,98,4,0,86,
2018,235,C,235_C,235_C_2018,235_C_2018,3,1,2,3,2,0.957427108,0,38,.,16,16,3,0,0,0,98,6,0,0,
2018,235,C,235_C,235_C_2018,235_C_2018,3,3,4,4,4,0.577350269,38,63,.,16,16,16,0,3,0,98,2,0,86,
2018,235,C,235_C,235_C_2018,235_C_2018,5,2,4,4,4,1.258305739,63,16,.,16,1,38,0,0,1,98,1,0,0,
2018,235,C,235_C,235_C_2018,235_C_2018,3,3,3,3,3,0,63,16,.,16,16,3,0,3,0,98,3,0,86,
2018,235,C,235_C,235_C_2018,235_C_2018,3,3,4,3,3,0.5,16,38,.,16,3,0,0,3,1,98,4,0,86,
2018,235,C,235_C,235_C_2018,235_C_2018,3,3,4,3,3,0.5,0,38,.,63,16,38,0,0,3,98,1.5,0,0,
2018,235,N,235_N,235_N_2018,235_N_2018,5,1,2,3,3,1.707825128,86,0,.,16,16,16,0,16,86,16,0,0,16,
2018,235,N,235_N,235_N_2018,235_N_2018,4,5,5,5,5,0.5,38,3,.,16,38,16,0,0,38,38,1.5,1,0,
2018,235,N,235_N,235_N_2018,235_N_2018,1,2,1,0,1,0.816496581,38,1,.,3,16,16,0,3,63,38,0,0,38,
2018,235,N,235_N,235_N_2018,235_N_2018,8,6,7,5,7,1.290994449,3,0,.,16,63,3,0,0,86,3,0,1,0,
2018,235,N,235_N,235_N_2018,235_N_2018,1,0,1,2,1,0.816496581,38,0,.,3,63,16,0,16,86,38,0,1,38,
2018,235,N,235_N,235_N_2018,235_N_2018,1,0,0,1,1,0.577350269,38,0,.,16,38,3,0,0,86,3,0,1,0,
2018,235,N,235_N,235_N_2018,235_N_2018,2,3,3,2,3,0.577350269,38,3,.,16,16,16,0,16,16,86,2,1,86,
2018,235,N,235_N,235_N_2018,235_N_2018,1,0,1,2,1,0.816496581,16,0,.,3,38,16,0,0,86,0,0,1,0,
2018,235,N,235_N,235_N_2018,235_N_2018,1,1,1,1,1,0,38,0,.,38,16,16,0,0,38,38,0,1,0,
2018,235,N,235_N,235_N_2018,235_N_2018,2,4,2,2,3,1,16,0,.,38,38,16,0,16,38,38,0.5,1,38,
2018,235,N,235_N,235_N_2018,235_N_2018,1,1,1,2,1,0.5,63,16,.,16,38,3,0,16,38,86,1,0,38,
2018,235,N,235_N,235_N_2018,235_N_2018,1,3,1,2,2,0.957427108,16,0,.,16,16,38,0,0,38,38,0,1,0,
2018,235,N,235_N,235_N_2018,235_N_2018,1,1,0,2,1,0.816496581,3,0,.,3,16,86,0,0,63,16,0,0,0,
2018,235,N,235_N,235_N_2018,235_N_2018,1,5,4,3,3,1.707825128,38,0,.,38,38,16,0,38,38,38,0.5,0,63,
2018,235,N,235_N,235_N_2018,235_N_2018,5,3,5,4,4,0.957427108,63,0,.,38,63,16,0,0,38,16,0,0,0,
2018,235,N,235_N,235_N_2018,235_N_2018,2,1,5,3,3,1.707825128,3,0,.,86,16,16,0,16,16,63,2,0,38,
2018,235,N,235_N,235_N_2018,235_N_2018,3,3,3,3,3,0,16,0,.,16,86,3,0,38,98,3,0,1,63,
2018,235,N,235_N,235_N_2018,235_N_2018,3,2,3,3,3,0.5,16,0,.,38,38,16,0,0,16,86,1,0,0,
2018,235,N,235_N,235_N_2018,235_N_2018,4,6,3,2,4,1.707825128,0,1,.,38,63,16,0,0,3,98,2.5,0,0,
2018,235,N,235_N,235_N_2018,235_N_2018,0,1,3,1,1,1.258305739,3,0,.,16,63,16,16,0,98,0,0,1,0,
2018,235,N,235_N,235_N_2018,235_N_2018,5,5,3,5,5,1,16,0,.,38,63,38,0,0,63,16,2,0,0,
2018,235,N,235_N,235_N_2018,235_N_2018,0,2,1,3,2,1.290994449,16,0,.,16,38,16,0,16,86,16,0,0,38,
2018,235,N,235_N,235_N_2018,235_N_2018,2,4,2,3,3,0.957427108,38,0,.,38,38,3,0,3,63,16,1,1,16,
2018,235,N,235_N,235_N_2018,235_N_2018,0,1,0,0,0,0.5,16,0,.,16,63,16,0,3,98,0,0,0,16,
2018,235,N,235_N,235_N_2018,235_N_2018,5,3,3,3,4,1,38,0,.,16,38,16,0,16,38,16,0,1,38,
2018,235,N,235_N,235_N_2018,235_N_2018,5,5,3,3,4,1.154700538,16,0,.,38,86,16,0,0,38,16,0,1,0,
2018,235,N,235_N,235_N_2018,235_N_2018,3,1,1,2,2,0.957427108,16,0,.,16,63,38,0,16,86,16,1,1,16,
2018,235,N,235_N,235_N_2018,235_N_2018,1,1,1,1,1,0,16,0,.,16,16,16,16,0,38,38,0.5,0,0,
2018,235,N,235_N,235_N_2018,235_N_2018,3,3,2,2,3,0.577350269,16,0,.,63,16,16,3,16,63,38,1,0,38,
2018,235,N,235_N,235_N_2018,235_N_2018,1,0,1,1,1,0.5,3,0,.,16,3,16,0,0,86,3,0,1,0,
2018,235,S,235_S,235_S_2018,235_S_2018_T1,3,1,2,3,2,0.957427108,16,38,.,16,38,38,0,3,38,38,1,0,16,
2018,235,S,235_S,235_S_2018,235_S_2018_T1,1,2,1,1,1,0.5,16,16,.,16,16,38,0,0,86,16,0,0,0,
2018,235,S,235_S,235_S_2018,235_S_2018_T1,2,2,2,2,2,0,38,16,.,16,16,16,0,0,38,63,0,0,0,
2018,235,S,235_S,235_S_2018,235_S_2018_T1,1,2,2,1,2,0.577350269,38,16,.,16,16,3,0,0,63,38,0,2,0,
2018,235,S,235_S,235_S_2018,235_S_2018_T1,3,1,2,3,2,0.957427108,16,38,.,16,16,3,0,16,38,63,0,1,98,
2018,235,S,235_S,235_S_2018,235_S_2018_T1,2,3,2,2,2,0.5,3,63,.,3,16,16,0,16,3,98,1,0,86,
2018,235,S,235_S,235_S_2018,235_S_2018_T1,2,2,1,2,2,0.5,16,16,.,38,16,16,0,16,86,38,1,1,86,
2018,235,S,235_S,235_S_2018,235_S_2018_T1,3,0,1,2,2,1.290994449,16,63,.,1,38,16,0,0,16,86,1.5,0,0,
2018,235,S,235_S,235_S_2018,235_S_2018_T1,3,2,1,3,2,0.957427108,16,16,.,38,38,1,0,0,63,38,0,0,0,
2018,235,S,235_S,235_S_2018,235_S_2018_T1,2,2,1,3,2,0.816496581,16,0,.,63,3,3,0,0,16,86,0.5,0,0,
2018,235,S,235_S,235_S_2018,235_S_2018_T1,1,1,1,1,1,0,0,38,.,63,16,16,0,16,38,38,0,1,98,
2018,235,S,235_S,235_S_2018,235_S_2018_T1,6,2,3,4,4,1.707825128,16,0,.,16,38,38,0,0,98,3,0,0,0,
2018,235,S,235_S,235_S_2018,235_S_2018_T1,0,0,0,1,0,0.5,0,16,.,38,16,16,0,0,63,38,0,1,0,
2018,235,S,235_S,235_S_2018,235_S_2018_T1,1,1,1,1,1,0,16,0,.,16,38,3,0,0,86,16,0,1,0,
2018,235,S,235_S,235_S_2018,235_S_2018_T1,3,3,2,2,3,0.577350269,0,0,.,38,63,16,0,0,86,16,0,0,0,
2018,235,S,235_S,235_S_2018,235_S_2018_T2,8,7,6,6,7,0.957427108,38,0,.,3,63,16,0,16,38,63,2,0,38,
2018,235,S,235_S,235_S_2018,235_S_2018_T2,3,1,2,3,2,0.957427108,16,0,.,38,63,3,0,3,98,0,0,1,16,
2018,235,S,235_S,235_S_2018,235_S_2018_T2,4,5,3,2,4,1.290994449,3,0,.,16,86,16,0,3,98,3,0,1,3,
2018,235,S,235_S,235_S_2018,235_S_2018_T2,4,4,3,5,4,0.816496581,16,0,.,16,63,3,0,16,98,3,0,0,38,
2018,235,S,235_S,235_S_2018,235_S_2018_T2,7,9,7,7,8,1,16,0,.,16,63,16,0,0,98,3,0,0,0,
2018,235,S,235_S,235_S_2018,235_S_2018_T2,6,6,4,4,5,1.154700538,3,0,.,16,86,16,0,16,98,0,0,1,16,
2018,235,S,235_S,235_S_2018,235_S_2018_T2,4,3,2,4,3,0.957427108,1,0,.,16,63,16,0,16,86,16,0,1,38,
2018,235,S,235_S,235_S_2018,235_S_2018_T2,1,2,1,1,1,0.5,38,0,.,16,38,3,0,0,86,16,0,1,0,
2018,235,S,235_S,235_S_2018,235_S_2018_T2,3,1,3,4,3,1.258305739,16,0,.,16,63,16,0,16,98,3,0,1,38,
2018,235,S,235_S,235_S_2018,235_S_2018_T2,2,4,1,3,3,1.290994449,16,0,.,16,38,3,0,16,38,38,0,1,38,
2018,235,S,235_S,235_S_2018,235_S_2018_T2,5,3,2,3,3,1.258305739,16,0,.,3,63,1,0,16,98,0,0,0,38,
2018,235,S,235_S,235_S_2018,235_S_2018_T2,4,5,3,5,4,0.957427108,16,0,.,16,63,16,0,0,98,0,0,0,0,
2018,235,S,235_S,235_S_2018,235_S_2018_T2,4,4,1,2,3,1.5,16,0,.,16,86,16,0,16,38,38,0,1,16,
2018,235,S,235_S,235_S_2018,235_S_2018_T2,5,2,3,4,4,1.290994449,3,0,.,16,63,38,0,0,38,63,0.5,1,0,
2018,235,S,235_S,235_S_2018,235_S_2018_T2,3,4,3,2,3,0.816496581,16,0,.,16,0,38,0,3,98,3,0,0,16,
2018,DUN,C,DUN_C,DUN_C_2018,DUN_C_2018,6,9,9,8,8,1.414213562,3,16,.,63,3,0,0,0,3,38,0,0,0,
2018,DUN,C,DUN_C,DUN_C_2018,DUN_C_2018,5,5,7,6,6,0.957427108,3,16,.,86,1,16,0,0,3,38,0,0,0,
2018,DUN,C,DUN_C,DUN_C_2018,DUN_C_2018,7,7,10,7,8,1.5,3,38,.,38,16,16,0,0,0,63,3,0,0,
2018,DUN,C,DUN_C,DUN_C_2018,DUN_C_2018,8,11,11,9,10,1.5,0,16,.,86,0,0,0,0,3,63,0,0,0,
2018,DUN,C,DUN_C,DUN_C_2018,DUN_C_2018,8,4,7,8,7,1.892969449,0,0,.,86,16,0,0,0,3,38,0.5,0,0,
2018,DUN,C,DUN_C,DUN_C_2018,DUN_C_2018,12,10,10,8,10,1.632993162,0,3,.,63,38,0,0,0,16,63,0.5,0,0,
2018,DUN,C,DUN_C,DUN_C_2018,DUN_C_2018,6,8,9,7,8,1.290994449,0,38,.,63,38,0,0,0,38,38,0,0,0,
2018,DUN,C,DUN_C,DUN_C_2018,DUN_C_2018,8,9,5,5,7,2.061552813,0,16,.,16,0,16,0,0,3,63,0.5,0,0,
2018,DUN,C,DUN_C,DUN_C_2018,DUN_C_2018,7,3,13,6,7,4.193248542,0,3,.,63,16,0,0,16,3,63,0.5,0,86,
2018,DUN,C,DUN_C,DUN_C_2018,DUN_C_2018,10,7,10,6,8,2.061552813,0,16,.,63,16,0,0,16,3,63,1,0,86,
2018,DUN,C,DUN_C,DUN_C_2018,DUN_C_2018,3,3,5,5,4,1.154700538,0,3,.,86,3,0,0,0,38,38,0,0,0,
2018,DUN,C,DUN_C,DUN_C_2018,DUN_C_2018,9,7,9,5,8,1.914854216,0,38,.,63,1,16,0,0,16,38,1,0,0,
2018,DUN,C,DUN_C,DUN_C_2018,DUN_C_2018,9,9,11,11,10,1.154700538,0,16,.,63,1,3,0,0,3,63,5,0,0,
2018,DUN,C,DUN_C,DUN_C_2018,DUN_C_2018,7,5,8,8,7,1.414213562,0,16,.,63,0,16,0,0,3,38,0.5,0,0,
2018,DUN,C,DUN_C,DUN_C_2018,DUN_C_2018,5,2,5,5,4,1.5,16,16,.,16,38,0,0,16,3,63,1,0,98,
2018,DUN,C,DUN_C,DUN_C_2018,DUN_C_2018,5,6,6,7,6,0.816496581,0,3,.,86,63,0,0,0,16,63,1,0,0,
2018,DUN,C,DUN_C,DUN_C_2018,DUN_C_2018,5,4,4,4,4,0.5,3,0,.,86,3,0,0,0,0,86,1,0,0,
2018,DUN,C,DUN_C,DUN_C_2018,DUN_C_2018,5,5,8,8,7,1.732050808,3,63,.,38,3,3,0,0,3,63,1,0,0,
2018,DUN,C,DUN_C,DUN_C_2018,DUN_C_2018,10,8,8,7,8,1.258305739,16,16,.,63,0,16,0,0,3,63,1,0,0,
2018,DUN,C,DUN_C,DUN_C_2018,DUN_C_2018,5,5,5,5,5,0,3,16,.,86,1,16,0,0,3,63,1.5,0,0,
2018,DUN,C,DUN_C,DUN_C_2018,DUN_C_2018,9,7,9,5,8,1.914854216,0,16,.,63,3,0,0,0,3,63,3,0,0,
2018,DUN,C,DUN_C,DUN_C_2018,DUN_C_2018,4,10,6,6,7,2.516611478,98,98,.,98,98,98,86,63,3,63,4,2,98,
2018,DUN,C,DUN_C,DUN_C_2018,DUN_C_2018,8,8,7,8,8,0.5,0,38,.,86,3,0,0,0,3,63,4,0,0,
2018,DUN,C,DUN_C,DUN_C_2018,DUN_C_2018,4,4,6,7,5,1.5,0,16,.,63,3,16,0,0,3,63,1,0,0,
2018,DUN,C,DUN_C,DUN_C_2018,DUN_C_2018,5,7,7,6,6,0.957427108,0,3,.,63,38,3,0,16,16,38,0.5,0,98,
2018,DUN,C,DUN_C,DUN_C_2018,DUN_C_2018,6,6,4,7,6,1.258305739,0,38,.,63,16,3,0,3,16,38,0,0,16,
2018,DUN,C,DUN_C,DUN_C_2018,DUN_C_2018,7,4,6,6,6,1.258305739,0,38,.,38,16,3,0,0,16,38,0,0,0,
2018,DUN,C,DUN_C,DUN_C_2018,DUN_C_2018,10,8,10,13,10,2.061552813,0,16,.,38,38,0,0,0,3,86,6,0,0,
2018,DUN,C,DUN_C,DUN_C_2018,DUN_C_2018,4,3,3,3,3,0.5,0,16,.,38,16,0,0,0,0,86,3,0,0,
2018,DUN,C,DUN_C,DUN_C_2018,DUN_C_2018,6,7,12,10,9,2.753785274,0,16,.,86,16,0,0,0,3,63,0.5,0,0,
2018,DUN,C,DUN_C,DUN_C_2018,DUN_C_2018,20,15,10,12,14,4.34932945,0,3,.,63,86,0,0,3,3,63,3,0,3,
2018,DUN,E,DUN_E,DUN_E_2018,DUN_E_2018,12,13,12,10,12,1.258305739,0,0,.,16,86,0,0,0,16,86,2.5,0,0,
2018,DUN,E,DUN_E,DUN_E_2018,DUN_E_2018,9,9,8,8,9,0.577350269,0,16,.,16,63,0,0,0,3,98,4,0,0,
2018,DUN,E,DUN_E,DUN_E_2018,DUN_E_2018,5,6,7,9,7,1.707825128,38,16,.,16,16,0,0,16,0,98,15,0,63,
2018,DUN,E,DUN_E,DUN_E_2018,DUN_E_2018,6,7,10,6,7,1.892969449,63,0,.,0,63,0,0,38,0,98,7.5,0,63,
2018,DUN,E,DUN_E,DUN_E_2018,DUN_E_2018,6,5,8,10,7,2.217355783,0,16,.,38,38,0,0,0,16,86,4,0,0,
2018,DUN,E,DUN_E,DUN_E_2018,DUN_E_2018,8,12,10,5,9,2.986078811,38,0,.,16,63,0,0,63,0,98,4,0,98,
2018,DUN,E,DUN_E,DUN_E_2018,DUN_E_2018,8,8,9,10,9,0.957427108,38,0,.,16,63,0,0,3,0,98,20,1,3,
2018,DUN,E,DUN_E,DUN_E_2018,DUN_E_2018,6,3,3,3,4,1.5,38,0,.,16,16,0,0,16,0,98,10,0,86,
2018,DUN,E,DUN_E,DUN_E_2018,DUN_E_2018,9,9,6,10,9,1.732050808,3,0,.,38,38,0,0,16,0,98,14.5,0,38,
2018,DUN,E,DUN_E,DUN_E_2018,DUN_E_2018,11,11,18,10,13,3.696845502,38,0,.,16,63,0,0,16,0,98,4.5,0,16,
2016,235,C,235_C,235_C_2016,235_C_2016,5,7,4,5,5.25,1.089724736,0,0,3,86,63,3,0,0,3,86,1.25,0,16,.
2016,235,C,235_C,235_C_2016,235_C_2016,5,3,3,7,4.5,1.658312395,38,0,3,38,38,3,0,0,38,38,1.25,0,0,.
2016,235,C,235_C,235_C_2016,235_C_2016,3,3,3,3,3,0,63,3,0,3,38,3,0,0,63,3,0,0,38,.
2016,235,C,235_C,235_C_2016,235_C_2016,3,3,2,3,2.75,0.433012702,38,63,38,3,16,3,0,0,63,16,13.5,0,0,.
2016,235,C,235_C,235_C_2016,235_C_2016,3,3,2,2,2.5,0.5,3,16,38,16,38,38,0,0,3,86,1,0,0,.
2016,235,C,235_C,235_C_2016,235_C_2016,3,2,1,3,2.25,0.829156198,1,0,38,63,38,0,0,0,3,86,0.5,0,16,.
2016,235,C,235_C,235_C_2016,235_C_2016,3,1,1,2,1.75,0.829156198,16,3,16,3,16,3,0,0,38,38,0,0,38,.
2016,235,C,235_C,235_C_2016,235_C_2016,2,1,3,1,1.75,0.829156198,3,0,0,38,63,16,0,0,16,86,0.25,0,0,.
2016,235,C,235_C,235_C_2016,235_C_2016,1,1,2,2,1.5,0.5,3,63,3,3,3,16,0,0,3,86,0.75,0,0,.
2016,235,C,235_C,235_C_2016,235_C_2016,1,1,3,1,1.5,0.866025404,3,16,16,3,16,16,0,0,16,63,0.25,0,0,.
2016,235,C,235_C,235_C_2016,235_C_2016,3,1,1,1,1.5,0.866025404,3,63,38,3,16,3,0,0,38,16,0,0,0,.
2016,235,C,235_C,235_C_2016,235_C_2016,3,2,0,1,1.5,1.118033989,3,3,16,38,38,38,0,0,63,16,0,0,0,.
2016,235,C,235_C,235_C_2016,235_C_2016,2,1,2,1,1.5,0.5,1,16,0,38,16,38,0,0,3,86,2.25,0,0,.
2016,235,C,235_C,235_C_2016,235_C_2016,1,1,2,2,1.5,0.5,16,3,3,38,38,38,0,0,38,38,0,2,16,.
2016,235,C,235_C,235_C_2016,235_C_2016,0,0,1,5,1.5,2.061552813,16,0,16,16,38,63,0,0,38,63,0.75,0,38,.
2016,235,C,235_C,235_C_2016,235_C_2016,2,1,1,1,1.25,0.433012702,3,38,63,16,16,3,0,0,63,16,0,0,38,.
2016,235,C,235_C,235_C_2016,235_C_2016,3,1,1,0,1.25,1.089724736,16,38,38,3,16,16,0,0,38,63,0.25,0,38,.
2016,235,C,235_C,235_C_2016,235_C_2016,2,1,1,1,1.25,0.433012702,38,16,0,3,16,16,0,0,63,16,0,0,16,.
2016,235,C,235_C,235_C_2016,235_C_2016,2,1,2,0,1.25,0.829156198,3,38,16,3,3,16,0,0,16,63,0,0,98,.
2016,235,C,235_C,235_C_2016,235_C_2016,1,1,2,1,1.25,0.433012702,16,38,63,16,38,3,0,0,16,86,1,0,63,.
2016,235,C,235_C,235_C_2016,235_C_2016,1,1,2,1,1.25,0.433012702,3,3,3,38,16,38,0,0,3,86,0.25,0,0,.
2016,235,C,235_C,235_C_2016,235_C_2016,1,1,1,1,1,0,3,0,3,38,16,16,0,0,16,63,0.75,1,0,.
2016,235,C,235_C,235_C_2016,235_C_2016,1,1,0,0,0.5,0.5,1,16,0,3,16,16,0,0,16,63,0,0,38,.
2016,235,C,235_C,235_C_2016,235_C_2016,1,0,0,1,0.5,0.5,38,3,63,3,3,16,0,0,3,86,0,0,1,.
2016,235,C,235_C,235_C_2016,235_C_2016,1,1,0,0,0.5,0.5,0,0,0,63,3,38,3,0,3,86,1.5,0,0,.
2016,235,C,235_C,235_C_2016,235_C_2016,1,1,0,0,0.5,0.5,1,0,0,16,16,16,0,0,3,86,1.25,1,0,.
2016,235,C,235_C,235_C_2016,235_C_2016,1,0,0,0,0.25,0.433012702,0,0,3,16,16,16,0,0,38,38,0.5,0,0,.
2016,235,C,235_C,235_C_2016,235_C_2016,0,0,0,0,0,0,38,16,38,3,3,3,0,0,63,16,0,0,38,.
2016,235,C,235_C,235_C_2016,235_C_2016,0,0,0,0,0,0,16,16,3,3,38,16,0,0,86,3,0,0,38,.
2016,235,C,235_C,235_C_2016,235_C_2016,0,0,0,0,0,0,0,0,0,38,16,3,0,0,38,38,0,2,1,.
2016,235,N,235_N,235_N_2016,235_N_2016,6,10,5,2,5.75,2.861380786,0,0,0,16,86,1,0,0,16,63,0,1,1,.
2016,235,N,235_N,235_N_2016,235_N_2016,6,2,6,5,4.75,1.639359631,0,1,86,38,86,3,0,0,16,86,0.5,2,0,.
2016,235,N,235_N,235_N_2016,235_N_2016,2,5,5,5,4.25,1.299038106,63,0,86,16,63,3,0,0,3,86,2.75,0,38,.
2016,235,N,235_N,235_N_2016,235_N_2016,6,3,3,5,4.25,1.299038106,1,0,98,38,63,3,0,0,16,63,0.5,1,63,.
2016,235,N,235_N,235_N_2016,235_N_2016,3,2,6,5,4,1.58113883,0,0,98,38,63,3,0,0,16,63,7,2,16,.
2016,235,N,235_N,235_N_2016,235_N_2016,5,3,3,3,3.5,0.866025404,0,3,98,38,38,16,0,0,3,86,0.5,2,0,.
2016,235,N,235_N,235_N_2016,235_N_2016,5,2,3,4,3.5,1.118033989,1,0,16,38,86,16,0,0,16,63,0.5,2,0,.
2016,235,N,235_N,235_N_2016,235_N_2016,3,3,4,3,3.25,0.433012702,3,0,98,3,63,16,0,0,3,86,1.5,1,0,.
2016,235,N,235_N,235_N_2016,235_N_2016,3,5,1,3,3,1.414213562,0,0,0,16,63,3,0,0,3,86,2.25,2,0,.
2016,235,N,235_N,235_N_2016,235_N_2016,2,3,3,4,3,0.707106781,16,3,0,3,63,16,0,0,3,86,0.5,0,16,.
2016,235,N,235_N,235_N_2016,235_N_2016,3,2,1,5,2.75,1.479019946,0,0,86,63,63,38,0,0,3,86,3.5,2,0,.
2016,235,N,235_N,235_N_2016,235_N_2016,3,2,2,3,2.5,0.5,0,0,16,63,38,3,0,0,3,86,1,2,0,.
2016,235,N,235_N,235_N_2016,235_N_2016,2,3,3,2,2.5,0.5,3,1,98,3,86,16,0,0,16,63,2.75,0,0,.
2016,235,N,235_N,235_N_2016,235_N_2016,1,3,2,3,2.25,0.829156198,3,0,86,3,38,16,0,0,38,63,0,2,0,.
2016,235,N,235_N,235_N_2016,235_N_2016,3,2,2,2,2.25,0.433012702,3,0,3,16,63,1,0,0,16,63,0,1,1,.
2016,235,N,235_N,235_N_2016,235_N_2016,1,3,2,3,2.25,0.829156198,3,3,3,16,86,16,0,0,3,86,0.5,0,0,.
2016,235,N,235_N,235_N_2016,235_N_2016,3,2,2,2,2.25,0.433012702,3,0,38,3,63,16,0,0,63,38,0,0,0,.
2016,235,N,235_N,235_N_2016,235_N_2016,3,3,2,1,2.25,0.829156198,0,1,38,16,38,38,0,0,16,63,1,0,0,.
2016,235,N,235_N,235_N_2016,235_N_2016,1,1,2,5,2.25,1.639359631,3,0,98,3,63,3,0,0,16,63,0.75,1,0,.
2016,235,N,235_N,235_N_2016,235_N_2016,1,1,5,1,2,1.732050808,16,0,0,3,63,16,0,0,16,63,0,2,0,.
2016,235,N,235_N,235_N_2016,235_N_2016,2,1,1,3,1.75,0.829156198,3,0,0,3,86,16,0,0,16,63,0.5,0,3,.
2016,235,N,235_N,235_N_2016,235_N_2016,2,1,1,2,1.5,0.5,16,0,0,3,86,3,0,0,16,63,0,2,1,.
2016,235,N,235_N,235_N_2016,235_N_2016,2,1,1,2,1.5,0.5,16,0,0,3,86,3,0,0,16,63,0,2,16,.
2016,235,N,235_N,235_N_2016,235_N_2016,1,0,2,1,1,0.707106781,16,0,0,0,63,3,0,0,63,16,0,2,1,.
2016,235,N,235_N,235_N_2016,235_N_2016,3,1,0,0,1,1.224744871,0,0,3,16,63,16,0,0,3,63,0,2,0,.
2016,235,N,235_N,235_N_2016,235_N_2016,1,0,1,1,0.75,0.433012702,16,0,86,16,38,38,0,0,16,63,0,0,3,.
2016,235,N,235_N,235_N_2016,235_N_2016,0,0,1,1,0.5,0.5,16,0,98,3,38,3,0,0,38,16,0,2,0,.
2016,235,N,235_N,235_N_2016,235_N_2016,1,1,0,0,0.5,0.5,3,0,0,0,38,3,0,0,98,3,0,0,0,.
2016,235,N,235_N,235_N_2016,235_N_2016,1,0,0,1,0.5,0.5,0,0,3,63,38,3,0,0,16,86,0.25,0,0,.
2016,235,N,235_N,235_N_2016,235_N_2016,0,0,1,0,0.25,0.433012702,3,0,98,3,16,63,0,0,16,63,0.5,1,0,.
2016,235,S,235_S,235_S_2016,235_S_2016_T1,5,3,3,5,4,1,16,0,63,38,16,3,0,0,16,86,1.25,2,3,.
2016,235,S,235_S,235_S_2016,235_S_2016_T1,4,3,4,3,3.5,0.5,3,0,86,98,16,0,0,0,3,86,0.25,0,0,.
2016,235,S,235_S,235_S_2016,235_S_2016_T1,3,4,2,4,3.25,0.829156198,0,0,3,38,63,3,0,0,16,63,0,0,38,.
2016,235,S,235_S,235_S_2016,235_S_2016_T1,2,2,6,2,3,1.732050808,16,16,3,16,16,3,0,0,3,86,0.5,0,3,.
2016,235,S,235_S,235_S_2016,235_S_2016_T1,3,2,2,5,3,1.224744871,0,0,3,86,3,0,0,0,63,16,0,0,0,.
2016,235,S,235_S,235_S_2016,235_S_2016_T1,2,3,3,3,2.75,0.433012702,16,0,3,86,38,16,0,0,3,86,1.5,0,3,.
2016,235,S,235_S,235_S_2016,235_S_2016_T1,3,3,1,3,2.5,0.866025404,0,16,38,63,38,0,1,0,3,98,1,0,0,.
2016,235,S,235_S,235_S_2016,235_S_2016_T1,2,2,2,3,2.25,0.433012702,0,0,3,63,16,0,0,0,3,98,0.75,1,0,.
2016,235,S,235_S,235_S_2016,235_S_2016_T1,3,2,2,2,2.25,0.433012702,0,0,3,38,38,16,0,0,16,63,1.5,0,3,.
2016,235,S,235_S,235_S_2016,235_S_2016_T1,3,2,1,2,2,0.707106781,0,3,63,38,38,1,0,0,16,63,1.5,0,0,.
2016,235,S,235_S,235_S_2016,235_S_2016_T1,1,1,2,2,1.5,0.5,38,16,63,16,16,38,0,0,38,38,0,2,0,.
2016,235,S,235_S,235_S_2016,235_S_2016_T1,2,1,2,1,1.5,0.5,16,0,3,86,38,16,0,0,3,86,0.25,2,38,.
2016,235,S,235_S,235_S_2016,235_S_2016_T1,1,1,2,1,1.25,0.433012702,0,63,3,16,3,0,0,0,3,86,2.5,0,0,.
2016,235,S,235_S,235_S_2016,235_S_2016_T1,1,1,1,1,1,0,3,3,16,16,16,38,0,0,16,63,0,0,38,.
2016,235,S,235_S,235_S_2016,235_S_2016_T1,0,1,1,2,1,0.707106781,3,0,38,86,16,0,0,0,3,98,1,0,0,.
2016,235,S,235_S,235_S_2016,235_S_2016_T2,2,8,12,11,8.25,3.897114317,0,0,0,3,86,16,0,0,16,86,0.25,2,16,.
2016,235,S,235_S,235_S_2016,235_S_2016_T2,1,2,12,11,6.5,5.024937811,0,0,86,86,38,1,0,0,3,98,3,2,0,.
2016,235,S,235_S,235_S_2016,235_S_2016_T2,7,6,6,6,6.25,0.433012702,16,0,0,3,86,0,0,0,3,86,0.5,0,3,.
2016,235,S,235_S,235_S_2016,235_S_2016_T2,6,5,5,6,5.5,0.5,0,0,63,3,63,3,0,0,16,63,0.25,0,3,.
2016,235,S,235_S,235_S_2016,235_S_2016_T2,6,4,4,5,4.75,0.829156198,0,0,0,3,86,3,0,0,16,86,0.5,0,3,.
2016,235,S,235_S,235_S_2016,235_S_2016_T2,4,4,4,4,4,0,0,0,0,3,86,16,0,0,16,86,0.25,0,0,.
2016,235,S,235_S,235_S_2016,235_S_2016_T2,3,3,4,5,3.75,0.829156198,0,0,86,16,86,3,0,0,63,38,0,0,0,.
2016,235,S,235_S,235_S_2016,235_S_2016_T2,3,3,4,5,3.75,0.829156198,1,0,98,3,63,3,0,0,16,63,0,0,16,.
2016,235,S,235_S,235_S_2016,235_S_2016_T2,5,3,3,4,3.75,0.829156198,0,0,98,3,63,16,0,0,3,86,0.5,1,0,.
2016,235,S,235_S,235_S_2016,235_S_2016_T2,3,3,3,4,3.25,0.433012702,0,0,86,3,63,3,0,0,16,38,0,2,3,.
2016,235,S,235_S,235_S_2016,235_S_2016_T2,3,3,3,3,3,0,0,0,16,3,86,16,0,0,86,3,0,0,16,.
2016,235,S,235_S,235_S_2016,235_S_2016_T2,3,3,3,3,3,0,1,0,63,3,98,16,0,0,38,38,0,0,3,.
2016,235,S,235_S,235_S_2016,235_S_2016_T2,5,4,0,3,3,1.870828693,0,0,0,3,38,16,0,0,16,86,0,0,0,.
2016,235,S,235_S,235_S_2016,235_S_2016_T2,3,3,2,3,2.75,0.433012702,0,0,86,3,63,16,0,0,38,38,0,0,16,.
2016,235,S,235_S,235_S_2016,235_S_2016_T2,2,3,3,2,2.5,0.5,1,0,38,16,98,16,0,0,63,38,0.5,2,16,.
2016,BSH,C,BSH_C,BSH_C_2016,BSH_C_2016,18,19,17,15,17.25,1.479019946,3,0,0,3,63,3,0,0,16,86,2.25,0,0,.
2016,BSH,C,BSH_C,BSH_C_2016,BSH_C_2016,17,18,15,13,15.75,1.920286437,0,0,98,38,63,38,0,0,38,63,0.75,1,0,.
2016,BSH,C,BSH_C,BSH_C_2016,BSH_C_2016,14,15,15,15,14.75,0.433012702,0,0,98,16,86,16,0,0,1,98,0,0,0,.
2016,BSH,C,BSH_C,BSH_C_2016,BSH_C_2016,14,15,9,19,14.25,3.561951712,0,0,86,98,3,3,0,0,1,98,0.5,0,0,.
2016,BSH,C,BSH_C,BSH_C_2016,BSH_C_2016,16,14,16,9,13.75,2.861380786,38,0,0,0,63,38,0,0,16,86,5,0,0,.
2016,BSH,C,BSH_C,BSH_C_2016,BSH_C_2016,12,14,14,14,13.5,0.866025404,0,0,3,3,86,3,0,0,16,86,1,0,0,.
2016,BSH,C,BSH_C,BSH_C_2016,BSH_C_2016,13,12,14,14,13.25,0.829156198,0,0,0,3,98,16,0,0,16,86,0,0,38,.
2016,BSH,C,BSH_C,BSH_C_2016,BSH_C_2016,7,16,14,14,12.75,3.418698583,0,3,38,3,98,3,0,0,3,98,1,0,0,.
2016,BSH,C,BSH_C,BSH_C_2016,BSH_C_2016,12,13,14,11,12.5,1.118033989,3,0,0,0,63,3,0,0,63,38,0,0,0,.
2016,BSH,C,BSH_C,BSH_C_2016,BSH_C_2016,12,12,14,11,12.25,1.089724736,38,0,0,3,38,3,0,0,3,86,3.5,0,0,.
2016,BSH,C,BSH_C,BSH_C_2016,BSH_C_2016,13,11,13,11,12,1,0,0,98,3,86,3,0,0,0,0,0,0,16,.
2016,BSH,C,BSH_C,BSH_C_2016,BSH_C_2016,15,9,10,12,11.5,2.291287847,0,0,0,16,63,16,0,0,63,38,1,0,0,.
2016,BSH,C,BSH_C,BSH_C_2016,BSH_C_2016,11,11,9,11,10.5,0.866025404,16,1,0,0,86,3,0,0,38,63,3,0,3,.
2016,BSH,C,BSH_C,BSH_C_2016,BSH_C_2016,11,11,9,9,10,1,0,3,98,3,63,16,0,0,16,86,0.5,0,0,.
2016,BSH,C,BSH_C,BSH_C_2016,BSH_C_2016,14,9,10,7,10,2.549509757,0,3,98,3,63,16,16,0,16,86,0,0,0,.
2016,BSH,C,BSH_C,BSH_C_2016,BSH_C_2016,8,8,10,11,9.25,1.299038106,3,0,0,3,38,16,0,0,16,86,1.25,1,0,.
2016,BSH,C,BSH_C,BSH_C_2016,BSH_C_2016,9,7,7,10,8.25,1.299038106,16,0,0,3,38,63,0,0,16,86,2.5,0,3,.
2016,BSH,C,BSH_C,BSH_C_2016,BSH_C_2016,9,8,7,9,8.25,0.829156198,38,0,0,3,86,16,0,0,16,63,2.25,0,0,.
2016,BSH,C,BSH_C,BSH_C_2016,BSH_C_2016,7,9,7,9,8,1,3,0,0,0,38,3,0,0,3,98,1,0,0,.
2016,BSH,C,BSH_C,BSH_C_2016,BSH_C_2016,7,9,7,9,8,1,3,0,0,1,98,16,0,0,0,0,0,1,3,.
2016,BSH,C,BSH_C,BSH_C_2016,BSH_C_2016,12,7,7,3,7.25,3.191786334,16,0,0,3,86,16,0,0,38,63,4.5,2,0,.
2016,BSH,C,BSH_C,BSH_C_2016,BSH_C_2016,7,7,7,7,7,0,38,0,0,1,63,16,0,0,63,38,2.5,0,3,.
2016,BSH,C,BSH_C,BSH_C_2016,BSH_C_2016,3,10,7,7,6.75,2.487468593,16,3,98,16,63,3,0,0,16,86,0.5,0,0,.
2016,BSH,C,BSH_C,BSH_C_2016,BSH_C_2016,6,5,7,7,6.25,0.829156198,16,3,0,0,63,1,0,0,63,38,2,0,3,.
2016,BSH,C,BSH_C,BSH_C_2016,BSH_C_2016,5,6,4,9,6,1.870828693,3,3,0,3,63,16,0,0,38,63,2.25,2,0,.
2016,BSH,C,BSH_C,BSH_C_2016,BSH_C_2016,7,3,3,6,4.75,1.785357107,3,0,38,16,98,0,0,0,16,86,0,2,0,.
2016,BSH,C,BSH_C,BSH_C_2016,BSH_C_2016,2,2,2,4,2.5,0.866025404,16,3,0,16,16,0,0,0,86,16,2,0,0,.
2016,BSH,C,BSH_C,BSH_C_2016,BSH_C_2016,1,3,1,3,2,1,0,0,3,16,63,3,0,0,16,86,5,2,1,.
2016,BSH,C,BSH_C,BSH_C_2016,BSH_C_2016,4,2,1,1,2,1.224744871,3,3,0,16,86,3,0,0,1,98,1.25,2,0,.
2016,BSH,C,BSH_C,BSH_C_2016,BSH_C_2016,2,3,1,1,1.75,0.829156198,0,3,0,0,63,0,0,0,86,16,0,0,0,.
2016,BSH,N,BSH_N,BSH_N_2016,BSH_N_2016,11,13,11,12,11.75,0.829156198,0,0,0,86,63,0,0,0,16,86,0,0,0,.
2016,BSH,N,BSH_N,BSH_N_2016,BSH_N_2016,7,9,10,9,8.75,1.089724736,0,63,0,16,63,3,0,0,0,98,4.5,0,0,.
2016,BSH,N,BSH_N,BSH_N_2016,BSH_N_2016,9,7,9,8,8.25,0.829156198,0,16,0,16,63,3,0,0,0,98,4,0,0,.
2016,BSH,N,BSH_N,BSH_N_2016,BSH_N_2016,10,10,6,6,8,2,0,16,0,38,86,3,0,0,3,98,2,0,0,.
2016,BSH,N,BSH_N,BSH_N_2016,BSH_N_2016,7,8,5,8,7,1.224744871,0,16,0,16,63,3,0,0,3,98,0.25,0,0,.
2016,BSH,N,BSH_N,BSH_N_2016,BSH_N_2016,11,4,4,9,7,3.082207001,0,0,0,38,63,16,0,0,0,98,1,0,0,.
2016,BSH,N,BSH_N,BSH_N_2016,BSH_N_2016,7,7,7,7,7,0,0,3,0,16,86,0,0,0,16,86,0,0,0,.
2016,BSH,N,BSH_N,BSH_N_2016,BSH_N_2016,6,7,8,6,6.75,0.829156198,0,16,0,3,86,3,0,0,3,98,2.25,0,0,.
2016,BSH,N,BSH_N,BSH_N_2016,BSH_N_2016,5,7,8,6,6.5,1.118033989,0,38,0,38,38,38,0,0,0,98,3.5,0,0,.
2016,BSH,N,BSH_N,BSH_N_2016,BSH_N_2016,7,5,7,6,6.25,0.829156198,0,16,0,38,38,3,0,0,0,98,10,0,0,.
2016,BSH,N,BSH_N,BSH_N_2016,BSH_N_2016,4,9,7,4,6,2.121320344,0,38,0,16,38,16,0,0,0,98,3.75,0,0,.
2016,BSH,N,BSH_N,BSH_N_2016,BSH_N_2016,3,7,4,8,5.5,2.061552813,0,63,0,16,0,0,0,0,3,98,3.75,0,0,.
2016,BSH,N,BSH_N,BSH_N_2016,BSH_N_2016,8,4,4,4,5,1.732050808,0,16,0,38,38,3,0,0,1,98,5,0,0,.
2016,BSH,N,BSH_N,BSH_N_2016,BSH_N_2016,5,5,3,5,4.5,0.866025404,0,38,0,38,16,16,0,0,3,98,0,0,0,.
2016,BSH,N,BSH_N,BSH_N_2016,BSH_N_2016,5,5,3,5,4.5,0.866025404,0,38,0,38,3,16,0,0,0,98,5,0,0,.
2016,BSH,N,BSH_N,BSH_N_2016,BSH_N_2016,5,3,3,7,4.5,1.658312395,0,38,0,16,38,3,0,0,0,98,6.5,0,0,.
2016,BSH,N,BSH_N,BSH_N_2016,BSH_N_2016,2,3,5,7,4.25,1.920286437,0,16,0,16,63,3,0,0,0,98,1.5,0,0,.
2016,BSH,N,BSH_N,BSH_N_2016,BSH_N_2016,3,5,3,5,4,1,0,16,0,63,16,38,0,0,0,98,6.5,0,0,.
2016,BSH,N,BSH_N,BSH_N_2016,BSH_N_2016,4,4,3,5,4,0.707106781,0,16,0,63,3,3,0,0,0,98,11.75,0,0,.
2016,BSH,N,BSH_N,BSH_N_2016,BSH_N_2016,3,4,3,5,3.75,0.829156198,0,16,0,38,38,16,0,0,0,98,5,0,0,.
2016,BSH,N,BSH_N,BSH_N_2016,BSH_N_2016,4,3,3,5,3.75,0.829156198,0,38,0,38,16,0,0,0,0,98,8.5,0,0,.
2016,BSH,N,BSH_N,BSH_N_2016,BSH_N_2016,3,3,3,5,3.5,0.866025404,0,38,0,16,16,3,0,0,0,98,12,0,0,.
2016,BSH,N,BSH_N,BSH_N_2016,BSH_N_2016,5,3,3,3,3.5,0.866025404,0,63,0,16,16,16,0,0,0,86,4.5,0,0,.
2016,BSH,N,BSH_N,BSH_N_2016,BSH_N_2016,3,3,3,3,3,0,0,16,0,38,16,38,0,0,0,98,8.5,0,0,.
2016,BSH,N,BSH_N,BSH_N_2016,BSH_N_2016,3,3,2,4,3,0.707106781,0,38,0,16,16,3,0,0,0,98,11,0,0,.
2016,BSH,N,BSH_N,BSH_N_2016,BSH_N_2016,1,4,1,5,2.75,1.785357107,0,38,0,1,38,3,0,0,0,98,6.5,0,0,.
2016,BSH,N,BSH_N,BSH_N_2016,BSH_N_2016,2,5,1,3,2.75,1.479019946,16,0,0,3,16,0,0,0,3,86,3.25,0,0,.
2016,BSH,N,BSH_N,BSH_N_2016,BSH_N_2016,2,2,2,5,2.75,1.299038106,0,3,98,38,38,16,0,0,16,86,8.5,0,0,.
2016,BSH,N,BSH_N,BSH_N_2016,BSH_N_2016,3,3,3,1,2.5,0.866025404,0,38,0,0,38,3,0,0,3,98,3.25,0,38,.
2016,BSH,N,BSH_N,BSH_N_2016,BSH_N_2016,1,2,1,5,2.25,1.639359631,3,3,63,16,38,1,0,0,16,86,2,2,0,.
2016,BSH,S,BSH_S,BSH_S_2016,BSH_S_2016,20,20,20,20,20,0,0,0,98,16,98,3,0,0,0,86,9.5,0,0,.
2016,BSH,S,BSH_S,BSH_S_2016,BSH_S_2016,15,18,14,13,15,1.870828693,3,0,0,3,63,38,0,0,0,86,4,0,16,.
2016,BSH,S,BSH_S,BSH_S_2016,BSH_S_2016,13,16,15,16,15,1.224744871,3,0,0,1,63,38,0,0,1,86,0.75,1,0,.
2016,BSH,S,BSH_S,BSH_S_2016,BSH_S_2016,15,14,13,14,14,0.707106781,0,0,98,16,38,86,0,0,1,86,1,1,0,.
2016,BSH,S,BSH_S,BSH_S_2016,BSH_S_2016,15,13,13,13,13.5,0.866025404,3,3,0,0,63,16,0,0,16,86,0.5,1,3,.
2016,BSH,S,BSH_S,BSH_S_2016,BSH_S_2016,11,20,6,10,11.75,5.117372373,16,0,0,0,16,38,0,0,1,86,1.25,0,0,.
2016,BSH,S,BSH_S,BSH_S_2016,BSH_S_2016,12,11,13,8,11,1.870828693,38,0,0,0,63,16,0,0,1,86,1.75,0,16,.
2016,BSH,S,BSH_S,BSH_S_2016,BSH_S_2016,11,10,10,12,10.75,0.829156198,16,0,0,16,63,16,0,0,3,86,5,0,0,.
2016,BSH,S,BSH_S,BSH_S_2016,BSH_S_2016,11,8,9,14,10.5,2.291287847,3,0,0,3,63,16,0,0,38,63,0.25,0,16,.
2016,BSH,S,BSH_S,BSH_S_2016,BSH_S_2016,9,10,8,11,9.5,1.118033989,38,0,98,3,86,16,0,0,3,86,2.75,0,3,.
2016,BSH,S,BSH_S,BSH_S_2016,BSH_S_2016,3,13,11,9,9,3.741657387,16,3,0,0,86,3,0,0,63,38,2,0,0,.
2016,BSH,S,BSH_S,BSH_S_2016,BSH_S_2016,8,8,9,10,8.75,0.829156198,16,0,0,0,86,16,0,0,38,63,2,0,1,.
2016,BSH,S,BSH_S,BSH_S_2016,BSH_S_2016,9,9,7,8,8.25,0.829156198,3,1,0,3,86,16,0,0,86,0,1.5,0,1,.
2016,BSH,S,BSH_S,BSH_S_2016,BSH_S_2016,10,7,7,8,8,1.224744871,38,3,0,0,38,16,0,0,3,86,2,0,38,.
2016,BSH,S,BSH_S,BSH_S_2016,BSH_S_2016,7,7,10,8,8,1.224744871,16,3,0,0,63,16,0,0,1,86,2.25,0,3,.
2016,BSH,S,BSH_S,BSH_S_2016,BSH_S_2016,9,9,7,7,8,1,1,3,0,0,63,16,16,0,16,86,1.5,0,16,.
2016,BSH,S,BSH_S,BSH_S_2016,BSH_S_2016,7,9,9,5,7.5,1.658312395,16,0,98,1,86,16,0,0,38,63,1.75,0,16,.
2016,BSH,S,BSH_S,BSH_S_2016,BSH_S_2016,3,9,8,9,7.25,2.487468593,16,0,0,1,63,38,0,0,1,86,3,0,0,.
2016,BSH,S,BSH_S,BSH_S_2016,BSH_S_2016,11,5,7,5,7,2.449489743,38,1,0,1,63,3,0,0,16,63,0,1,1,.
2016,BSH,S,BSH_S,BSH_S_2016,BSH_S_2016,7,5,6,8,6.5,1.118033989,16,0,63,3,63,3,0,0,38,63,5.5,1,0,.
2016,BSH,S,BSH_S,BSH_S_2016,BSH_S_2016,7,7,5,6,6.25,0.829156198,3,3,0,3,98,16,0,0,16,86,1.25,0,16,.
2016,BSH,S,BSH_S,BSH_S_2016,BSH_S_2016,5,5,7,7,6,1,38,3,0,0,63,16,0,0,16,86,2.75,0,0,.
2016,BSH,S,BSH_S,BSH_S_2016,BSH_S_2016,5,8,7,3,5.75,1.920286437,16,0,0,16,86,16,0,0,16,86,1,0,3,.
2016,BSH,S,BSH_S,BSH_S_2016,BSH_S_2016,7,2,2,7,4.5,2.5,16,0,0,1,63,3,0,0,63,38,1,1,0,.
2016,BSH,S,BSH_S,BSH_S_2016,BSH_S_2016,6,3,3,3,3.75,1.299038106,3,0,0,0,86,16,0,0,86,16,2.25,0,3,.
2016,BSH,S,BSH_S,BSH_S_2016,BSH_S_2016,2,7,2,4,3.75,2.046338193,3,0,0,1,98,16,0,0,16,86,4.5,1,0,.
2016,BSH,S,BSH_S,BSH_S_2016,BSH_S_2016,3,3,3,5,3.5,0.866025404,16,0,0,3,86,0,0,0,63,38,0.5,2,0,.
2016,BSH,S,BSH_S,BSH_S_2016,BSH_S_2016,2,3,4,5,3.5,1.118033989,38,3,0,3,63,1,0,0,63,38,1.5,2,0,.
2016,BSH,S,BSH_S,BSH_S_2016,BSH_S_2016,4,3,3,3,3.25,0.433012702,16,0,98,1,63,3,3,0,38,63,0.5,0,0,.
2016,BSH,S,BSH_S,BSH_S_2016,BSH_S_2016,3,2,2,3,2.5,0.5,16,3,86,3,86,3,0,0,16,86,1.75,0,63,.
2016,DUN,C,DUN_C,DUN_C_2016,DUN_C_2016,9,3,9,6,6.75,2.487468593,0,0,38,86,3,16,0,0,3,86,4,0,0,.
2016,DUN,C,DUN_C,DUN_C_2016,DUN_C_2016,5,5,6,5,5.25,0.433012702,0,0,63,86,3,16,0,0,3,86,0.25,0,0,.
2016,DUN,C,DUN_C,DUN_C_2016,DUN_C_2016,9,5,3,3,5,2.449489743,38,0,16,63,3,16,0,0,3,86,4.5,0,0,.
2016,DUN,C,DUN_C,DUN_C_2016,DUN_C_2016,5,4,7,3,4.75,1.479019946,38,0,3,16,63,38,0,0,3,63,1,0,16,.
2016,DUN,C,DUN_C,DUN_C_2016,DUN_C_2016,5,2,2,9,4.5,2.872281323,0,0,38,86,16,3,0,0,3,86,0.25,0,0,.
2016,DUN,C,DUN_C,DUN_C_2016,DUN_C_2016,4,5,3,6,4.5,1.118033989,0,0,3,63,3,38,0,0,3,86,0.25,0,0,.
2016,DUN,C,DUN_C,DUN_C_2016,DUN_C_2016,3,3,3,7,4,1.732050808,0,0,38,86,16,16,0,0,38,38,1,0,0,.
2016,DUN,C,DUN_C,DUN_C_2016,DUN_C_2016,3,5,5,2,3.75,1.299038106,0,0,3,63,3,63,3,0,86,3,0.25,0,0,.
2016,DUN,C,DUN_C,DUN_C_2016,DUN_C_2016,3,3,3,5,3.5,0.866025404,0,0,63,86,38,0,0,0,3,86,2,0,98,.
2016,DUN,C,DUN_C,DUN_C_2016,DUN_C_2016,2,6,4,2,3.5,1.658312395,0,0,86,86,38,16,0,0,3,86,2.25,0,0,.
2016,DUN,C,DUN_C,DUN_C_2016,DUN_C_2016,4,4,2,3,3.25,0.829156198,0,0,16,63,16,38,0,0,3,86,0.75,1,98,.
2016,DUN,C,DUN_C,DUN_C_2016,DUN_C_2016,2,3,2,6,3.25,1.639359631,0,0,16,86,3,3,0,0,3,86,1.75,0,0,.
2016,DUN,C,DUN_C,DUN_C_2016,DUN_C_2016,3,3,4,2,3,0.707106781,0,0,38,86,38,38,0,0,3,86,0.5,0,86,.
2016,DUN,C,DUN_C,DUN_C_2016,DUN_C_2016,3,3,2,3,2.75,0.433012702,0,16,38,86,3,16,0,0,1,86,2.5,0,0,.
2016,DUN,C,DUN_C,DUN_C_2016,DUN_C_2016,2,6,2,1,2.75,1.920286437,0,0,86,86,3,0,0,0,3,98,1.25,0,0,.
2016,DUN,C,DUN_C,DUN_C_2016,DUN_C_2016,2,2,2,5,2.75,1.299038106,0,0,86,86,3,16,0,0,3,86,3,0,0,.
2016,DUN,C,DUN_C,DUN_C_2016,DUN_C_2016,2,1,4,4,2.75,1.299038106,0,0,86,86,16,16,0,0,1,98,4.5,0,3,.
2016,DUN,C,DUN_C,DUN_C_2016,DUN_C_2016,5,2,1,2,2.5,1.5,0,63,86,38,0,16,0,0,0,86,0,0,0,.
2016,DUN,C,DUN_C,DUN_C_2016,DUN_C_2016,3,3,2,2,2.5,0.5,0,0,16,86,38,16,0,0,16,63,0,0,0,.
2016,DUN,C,DUN_C,DUN_C_2016,DUN_C_2016,2,2,3,3,2.5,0.5,0,0,16,86,3,16,0,0,3,86,2.5,0,0,.
2016,DUN,C,DUN_C,DUN_C_2016,DUN_C_2016,2,2,2,2,2,0,0,0,3,86,3,16,0,0,0,86,0.5,0,86,.
2016,DUN,C,DUN_C,DUN_C_2016,DUN_C_2016,2,2,2,2,2,0,0,0,3,86,0,16,0,0,3,86,2,0,0,.
2016,DUN,C,DUN_C,DUN_C_2016,DUN_C_2016,3,1,3,1,2,1,0,0,86,86,3,16,0,0,3,86,1.5,0,0,.
2016,DUN,C,DUN_C,DUN_C_2016,DUN_C_2016,2,2,2,1,1.75,0.433012702,0,0,63,86,38,38,0,0,3,86,1.25,0,0,.
2016,DUN,C,DUN_C,DUN_C_2016,DUN_C_2016,2,1,2,2,1.75,0.433012702,0,0,63,86,3,16,0,0,3,86,2.5,0,0,.
2016,DUN,C,DUN_C,DUN_C_2016,DUN_C_2016,1,1,2,2,1.5,0.5,0,0,38,86,3,38,0,0,3,86,1.75,0,0,.
2016,DUN,C,DUN_C,DUN_C_2016,DUN_C_2016,2,1,1,2,1.5,0.5,0,0,86,86,38,16,0,0,3,86,1,0,0,.
2016,DUN,C,DUN_C,DUN_C_2016,DUN_C_2016,1,1,1,1,1,0,0,0,86,86,0,16,0,0,0,86,4.5,0,0,.
2016,DUN,C,DUN_C,DUN_C_2016,DUN_C_2016,1,1,2,0,1,0.707106781,0,0,63,86,3,16,0,0,3,86,0.5,0,0,.
2016,DUN,C,DUN_C,DUN_C_2016,DUN_C_2016,1,1,1,1,1,0,0,0,63,86,3,38,0,0,3,86,3.5,0,0,.
2016,DUN,E,DUN_E,DUN_E_2016,DUN_E_2016,20,20,20,20,20,0,0,0,16,38,38,16,0,0,38,38,0.25,0,0,.
2016,DUN,E,DUN_E,DUN_E_2016,DUN_E_2016,6,6,20,9,10.25,5.760859311,0,0,86,86,16,0,0,0,16,86,3.25,2,0,.
2016,DUN,E,DUN_E,DUN_E_2016,DUN_E_2016,20,5,5,6,9,6.363961031,3,0,16,38,86,3,0,0,38,38,0.25,0,38,.
2016,DUN,E,DUN_E,DUN_E_2016,DUN_E_2016,6,8,6,7,6.75,0.829156198,86,0,0,0,16,1,0,0,63,16,0,0,63,.
2016,DUN,E,DUN_E,DUN_E_2016,DUN_E_2016,7,6,7,6,6.5,0.5,3,0,16,16,86,16,0,0,38,38,0,0,38,.
2016,DUN,E,DUN_E,DUN_E_2016,DUN_E_2016,5,6,7,7,6.25,0.829156198,16,0,63,38,63,16,0,0,63,3,0,2,3,.
2016,DUN,E,DUN_E,DUN_E_2016,DUN_E_2016,7,7,7,2,5.75,2.165063509,0,0,38,86,38,86,0,0,63,16,0,0,16,.
2016,DUN,E,DUN_E,DUN_E_2016,DUN_E_2016,6,6,5,6,5.75,0.433012702,3,0,63,16,98,86,0,0,63,3,0,0,3,.
2016,DUN,E,DUN_E,DUN_E_2016,DUN_E_2016,8,5,7,2,5.5,2.291287847,0,0,98,98,16,0,0,0,38,38,3.25,0,0,.
2016,DUN,E,DUN_E,DUN_E_2016,DUN_E_2016,6,5,5,6,5.5,0.5,3,0,16,16,63,38,0,0,38,16,0.25,0,0,.
2016,DUN,E,DUN_E,DUN_E_2016,DUN_E_2016,5,5,6,5,5.25,0.433012702,3,0,86,38,63,16,0,0,38,16,0.25,2,16,.
2016,DUN,E,DUN_E,DUN_E_2016,DUN_E_2016,5,5,4,6,5,0.707106781,1,0,0,86,38,0,0,0,3,86,1.5,0,0,.
2016,DUN,E,DUN_E,DUN_E_2016,DUN_E_2016,5,3,6,5,4.75,1.089724736,3,0,38,38,3,38,0,0,86,16,0,1,1,.
2016,DUN,E,DUN_E,DUN_E_2016,DUN_E_2016,8,3,5,2,4.5,2.291287847,3,0,86,63,38,38,0,0,86,3,0,0,3,.
2016,DUN,E,DUN_E,DUN_E_2016,DUN_E_2016,5,5,6,2,4.5,1.5,16,0,38,63,38,16,0,0,63,16,0.25,2,63,.
2016,DUN,E,DUN_E,DUN_E_2016,DUN_E_2016,5,2,4,7,4.5,1.802775638,3,0,16,63,38,63,0,0,63,3,0,2,0,.
2016,DUN,E,DUN_E,DUN_E_2016,DUN_E_2016,3,6,5,4,4.5,1.118033989,63,0,86,16,38,16,0,0,63,3,0,1,3,.
2016,DUN,E,DUN_E,DUN_E_2016,DUN_E_2016,5,4,5,4,4.5,0.5,0,0,86,16,63,98,0,0,63,3,0,0,0,.
2016,DUN,E,DUN_E,DUN_E_2016,DUN_E_2016,3,3,6,5,4.25,1.299038106,1,0,63,16,38,63,0,0,63,3,0,0,1,.
2016,DUN,E,DUN_E,DUN_E_2016,DUN_E_2016,5,3,5,4,4.25,0.829156198,3,0,16,38,86,3,0,0,38,16,0,0,0,.
2016,DUN,E,DUN_E,DUN_E_2016,DUN_E_2016,3,5,6,2,4,1.58113883,63,0,63,16,38,16,0,0,63,3,0,0,3,.
2016,DUN,E,DUN_E,DUN_E_2016,DUN_E_2016,3,3,5,4,3.75,0.829156198,0,0,86,63,63,3,0,0,16,38,0.25,0,0,.
2016,DUN,E,DUN_E,DUN_E_2016,DUN_E_2016,3,3,6,2,3.5,1.5,38,0,98,3,16,38,0,0,38,16,0,1,3,.
2016,DUN,E,DUN_E,DUN_E_2016,DUN_E_2016,3,3,3,5,3.5,0.866025404,16,0,16,63,63,16,0,0,63,3,0.5,0,0,.
2016,DUN,E,DUN_E,DUN_E_2016,DUN_E_2016,3,4,5,2,3.5,1.118033989,1,0,86,63,38,3,0,0,63,3,0,1,0,.
2016,DUN,E,DUN_E,DUN_E_2016,DUN_E_2016,3,3,4,4,3.5,0.5,0,0,3,16,63,38,0,0,38,16,0.25,0,0,.
2016,DUN,E,DUN_E,DUN_E_2016,DUN_E_2016,3,3,4,3,3.25,0.433012702,0,0,38,38,86,38,0,0,16,38,1.25,0,0,.
2016,DUN,E,DUN_E,DUN_E_2016,DUN_E_2016,3,3,3,3,3,0,3,0,3,63,63,3,0,0,63,16,0,0,1,.
2016,DUN,E,DUN_E,DUN_E_2016,DUN_E_2016,3,3,3,3,3,0,16,0,63,16,63,63,0,0,38,3,0,0,3,.
2016,DUN,E,DUN_E,DUN_E_2016,DUN_E_2016,2,3,2,2,2.25,0.433012702,16,0,63,16,86,16,0,0,63,16,0.25,2,16,.
2016,DUN,W,DUN_W,DUN_W_2016,DUN_W_2016,7,9,7,7,7.5,0.866025404,0,0,86,38,63,38,0,0,63,38,0,0,0,.
2016,DUN,W,DUN_W,DUN_W_2016,DUN_W_2016,7,9,7,5,7,1.414213562,3,0,86,3,63,38,0,0,3,86,1,0,0,.
2016,DUN,W,DUN_W,DUN_W_2016,DUN_W_2016,5,5,10,6,6.5,2.061552813,1,0,38,16,98,63,0,0,63,16,0,0,0,.
2016,DUN,W,DUN_W,DUN_W_2016,DUN_W_2016,7,5,7,6,6.25,0.829156198,3,0,63,38,86,38,0,0,38,63,0.25,2,0,.
2016,DUN,W,DUN_W,DUN_W_2016,DUN_W_2016,6,5,7,7,6.25,0.829156198,3,0,63,3,63,63,0,0,38,38,0.25,0,0,.
2016,DUN,W,DUN_W,DUN_W_2016,DUN_W_2016,7,6,5,6,6,0.707106781,3,0,86,16,86,16,0,0,16,63,0.25,1,0,.
2016,DUN,W,DUN_W,DUN_W_2016,DUN_W_2016,5,5,7,7,6,1,16,0,3,16,38,86,0,0,63,16,0,0,38,.
2016,DUN,W,DUN_W,DUN_W_2016,DUN_W_2016,5,6,5,8,6,1.224744871,1,0,86,38,63,16,0,0,38,63,0.5,0,0,.
2016,DUN,W,DUN_W,DUN_W_2016,DUN_W_2016,5,6,7,5,5.75,0.829156198,63,0,63,16,63,16,0,0,63,16,0,0,63,.
2016,DUN,W,DUN_W,DUN_W_2016,DUN_W_2016,5,6,6,6,5.75,0.433012702,0,0,98,38,86,38,0,0,86,3,0,0,0,.
2016,DUN,W,DUN_W,DUN_W_2016,DUN_W_2016,5,6,6,6,5.75,0.433012702,0,0,86,16,86,38,0,0,86,3,0,0,3,.
2016,DUN,W,DUN_W,DUN_W_2016,DUN_W_2016,5,5,5,7,5.5,0.866025404,63,0,98,3,38,3,0,0,98,1,0,0,1,.
2016,DUN,W,DUN_W,DUN_W_2016,DUN_W_2016,4,4,6,6,5,1,3,0,98,16,86,38,0,0,38,38,0,1,0,.
2016,DUN,W,DUN_W,DUN_W_2016,DUN_W_2016,5,6,4,5,5,0.707106781,1,0,63,16,63,38,0,0,38,38,0,0,0,.
2016,DUN,W,DUN_W,DUN_W_2016,DUN_W_2016,5,5,6,4,5,0.707106781,3,0,38,16,86,63,0,0,63,16,0.25,0,3,.
2016,DUN,W,DUN_W,DUN_W_2016,DUN_W_2016,5,5,5,5,5,0,3,0,86,38,38,86,0,0,63,16,0.5,0,0,.
2016,DUN,W,DUN_W,DUN_W_2016,DUN_W_2016,5,5,5,5,5,0,38,0,86,3,38,63,0,0,86,3,0,0,0,.
2016,DUN,W,DUN_W,DUN_W_2016,DUN_W_2016,5,5,5,5,5,0,1,0,3,16,63,63,0,0,3,86,0.5,0,0,.
2016,DUN,W,DUN_W,DUN_W_2016,DUN_W_2016,4,5,5,5,4.75,0.433012702,1,0,63,16,38,63,0,0,16,63,0.25,0,3,.
2016,DUN,W,DUN_W,DUN_W_2016,DUN_W_2016,5,5,3,6,4.75,1.089724736,3,0,16,16,63,63,0,0,86,3,0,0,0,.
2016,DUN,W,DUN_W,DUN_W_2016,DUN_W_2016,5,5,5,4,4.75,0.433012702,0,0,16,3,86,38,0,0,63,16,0,0,0,.
2016,DUN,W,DUN_W,DUN_W_2016,DUN_W_2016,4,5,4,5,4.5,0.5,38,0,98,16,38,16,0,0,86,3,0,1,3,.
2016,DUN,W,DUN_W,DUN_W_2016,DUN_W_2016,3,3,5,6,4.25,1.299038106,3,0,86,16,63,38,0,0,86,3,0,0,0,.
2016,DUN,W,DUN_W,DUN_W_2016,DUN_W_2016,3,5,5,2,3.75,1.299038106,3,0,98,38,63,63,0,0,86,3,0,0,38,.
2016,DUN,W,DUN_W,DUN_W_2016,DUN_W_2016,3,3,3,5,3.5,0.866025404,16,0,86,16,38,63,0,0,16,63,0,0,0,.
2016,DUN,W,DUN_W,DUN_W_2016,DUN_W_2016,3,5,3,3,3.5,0.866025404,63,0,86,3,16,3,0,0,86,3,0,0,0,.
2016,DUN,W,DUN_W,DUN_W_2016,DUN_W_2016,3,3,3,3,3,0,16,0,63,16,63,16,0,0,86,3,0,1,0,.
2016,DUN,W,DUN_W,DUN_W_2016,DUN_W_2016,3,3,3,3,3,0,38,0,86,16,16,16,0,0,86,3,0,2,38,.
2016,DUN,W,DUN_W,DUN_W_2016,DUN_W_2016,2,3,3,3,2.75,0.433012702,3,0,98,16,86,16,0,0,86,3,0,0,0,.
2016,DUN,W,DUN_W,DUN_W_2016,DUN_W_2016,2,3,3,3,2.75,0.433012702,63,0,86,16,3,3,0,0,98,1,0,2,0,.
2016,GIL,C,GIL_C,GIL_C_2016,GIL_C_2016,13,18,14,7,13,3.937003937,3,3,38,16,86,0,16,0,63,16,5.5,0,63,.
2016,GIL,C,GIL_C,GIL_C_2016,GIL_C_2016,7,20,6,6,9.75,5.931905259,0,16,16,16,86,3,0,0,86,16,0,0,16,.
2016,GIL,C,GIL_C,GIL_C_2016,GIL_C_2016,7,10,10,7,8.5,1.5,3,16,38,3,63,16,0,0,3,98,0.5,0,16,.
2016,GIL,C,GIL_C,GIL_C_2016,GIL_C_2016,11,11,3,8,8.25,3.269174208,3,3,16,3,63,3,0,0,16,86,1.5,0,63,.
2016,GIL,C,GIL_C,GIL_C_2016,GIL_C_2016,10,7,7,6,7.5,1.5,38,0,63,38,63,3,3,0,3,63,3.5,0,16,.
2016,GIL,C,GIL_C,GIL_C_2016,GIL_C_2016,10,6,6,4,6.5,2.179449472,16,0,63,16,86,3,16,0,38,38,0,2,38,.
2016,GIL,C,GIL_C,GIL_C_2016,GIL_C_2016,7,5,10,3,6.25,2.586020108,0,3,3,63,63,16,0,0,3,86,1.5,0,3,.
2016,GIL,C,GIL_C,GIL_C_2016,GIL_C_2016,6,6,6,7,6.25,0.433012702,3,3,16,38,63,3,0,0,3,98,0.5,0,3,.
2016,GIL,C,GIL_C,GIL_C_2016,GIL_C_2016,6,7,5,5,5.75,0.829156198,16,3,16,16,63,16,0,0,3,98,2,1,0,.
2016,GIL,C,GIL_C,GIL_C_2016,GIL_C_2016,5,6,5,5,5.25,0.433012702,16,0,38,63,86,3,0,0,16,86,0,0,86,.
2016,GIL,C,GIL_C,GIL_C_2016,GIL_C_2016,3,4,4,7,4.5,1.5,16,3,16,16,63,3,0,0,3,98,1.75,0,1,.
2016,GIL,C,GIL_C,GIL_C_2016,GIL_C_2016,3,3,7,4,4.25,1.639359631,3,0,16,86,86,3,0,0,38,38,2,2,86,.
2016,GIL,C,GIL_C,GIL_C_2016,GIL_C_2016,5,3,5,4,4.25,0.829156198,3,3,63,63,38,38,0,0,3,86,0.25,2,0,.
2016,GIL,C,GIL_C,GIL_C_2016,GIL_C_2016,4,4,2,5,3.75,1.089724736,16,0,86,38,63,16,0,0,3,86,2,0,0,.
2016,GIL,C,GIL_C,GIL_C_2016,GIL_C_2016,6,4,2,3,3.75,1.479019946,3,0,63,38,38,16,0,0,3,86,1.5,0,16,.
2016,GIL,C,GIL_C,GIL_C_2016,GIL_C_2016,4,2,5,3,3.5,1.118033989,0,86,38,63,0,0,0,0,3,86,2,0,0,.
2016,GIL,C,GIL_C,GIL_C_2016,GIL_C_2016,4,3,2,5,3.5,1.118033989,16,16,3,16,63,16,0,0,3,86,4,0,16,.
2016,GIL,C,GIL_C,GIL_C_2016,GIL_C_2016,3,3,4,3,3.25,0.433012702,16,0,63,16,63,3,0,0,3,86,0.5,2,3,.
2016,GIL,C,GIL_C,GIL_C_2016,GIL_C_2016,3,2,3,4,3,0.707106781,16,3,16,16,38,16,0,0,3,86,5,2,38,.
2016,GIL,C,GIL_C,GIL_C_2016,GIL_C_2016,4,1,3,3,2.75,1.089724736,38,3,63,38,63,3,0,0,38,63,0,0,1,.
2016,GIL,C,GIL_C,GIL_C_2016,GIL_C_2016,3,1,3,3,2.5,0.866025404,38,16,16,3,38,3,0,0,3,98,1.25,0,0,.
2016,GIL,C,GIL_C,GIL_C_2016,GIL_C_2016,3,2,2,2,2.25,0.433012702,0,86,86,3,16,0,0,0,3,86,2,0,16,.
2016,GIL,C,GIL_C,GIL_C_2016,GIL_C_2016,4,3,1,1,2.25,1.299038106,3,1,38,38,16,38,0,0,3,86,1.25,0,38,.
2016,GIL,C,GIL_C,GIL_C_2016,GIL_C_2016,2,2,2,2,2,0,38,0,63,3,38,16,0,0,3,98,2,2,16,.
2016,GIL,C,GIL_C,GIL_C_2016,GIL_C_2016,1,2,1,1,1.25,0.433012702,3,0,63,3,16,38,0,0,38,38,1.5,0,16,.
2016,GIL,C,GIL_C,GIL_C_2016,GIL_C_2016,2,1,1,0,1,0.707106781,0,0,3,16,38,3,0,0,16,86,1.5,0,0,.
2016,GIL,C,GIL_C,GIL_C_2016,GIL_C_2016,1,1,1,1,1,0,3,3,63,16,16,16,0,0,3,98,2.5,0,0,.
2016,GIL,C,GIL_C,GIL_C_2016,GIL_C_2016,1,2,0,0,0.75,0.829156198,3,0,38,16,38,38,0,0,38,38,2.5,2,3,.
2016,GIL,C,GIL_C,GIL_C_2016,GIL_C_2016,1,0,1,1,0.75,0.433012702,3,0,38,16,38,3,0,0,0,98,1.5,2,0,.
2016,GIL,C,GIL_C,GIL_C_2016,GIL_C_2016,0,0,0,0,0,0,16,0,63,3,3,3,0,0,3,98,1,0,38,.
2016,GIL,N,GIL_N,GIL_N_2016,GIL_N_2016,10,9,7,5,7.75,1.920286437,0,0,63,63,63,0,0,0,0,98,1,2,0,.
2016,GIL,N,GIL_N,GIL_N_2016,GIL_N_2016,9,9,7,5,7.5,1.658312395,0,0,16,16,86,3,16,0,3,86,1,0,1,.
2016,GIL,N,GIL_N,GIL_N_2016,GIL_N_2016,7,6,7,6,6.5,0.5,3,3,0,3,16,0,63,0,38,63,1,0,0,.
2016,GIL,N,GIL_N,GIL_N_2016,GIL_N_2016,6,5,7,7,6.25,0.829156198,0,0,86,38,86,16,0,0,0,86,0,0,38,.
2016,GIL,N,GIL_N,GIL_N_2016,GIL_N_2016,5,5,5,5,5,0,3,3,38,38,86,3,0,0,0,86,1,0,0,.
2016,GIL,N,GIL_N,GIL_N_2016,GIL_N_2016,5,7,4,3,4.75,1.479019946,3,3,38,38,38,38,0,0,3,86,2.5,0,0,.
2016,GIL,N,GIL_N,GIL_N_2016,GIL_N_2016,4,5,5,4,4.5,0.5,3,3,38,63,63,38,0,0,3,86,1.5,0,0,.
2016,GIL,N,GIL_N,GIL_N_2016,GIL_N_2016,5,5,3,4,4.25,0.829156198,3,3,38,16,63,3,0,0,16,86,0,2,0,.
2016,GIL,N,GIL_N,GIL_N_2016,GIL_N_2016,3,3,8,2,4,2.34520788,0,38,86,38,16,3,38,0,0,86,1,1,0,.
2016,GIL,N,GIL_N,GIL_N_2016,GIL_N_2016,5,3,4,3,3.75,0.829156198,0,0,63,63,63,3,16,0,16,86,2.5,2,16,.
2016,GIL,N,GIL_N,GIL_N_2016,GIL_N_2016,5,5,3,2,3.75,1.299038106,3,3,38,38,63,16,0,0,3,86,1,0,0,.
2016,GIL,N,GIL_N,GIL_N_2016,GIL_N_2016,4,2,3,5,3.5,1.118033989,16,3,16,16,63,3,0,0,3,98,2.5,2,0,.
2016,GIL,N,GIL_N,GIL_N_2016,GIL_N_2016,4,1,5,3,3.25,1.479019946,16,1,16,38,63,3,0,0,3,98,2,0,1,.
2016,GIL,N,GIL_N,GIL_N_2016,GIL_N_2016,3,3,4,2,3,0.707106781,3,0,38,63,63,16,0,0,16,86,1.5,2,3,.
2016,GIL,N,GIL_N,GIL_N_2016,GIL_N_2016,3,3,3,3,3,0,3,3,16,63,63,3,0,0,0,86,2,2,3,.
2016,GIL,N,GIL_N,GIL_N_2016,GIL_N_2016,4,3,3,2,3,0.707106781,0,0,16,16,63,16,0,0,16,86,2,0,0,.
2016,GIL,N,GIL_N,GIL_N_2016,GIL_N_2016,2,5,1,3,2.75,1.479019946,3,3,16,38,38,38,0,0,0,86,1,0,0,.
2016,GIL,N,GIL_N,GIL_N_2016,GIL_N_2016,2,3,1,4,2.5,1.118033989,3,86,86,16,3,3,0,0,0,86,4.5,0,0,.
2016,GIL,N,GIL_N,GIL_N_2016,GIL_N_2016,1,4,5,0,2.5,2.061552813,16,3,86,38,38,3,0,0,38,38,0,0,0,.
2016,GIL,N,GIL_N,GIL_N_2016,GIL_N_2016,2,3,2,2,2.25,0.433012702,3,3,86,16,63,16,0,0,0,98,2,2,0,.
2016,GIL,N,GIL_N,GIL_N_2016,GIL_N_2016,3,2,1,2,2,0.707106781,3,0,63,3,38,0,0,0,0,98,3.5,2,0,.
2016,GIL,N,GIL_N,GIL_N_2016,GIL_N_2016,1,2,2,2,1.75,0.433012702,16,3,86,16,16,16,0,0,1,98,1.5,1,0,.
2016,GIL,N,GIL_N,GIL_N_2016,GIL_N_2016,2,1,1,2,1.5,0.5,38,16,86,16,38,16,0,0,3,86,1,1,0,.
2016,GIL,N,GIL_N,GIL_N_2016,GIL_N_2016,1,1,1,2,1.25,0.433012702,3,0,16,38,38,3,0,0,3,86,1.5,2,16,.
2016,GIL,N,GIL_N,GIL_N_2016,GIL_N_2016,1,1,1,2,1.25,0.433012702,3,1,63,38,38,38,0,0,3,98,1.5,1,16,.
2016,GIL,N,GIL_N,GIL_N_2016,GIL_N_2016,0,1,1,0,0.5,0.5,3,16,16,16,16,16,0,0,16,86,0.5,0,0,.
2016,GIL,N,GIL_N,GIL_N_2016,GIL_N_2016,1,1,0,0,0.5,0.5,3,3,38,38,16,38,0,0,1,98,1.5,1,0,.
2016,GIL,N,GIL_N,GIL_N_2016,GIL_N_2016,1,0,0,1,0.5,0.5,3,3,38,16,38,3,0,0,0,98,1.5,2,0,.
2016,GIL,N,GIL_N,GIL_N_2016,GIL_N_2016,0,1,0,0,0.25,0.433012702,3,3,0,0,63,16,0,0,3,98,1.5,0,0,.
2016,GIL,N,GIL_N,GIL_N_2016,GIL_N_2016,0,0,0,0,0,0,16,3,63,16,3,16,0,0,3,98,0,0,0,.
2016,GIL,S,GIL_S,GIL_S_2016,GIL_S_2016,9,7,7,12,8.75,2.046338193,0,16,86,63,86,3,16,0,86,16,0,0,63,.
2016,GIL,S,GIL_S,GIL_S_2016,GIL_S_2016,8,10,7,9,8.5,1.118033989,0,0,16,38,63,0,38,0,38,38,175,0,63,.
2016,GIL,S,GIL_S,GIL_S_2016,GIL_S_2016,4,20,4,4,8,6.92820323,0,0,3,63,63,16,16,0,16,86,2.75,0,0,.
2016,GIL,S,GIL_S,GIL_S_2016,GIL_S_2016,4,6,20,2,8,7.071067812,0,16,16,38,86,0,0,0,38,38,0,0,0,.
2016,GIL,S,GIL_S,GIL_S_2016,GIL_S_2016,20,1,1,1,5.75,8.227241336,16,16,0,38,38,16,3,0,38,38,0,0,0,.
2016,GIL,S,GIL_S,GIL_S_2016,GIL_S_2016,4,5,7,5,5.25,1.089724736,0,86,98,3,38,3,38,0,16,86,1.75,0,16,.
2016,GIL,S,GIL_S,GIL_S_2016,GIL_S_2016,4,5,4,4,4.25,0.433012702,3,16,63,16,86,3,0,0,98,3,0,0,3,.
2016,GIL,S,GIL_S,GIL_S_2016,GIL_S_2016,6,6,3,2,4.25,1.785357107,3,16,16,63,86,38,0,0,63,16,0.25,0,0,.
2016,GIL,S,GIL_S,GIL_S_2016,GIL_S_2016,5,4,3,5,4.25,0.829156198,0,63,98,3,63,16,0,0,86,3,0,0,38,.
2016,GIL,S,GIL_S,GIL_S_2016,GIL_S_2016,3,4,5,4,4,0.707106781,0,38,98,16,63,16,0,0,3,86,0.5,0,16,.
2016,GIL,S,GIL_S,GIL_S_2016,GIL_S_2016,5,6,2,1,3.5,2.061552813,3,63,98,16,38,3,0,0,3,86,3.25,0,16,.
2016,GIL,S,GIL_S,GIL_S_2016,GIL_S_2016,3,5,2,2,3,1.224744871,3,38,0,3,38,3,3,0,63,16,0.75,0,0,.
2016,GIL,S,GIL_S,GIL_S_2016,GIL_S_2016,2,3,3,2,2.5,0.5,3,86,98,3,38,3,16,0,16,63,0,0,16,.
2016,GIL,S,GIL_S,GIL_S_2016,GIL_S_2016,4,2,2,2,2.5,0.866025404,0,63,98,38,38,0,0,0,86,3,0,0,0,.
2016,GIL,S,GIL_S,GIL_S_2016,GIL_S_2016,3,4,1,2,2.5,1.118033989,16,16,63,16,38,16,0,0,38,38,0,0,63,.
2016,GIL,S,GIL_S,GIL_S_2016,GIL_S_2016,2,4,2,2,2.5,0.866025404,3,16,38,3,16,38,0,0,86,3,0,2,38,.
2016,GIL,S,GIL_S,GIL_S_2016,GIL_S_2016,1,2,3,3,2.25,0.829156198,3,86,0,0,63,3,0,0,38,38,0,0,38,.
2016,GIL,S,GIL_S,GIL_S_2016,GIL_S_2016,5,2,1,1,2.25,1.639359631,0,86,0,3,63,3,3,0,63,16,0,0,86,.
2016,GIL,S,GIL_S,GIL_S_2016,GIL_S_2016,1,1,1,1,1,0,16,0,0,16,63,1,0,0,98,3,0,0,0,.
2016,GIL,S,GIL_S,GIL_S_2016,GIL_S_2016,1,1,1,1,1,0,3,38,63,16,38,38,0,0,16,86,4.25,0,63,.
2016,GIL,S,GIL_S,GIL_S_2016,GIL_S_2016,0,0,1,2,0.75,0.829156198,16,38,0,3,38,38,3,0,38,38,0,0,0,.
2016,GIL,S,GIL_S,GIL_S_2016,GIL_S_2016,0,1,0,2,0.75,0.829156198,3,38,98,3,38,38,1,0,38,38,0,2,0,.
2016,GIL,S,GIL_S,GIL_S_2016,GIL_S_2016,0,0,3,0,0.75,1.299038106,38,3,98,3,16,16,0,0,63,16,0,0,16,.
2016,GIL,S,GIL_S,GIL_S_2016,GIL_S_2016,1,0,0,1,0.5,0.5,38,16,98,0,3,3,0,0,63,16,0.75,0,0,.
2016,GIL,S,GIL_S,GIL_S_2016,GIL_S_2016,0,1,0,1,0.5,0.5,38,3,0,3,38,38,0,0,38,38,1,0,0,.
2016,GIL,S,GIL_S,GIL_S_2016,GIL_S_2016,0,1,1,0,0.5,0.5,16,38,0,3,16,16,0,0,38,38,0,0,0,.
2016,GIL,S,GIL_S,GIL_S_2016,GIL_S_2016,1,0,0,1,0.5,0.5,3,63,98,3,16,3,0,0,16,86,0,0,38,.
2016,GIL,S,GIL_S,GIL_S_2016,GIL_S_2016,0,1,0,0,0.25,0.433012702,3,63,86,3,16,3,0,0,38,38,0,0,0,.
2016,GIL,S,GIL_S,GIL_S_2016,GIL_S_2016,0,0,0,0,0,0,38,38,63,3,16,3,0,0,38,38,0,0,63,.
2016,GIL,S,GIL_S,GIL_S_2016,GIL_S_2016,0,0,0,0,0,0,63,3,0,0,3,16,0,0,38,38,0.75,0,0,.
2016,KLN,C,KLN_C,KLN_C_2016,KLN_C_2016,4,6,5,5,5,0.707106781,86,3,0,16,16,3,0,0,3,63,6.5,1,0,.
2016,KLN,C,KLN_C,KLN_C_2016,KLN_C_2016,5,5,3,5,4.5,0.866025404,63,16,0,3,16,0,0,0,0,98,5.5,0,63,.
2016,KLN,C,KLN_C,KLN_C_2016,KLN_C_2016,3,4,5,5,4.25,0.829156198,16,16,63,3,38,1,0,0,0,98,5.5,0,3,.
2016,KLN,C,KLN_C,KLN_C_2016,KLN_C_2016,4,5,4,3,4,0.707106781,86,3,3,3,38,0,0,0,0,63,6.5,0,3,.
2016,KLN,C,KLN_C,KLN_C_2016,KLN_C_2016,3,5,4,4,4,0.707106781,38,3,3,16,16,0,0,0,3,86,1,0,16,.
2016,KLN,C,KLN_C,KLN_C_2016,KLN_C_2016,6,4,3,3,4,1.224744871,38,16,63,16,16,0,0,0,0,98,1.5,0,0,.
2016,KLN,C,KLN_C,KLN_C_2016,KLN_C_2016,3,3,5,5,4,1,16,16,0,3,63,3,0,0,0,98,3.5,0,0,.
2016,KLN,C,KLN_C,KLN_C_2016,KLN_C_2016,5,4,3,3,3.75,0.829156198,63,3,0,3,16,3,0,0,3,63,0.5,0,16,.
2016,KLN,C,KLN_C,KLN_C_2016,KLN_C_2016,5,3,4,3,3.75,0.829156198,63,16,0,16,16,3,0,0,0,63,7.5,0,38,.
2016,KLN,C,KLN_C,KLN_C_2016,KLN_C_2016,4,4,3,4,3.75,0.433012702,38,3,98,3,16,16,0,0,0,98,2.5,0,0,.
2016,KLN,C,KLN_C,KLN_C_2016,KLN_C_2016,3,3,3,5,3.5,0.866025404,86,3,63,3,16,3,0,0,0,98,2.5,0,0,.
2016,KLN,C,KLN_C,KLN_C_2016,KLN_C_2016,5,3,3,3,3.5,0.866025404,63,3,16,3,16,0,0,0,3,86,7,0,0,.
2016,KLN,C,KLN_C,KLN_C_2016,KLN_C_2016,3,3,4,3,3.25,0.433012702,63,3,63,3,16,1,0,0,0,98,3.5,0,16,.
2016,KLN,C,KLN_C,KLN_C_2016,KLN_C_2016,3,3,4,3,3.25,0.433012702,38,16,0,16,3,16,0,0,0,98,1.5,0,38,.
2016,KLN,C,KLN_C,KLN_C_2016,KLN_C_2016,2,3,4,3,3,0.707106781,3,38,0,3,3,16,0,0,3,38,0.25,0,0,.
2016,KLN,C,KLN_C,KLN_C_2016,KLN_C_2016,3,2,4,3,3,0.707106781,63,3,98,3,16,3,0,0,3,63,4,0,0,.
2016,KLN,C,KLN_C,KLN_C_2016,KLN_C_2016,3,3,3,3,3,0,63,3,0,3,3,3,0,0,3,63,1.5,0,0,.
2016,KLN,C,KLN_C,KLN_C_2016,KLN_C_2016,2,4,3,3,3,0.707106781,38,16,3,16,16,3,0,0,16,86,0.25,0,38,.
2016,KLN,C,KLN_C,KLN_C_2016,KLN_C_2016,2,3,4,3,3,0.707106781,38,16,3,3,38,0,0,0,0,98,2,0,38,.
2016,KLN,C,KLN_C,KLN_C_2016,KLN_C_2016,3,3,3,3,3,0,63,3,0,3,3,16,0,0,16,86,3.5,0,63,.
2016,KLN,C,KLN_C,KLN_C_2016,KLN_C_2016,3,2,3,3,2.75,0.433012702,38,3,3,3,16,3,0,0,3,98,2,0,38,.
2016,KLN,C,KLN_C,KLN_C_2016,KLN_C_2016,2,3,3,3,2.75,0.433012702,16,16,86,3,38,16,0,0,0,98,0.5,0,63,.
2016,KLN,C,KLN_C,KLN_C_2016,KLN_C_2016,3,3,3,2,2.75,0.433012702,38,3,0,3,16,0,0,0,16,86,0.5,0,38,.
2016,KLN,C,KLN_C,KLN_C_2016,KLN_C_2016,2,2,4,3,2.75,0.829156198,38,3,0,0,16,0,0,0,16,86,2.75,0,16,.
2016,KLN,C,KLN_C,KLN_C_2016,KLN_C_2016,1,1,3,5,2.5,1.658312395,16,38,0,16,16,3,0,0,3,86,3.5,0,16,.
2016,KLN,C,KLN_C,KLN_C_2016,KLN_C_2016,1,1,3,3,2,1,3,38,98,3,16,63,0,0,16,86,0.25,0,63,.
2016,KLN,C,KLN_C,KLN_C_2016,KLN_C_2016,2,2,2,2,2,0,16,16,0,16,38,38,0,0,16,86,0.5,0,3,.
2016,KLN,C,KLN_C,KLN_C_2016,KLN_C_2016,1,1,4,1,1.75,1.299038106,3,16,0,3,16,38,0,0,16,86,0,0,38,.
2016,KLN,C,KLN_C,KLN_C_2016,KLN_C_2016,1,2,1,3,1.75,0.829156198,16,16,0,3,3,38,0,0,16,86,2.5,0,0,.
2016,KLN,C,KLN_C,KLN_C_2016,KLN_C_2016,1,1,1,1,1,0,16,16,0,3,38,16,0,0,16,16,0,0,3,.
2016,KLN,E,KLN_E,KLN_E_2016,KLN_E_2016,1,20,0,1,5.5,8.381527307,0,0,0,3,1,0,38,0,86,16,0,0,0,.
2016,KLN,E,KLN_E,KLN_E_2016,KLN_E_2016,2,2,2,1,1.75,0.433012702,3,38,0,16,16,3,0,0,16,16,0,0,0,.
2016,KLN,E,KLN_E,KLN_E_2016,KLN_E_2016,2,2,1,1,1.5,0.5,16,63,0,16,3,3,0,0,16,16,0.25,0,98,.
2016,KLN,E,KLN_E,KLN_E_2016,KLN_E_2016,1,2,2,1,1.5,0.5,3,38,38,3,16,3,0,0,3,16,0,0,1,.
2016,KLN,E,KLN_E,KLN_E_2016,KLN_E_2016,1,1,2,2,1.5,0.5,0,38,3,38,3,38,0,0,3,3,0,0,0,.
2016,KLN,E,KLN_E,KLN_E_2016,KLN_E_2016,2,1,1,2,1.5,0.5,16,16,0,3,16,38,0,0,3,16,0.25,0,0,.
2016,KLN,E,KLN_E,KLN_E_2016,KLN_E_2016,1,1,1,1,1,0,3,16,0,3,1,38,0,0,16,16,0,0,0,.
2016,KLN,E,KLN_E,KLN_E_2016,KLN_E_2016,1,1,1,1,1,0,1,16,0,3,16,86,0,0,3,3,0,0,0,.
2016,KLN,E,KLN_E,KLN_E_2016,KLN_E_2016,1,1,1,1,1,0,16,16,0,3,38,86,0,0,3,3,0.25,0,0,.
2016,KLN,E,KLN_E,KLN_E_2016,KLN_E_2016,1,1,1,1,1,0,3,16,0,16,3,86,0,0,3,3,0.25,0,0,.
2016,KLN,E,KLN_E,KLN_E_2016,KLN_E_2016,1,1,1,1,1,0,16,16,86,16,38,3,0,0,16,16,0.5,0,0,.
2016,KLN,E,KLN_E,KLN_E_2016,KLN_E_2016,1,1,1,1,1,0,16,16,0,16,3,38,0,0,3,3,0,0,0,.
2016,KLN,E,KLN_E,KLN_E_2016,KLN_E_2016,1,1,1,1,1,0,0,16,0,16,38,16,0,0,16,3,0,0,0,.
2016,KLN,E,KLN_E,KLN_E_2016,KLN_E_2016,1,1,1,1,1,0,3,16,38,38,3,16,0,0,16,16,0,0,0,.
2016,KLN,E,KLN_E,KLN_E_2016,KLN_E_2016,1,1,1,1,1,0,0,16,0,3,16,63,0,0,16,3,0,0,0,.
2016,KLN,E,KLN_E,KLN_E_2016,KLN_E_2016,1,1,1,1,1,0,3,16,0,16,16,38,0,0,3,16,0,0,1,.
2016,KLN,E,KLN_E,KLN_E_2016,KLN_E_2016,1,1,1,1,1,0,0,86,98,16,3,16,0,0,16,86,0.5,0,0,.
2016,KLN,E,KLN_E,KLN_E_2016,KLN_E_2016,1,2,0,1,1,0.707106781,63,3,63,3,16,16,0,0,38,63,0,2,38,.
2016,KLN,E,KLN_E,KLN_E_2016,KLN_E_2016,2,1,0,1,1,0.707106781,3,38,16,38,38,3,0,0,3,86,0,0,0,.
2016,KLN,E,KLN_E,KLN_E_2016,KLN_E_2016,1,1,1,1,1,0,0,38,16,16,38,16,0,0,38,63,0.5,0,38,.
2016,KLN,E,KLN_E,KLN_E_2016,KLN_E_2016,0,1,1,1,0.75,0.433012702,38,3,98,3,3,38,0,0,63,38,0,0,0,.
2016,KLN,E,KLN_E,KLN_E_2016,KLN_E_2016,0,1,1,1,0.75,0.433012702,3,38,86,16,38,16,0,0,16,63,0,0,3,.
2016,KLN,E,KLN_E,KLN_E_2016,KLN_E_2016,1,1,0,0,0.5,0.5,3,63,86,3,3,16,0,0,16,86,0.5,0,0,.
2016,KLN,E,KLN_E,KLN_E_2016,KLN_E_2016,1,0,0,1,0.5,0.5,38,16,98,3,16,16,0,0,38,38,0,0,0,.
2016,KLN,E,KLN_E,KLN_E_2016,KLN_E_2016,1,0,1,0,0.5,0.5,3,63,0,16,3,38,0,0,38,38,0.5,0,0,.
2016,KLN,E,KLN_E,KLN_E_2016,KLN_E_2016,0,1,1,0,0.5,0.5,63,3,0,0,3,16,0,0,63,38,0,0,3,.
2016,KLN,E,KLN_E,KLN_E_2016,KLN_E_2016,0,1,0,0,0.25,0.433012702,3,63,98,3,16,16,0,0,3,86,0.5,0,63,.
2016,KLN,E,KLN_E,KLN_E_2016,KLN_E_2016,0,0,1,0,0.25,0.433012702,38,16,16,38,3,16,0,0,38,63,0.5,2,0,.
2016,KLN,E,KLN_E,KLN_E_2016,KLN_E_2016,0,0,1,0,0.25,0.433012702,38,38,0,16,16,3,0,0,63,16,0,0,0,.
2016,KLN,E,KLN_E,KLN_E_2016,KLN_E_2016,0,0,0,0,0,0,38,38,0,0,16,38,0,0,38,38,0,0,0,.
2016,KLN,W,KLN_W,KLN_W_2016,KLN_W_2016,2,4,3,5,3.5,1.118033989,38,16,0,3,38,0,0,0,0,98,1.5,0,16,.
2016,KLN,W,KLN_W,KLN_W_2016,KLN_W_2016,4,3,4,3,3.5,0.5,16,38,86,3,63,0,0,0,0,98,2,0,38,.
2016,KLN,W,KLN_W,KLN_W_2016,KLN_W_2016,2,3,4,4,3.25,0.829156198,63,16,0,3,16,3,0,0,3,98,1.25,0,3,.
2016,KLN,W,KLN_W,KLN_W_2016,KLN_W_2016,3,3,3,3,3,0,38,16,98,16,16,16,0,0,16,86,0.5,0,3,.
2016,KLN,W,KLN_W,KLN_W_2016,KLN_W_2016,3,2,3,4,3,0.707106781,38,16,0,3,38,0,0,0,0,98,4,0,3,.
2016,KLN,W,KLN_W,KLN_W_2016,KLN_W_2016,3,3,4,2,3,0.707106781,3,38,0,3,16,16,0,0,16,63,0.25,0,0,.
2016,KLN,W,KLN_W,KLN_W_2016,KLN_W_2016,3,2,2,5,3,1.224744871,38,38,0,3,38,16,0,0,0,98,2,0,0,.
2016,KLN,W,KLN_W,KLN_W_2016,KLN_W_2016,3,3,3,3,3,0,63,16,0,0,38,3,0,0,1,86,4.25,0,3,.
2016,KLN,W,KLN_W,KLN_W_2016,KLN_W_2016,2,4,3,3,3,0.707106781,63,3,0,0,16,0,0,0,3,86,2.5,0,63,.
2016,KLN,W,KLN_W,KLN_W_2016,KLN_W_2016,3,3,3,2,2.75,0.433012702,38,3,86,3,38,0,0,0,0,98,8,0,16,.
2016,KLN,W,KLN_W,KLN_W_2016,KLN_W_2016,3,2,2,4,2.75,0.829156198,16,16,0,1,63,63,0,0,16,86,0.25,0,0,.
2016,KLN,W,KLN_W,KLN_W_2016,KLN_W_2016,3,3,2,3,2.75,0.433012702,63,3,0,3,16,0,0,0,16,86,0,2,63,.
2016,KLN,W,KLN_W,KLN_W_2016,KLN_W_2016,2,3,3,2,2.5,0.5,3,63,0,3,63,0,0,0,0,98,4.5,0,38,.
2016,KLN,W,KLN_W,KLN_W_2016,KLN_W_2016,2,3,3,2,2.5,0.5,16,16,0,16,38,16,0,0,0,98,2,0,38,.
2016,KLN,W,KLN_W,KLN_W_2016,KLN_W_2016,3,2,3,2,2.5,0.5,63,3,98,3,63,0,0,0,3,86,1,0,3,.
2016,KLN,W,KLN_W,KLN_W_2016,KLN_W_2016,2,2,3,2,2.25,0.433012702,63,3,0,0,38,16,0,0,3,98,1,0,0,.
2016,KLN,W,KLN_W,KLN_W_2016,KLN_W_2016,2,3,2,2,2.25,0.433012702,3,16,16,38,38,3,0,0,3,86,1,1,0,.
2016,KLN,W,KLN_W,KLN_W_2016,KLN_W_2016,2,2,3,2,2.25,0.433012702,38,16,0,3,3,38,0,0,3,86,4,1,16,.
2016,KLN,W,KLN_W,KLN_W_2016,KLN_W_2016,1,2,3,2,2,0.707106781,3,63,0,1,16,63,0,0,3,98,0.25,0,0,.
2016,KLN,W,KLN_W,KLN_W_2016,KLN_W_2016,2,1,2,3,2,0.707106781,3,16,0,16,38,16,0,0,3,86,2,0,0,.
2016,KLN,W,KLN_W,KLN_W_2016,KLN_W_2016,2,2,2,2,2,0,0,38,0,3,38,3,0,0,0,98,1.5,2,0,.
2016,KLN,W,KLN_W,KLN_W_2016,KLN_W_2016,2,3,1,2,2,0.707106781,63,3,0,3,16,3,0,0,3,86,2.75,2,38,.
2016,KLN,W,KLN_W,KLN_W_2016,KLN_W_2016,2,3,1,2,2,0.707106781,63,16,86,3,16,3,0,0,3,86,2.75,1,16,.
2016,KLN,W,KLN_W,KLN_W_2016,KLN_W_2016,2,2,2,2,2,0,38,38,0,0,16,3,0,0,1,86,1.5,0,3,.
2016,KLN,W,KLN_W,KLN_W_2016,KLN_W_2016,1,2,1,2,1.5,0.5,3,3,0,16,16,38,0,0,38,63,0,0,0,.
2016,KLN,W,KLN_W,KLN_W_2016,KLN_W_2016,1,1,2,2,1.5,0.5,16,38,0,3,16,38,0,0,16,86,0.5,0,3,.
2016,KLN,W,KLN_W,KLN_W_2016,KLN_W_2016,1,2,1,2,1.5,0.5,16,16,0,16,38,38,0,0,63,38,0,0,0,.
2016,KLN,W,KLN_W,KLN_W_2016,KLN_W_2016,2,1,1,0,1,0.707106781,0,63,98,3,38,16,0,0,16,63,0,0,16,.
2016,KLN,W,KLN_W,KLN_W_2016,KLN_W_2016,1,0,0,1,0.5,0.5,3,63,0,3,16,38,0,0,3,98,0,0,0,.
2016,KLN,W,KLN_W,KLN_W_2016,KLN_W_2016,0,0,0,0,0,0,38,3,0,0,3,38,0,0,3,63,0.5,0,38,.
2016,KLT,E,KLT_E,KLT_E_2016,KLT_E_2016,14,20,15,16,16.25,2.277608395,86,0,0,16,63,0,0,0,16,86,0,0,3,.
2016,KLT,E,KLT_E,KLT_E_2016,KLT_E_2016,20,14,11,14,14.75,3.269174208,3,0,0,16,86,16,0,0,3,98,1,0,38,.
2016,KLT,E,KLT_E,KLT_E_2016,KLT_E_2016,13,14,14,17,14.5,1.5,38,0,0,3,86,16,0,0,3,98,3,0,16,.
2016,KLT,E,KLT_E,KLT_E_2016,KLT_E_2016,10,10,20,16,14,4.242640687,0,0,0,3,16,0,63,0,1,98,4,0,0,.
2016,KLT,E,KLT_E,KLT_E_2016,KLT_E_2016,13,12,11,20,14,3.535533906,0,0,0,16,16,0,98,0,3,98,11,0,0,.
2016,KLT,E,KLT_E,KLT_E_2016,KLT_E_2016,13,16,9,12,12.5,2.5,0,0,38,86,86,0,0,0,16,86,3,0,0,.
2016,KLT,E,KLT_E,KLT_E_2016,KLT_E_2016,13,8,11,15,11.75,2.586020108,16,0,0,38,86,3,0,0,3,98,3.5,0,63,.
2016,KLT,E,KLT_E,KLT_E_2016,KLT_E_2016,10,10,6,14,10,2.828427125,63,0,0,3,63,0,0,0,38,63,0,0,86,.
2016,KLT,E,KLT_E,KLT_E_2016,KLT_E_2016,10,9,9,10,9.5,0.5,16,0,0,38,86,16,0,0,38,63,0.25,0,38,.
2016,KLT,E,KLT_E,KLT_E_2016,KLT_E_2016,10,7,6,11,8.5,2.061552813,0,0,0,63,86,0,0,0,3,98,1.5,0,38,.
2016,KLT,E,KLT_E,KLT_E_2016,KLT_E_2016,9,7,9,6,7.75,1.299038106,16,0,0,38,63,3,0,0,3,98,0,0,63,.
2016,KLT,E,KLT_E,KLT_E_2016,KLT_E_2016,7,3,8,11,7.25,2.861380786,38,0,0,16,38,16,0,0,3,98,1.5,0,38,.
2016,KLT,E,KLT_E,KLT_E_2016,KLT_E_2016,7,5,7,9,7,1.414213562,38,0,0,16,86,0,0,0,63,38,0,0,16,.
2016,KLT,E,KLT_E,KLT_E_2016,KLT_E_2016,4,16,3,4,6.75,5.356071321,3,0,0,63,16,63,0,0,3,98,1,0,0,.
2016,KLT,E,KLT_E,KLT_E_2016,KLT_E_2016,6,6,5,9,6.5,1.5,38,0,0,38,16,3,0,0,3,98,0.5,0,98,.
2016,KLT,E,KLT_E,KLT_E_2016,KLT_E_2016,7,6,5,7,6.25,0.829156198,63,0,0,3,16,16,0,0,16,86,0.5,0,38,.
2016,KLT,E,KLT_E,KLT_E_2016,KLT_E_2016,8,8,5,3,6,2.121320344,63,3,38,16,38,16,3,0,1,86,0.5,0,3,.
2016,KLT,E,KLT_E,KLT_E_2016,KLT_E_2016,6,5,6,7,6,0.707106781,63,0,0,16,38,3,0,0,3,98,0.5,0,86,.
2016,KLT,E,KLT_E,KLT_E_2016,KLT_E_2016,6,5,7,6,6,0.707106781,38,0,0,3,38,63,0,0,1,98,1,0,38,.
2016,KLT,E,KLT_E,KLT_E_2016,KLT_E_2016,8,7,3,5,5.75,1.920286437,0,0,0,16,63,16,0,0,1,98,1,0,0,.
2016,KLT,E,KLT_E,KLT_E_2016,KLT_E_2016,7,5,4,6,5.5,1.118033989,16,0,0,38,38,16,0,0,3,98,0.5,0,86,.
2016,KLT,E,KLT_E,KLT_E_2016,KLT_E_2016,7,5,4,5,5.25,1.089724736,16,0,3,38,63,3,0,0,16,86,0,0,38,.
2016,KLT,E,KLT_E,KLT_E_2016,KLT_E_2016,3,5,5,5,4.5,0.866025404,63,0,0,3,16,38,0,0,16,86,2,0,63,.
2016,KLT,E,KLT_E,KLT_E_2016,KLT_E_2016,3,4,5,6,4.5,1.118033989,38,0,86,3,38,16,0,0,38,63,0,0,0,.
2016,KLT,E,KLT_E,KLT_E_2016,KLT_E_2016,5,3,4,5,4.25,0.829156198,63,0,0,0,16,3,0,0,16,86,0.25,0,0,.
2016,KLT,E,KLT_E,KLT_E_2016,KLT_E_2016,2,5,5,2,3.5,1.5,0,3,0,38,16,16,0,0,3,98,3,0,38,.
2016,KLT,E,KLT_E,KLT_E_2016,KLT_E_2016,3,3,5,3,3.5,0.866025404,38,0,0,0,3,1,0,0,38,63,0.25,0,0,.
2016,KLT,E,KLT_E,KLT_E_2016,KLT_E_2016,4,3,3,3,3.25,0.433012702,3,3,3,38,16,38,16,0,1,98,1.5,0,3,.
2016,KLT,E,KLT_E,KLT_E_2016,KLT_E_2016,3,4,2,3,3,0.707106781,0,0,16,38,38,3,0,0,16,86,2,0,0,.
2016,KLT,E,KLT_E,KLT_E_2016,KLT_E_2016,3,3,2,4,3,0.707106781,38,0,0,0,3,0,0,0,38,63,0,0,3,.
2016,KLT,S,KLT_S,KLT_S_2016,KLT_S_2016,16,17,20,20,18.25,1.785357107,0,0,0,16,16,0,86,0,1,98,3,0,0,.
2016,KLT,S,KLT_S,KLT_S_2016,KLT_S_2016,11,17,20,19,16.75,3.491060011,0,0,86,38,63,3,38,0,3,98,3,0,0,.
2016,KLT,S,KLT_S,KLT_S_2016,KLT_S_2016,15,19,14,16,16,1.870828693,0,0,0,63,38,0,38,0,3,98,0.5,0,0,.
2016,KLT,S,KLT_S,KLT_S_2016,KLT_S_2016,11,12,20,10,13.25,3.960744879,38,1,0,16,86,0,0,0,63,38,0.25,0,3,.
2016,KLT,S,KLT_S,KLT_S_2016,KLT_S_2016,10,12,12,15,12.25,1.785357107,86,0,0,3,38,0,0,0,63,16,0.5,0,86,.
2016,KLT,S,KLT_S,KLT_S_2016,KLT_S_2016,10,8,15,15,12,3.082207001,0,0,16,38,86,3,0,0,3,98,1.75,0,0,.
2016,KLT,S,KLT_S,KLT_S_2016,KLT_S_2016,15,10,11,11,11.75,1.920286437,0,0,63,38,98,0,0,0,1,98,2,0,0,.
2016,KLT,S,KLT_S,KLT_S_2016,KLT_S_2016,11,10,9,11,10.25,0.829156198,63,3,0,0,63,0,0,0,86,16,0.5,0,0,.
2016,KLT,S,KLT_S,KLT_S_2016,KLT_S_2016,17,13,5,5,10,5.196152423,0,0,0,63,38,0,0,0,3,98,2,0,63,.
2016,KLT,S,KLT_S,KLT_S_2016,KLT_S_2016,8,10,10,11,9.75,1.089724736,0,0,3,98,16,0,0,0,16,86,1.5,0,3,.
2016,KLT,S,KLT_S,KLT_S_2016,KLT_S_2016,9,8,11,10,9.5,1.118033989,0,0,3,63,86,3,0,0,3,86,2,0,0,.
2016,KLT,S,KLT_S,KLT_S_2016,KLT_S_2016,10,9,9,9,9.25,0.433012702,63,0,0,0,16,16,0,0,38,38,0,0,38,.
2016,KLT,S,KLT_S,KLT_S_2016,KLT_S_2016,9,10,9,8,9,0.707106781,63,0,0,3,63,3,0,0,86,16,1,2,0,.
2016,KLT,S,KLT_S,KLT_S_2016,KLT_S_2016,7,4,16,8,8.75,4.437059837,0,0,3,63,38,63,16,0,16,86,6,0,0,.
2016,KLT,S,KLT_S,KLT_S_2016,KLT_S_2016,7,10,8,9,8.5,1.118033989,63,0,0,3,16,3,0,0,86,16,0,2,38,.
2016,KLT,S,KLT_S,KLT_S_2016,KLT_S_2016,11,7,6,9,8.25,1.920286437,0,0,0,63,38,0,3,0,3,98,1.25,0,0,.
2016,KLT,S,KLT_S,KLT_S_2016,KLT_S_2016,6,7,9,9,7.75,1.299038106,63,0,0,0,38,0,0,0,86,16,0,0,0,.
2016,KLT,S,KLT_S,KLT_S_2016,KLT_S_2016,10,6,7,7,7.5,1.5,86,0,86,3,16,0,0,0,98,3,0.5,1,16,.
2016,KLT,S,KLT_S,KLT_S_2016,KLT_S_2016,3,19,4,3,7.25,6.79613861,0,0,0,86,38,3,0,0,3,98,1,0,0,.
2016,KLT,S,KLT_S,KLT_S_2016,KLT_S_2016,7,8,7,7,7.25,0.433012702,86,0,0,16,38,3,0,0,3,86,1,0,3,.
2016,KLT,S,KLT_S,KLT_S_2016,KLT_S_2016,7,5,7,10,7.25,1.785357107,63,0,0,3,3,16,0,0,0,86,1.5,0,0,.
2016,KLT,S,KLT_S,KLT_S_2016,KLT_S_2016,7,8,7,7,7.25,0.433012702,86,0,0,3,38,3,0,0,1,98,2,0,0,.
2016,KLT,S,KLT_S,KLT_S_2016,KLT_S_2016,5,16,4,4,7.25,5.068283733,0,0,0,86,0,16,38,0,16,86,2.5,0,0,.
2016,KLT,S,KLT_S,KLT_S_2016,KLT_S_2016,7,8,6,8,7.25,0.829156198,38,3,0,3,16,16,0,0,86,16,0,2,0,.
2016,KLT,S,KLT_S,KLT_S_2016,KLT_S_2016,6,7,8,7,7,0.707106781,63,0,98,3,16,1,0,0,86,16,1.5,0,0,.
2016,KLT,S,KLT_S,KLT_S_2016,KLT_S_2016,8,4,7,7,6.5,1.5,16,0,3,38,16,16,0,0,16,86,1,0,86,.
2016,KLT,S,KLT_S,KLT_S_2016,KLT_S_2016,5,5,7,7,6,1,38,0,0,0,38,16,0,0,16,86,0,0,16,.
2016,KLT,S,KLT_S,KLT_S_2016,KLT_S_2016,5,5,6,6,5.5,0.5,63,0,0,0,3,3,0,0,3,98,1,0,0,.
2016,KLT,S,KLT_S,KLT_S_2016,KLT_S_2016,5,5,5,7,5.5,0.866025404,63,0,0,0,16,16,0,0,1,98,2,0,38,.
2016,KLT,S,KLT_S,KLT_S_2016,KLT_S_2016,2,5,4,2,3.25,1.299038106,38,0,0,3,3,3,0,0,16,86,1.5,2,0,.
2016,KLT,W,KLT_W,KLT_W_2016,KLT_W_2016,20,20,20,20,20,0,3,0,0,0,63,0,38,0,0,98,0,0,0,.
2016,KLT,W,KLT_W,KLT_W_2016,KLT_W_2016,20,20,20,15,18.75,2.165063509,16,0,0,38,63,0,0,0,0,86,1,0,0,.
2016,KLT,W,KLT_W,KLT_W_2016,KLT_W_2016,20,13,20,20,18.25,3.031088913,0,0,0,3,98,3,0,0,16,86,4,0,16,.
2016,KLT,W,KLT_W,KLT_W_2016,KLT_W_2016,20,13,20,20,18.25,3.031088913,16,0,0,0,86,16,0,0,16,86,0.75,0,86,.
2016,KLT,W,KLT_W,KLT_W_2016,KLT_W_2016,20,14,16,17,16.75,2.165063509,0,0,0,16,86,0,16,0,16,86,0.5,0,16,.
2016,KLT,W,KLT_W,KLT_W_2016,KLT_W_2016,13,12,20,20,16.25,3.766629793,86,0,0,0,38,16,0,0,0,98,1.25,0,38,.
2016,KLT,W,KLT_W,KLT_W_2016,KLT_W_2016,10,15,20,20,16.25,4.145780988,16,0,98,1,86,16,0,0,3,98,0,0,38,.
2016,KLT,W,KLT_W,KLT_W_2016,KLT_W_2016,13,13,8,11,11.25,2.046338193,3,0,0,3,86,38,0,0,3,98,0,0,16,.
2016,KLT,W,KLT_W,KLT_W_2016,KLT_W_2016,10,12,11,10,10.75,0.829156198,3,0,0,86,86,0,0,0,16,86,0,0,16,.
2016,KLT,W,KLT_W,KLT_W_2016,KLT_W_2016,9,10,10,12,10.25,1.089724736,38,0,0,16,86,3,0,0,3,98,1,0,38,.
2016,KLT,W,KLT_W,KLT_W_2016,KLT_W_2016,10,8,11,7,9,1.58113883,38,0,0,3,38,38,16,0,1,98,1,1,16,.
2016,KLT,W,KLT_W,KLT_W_2016,KLT_W_2016,8,7,10,10,8.75,1.299038106,38,0,0,16,38,38,0,0,3,98,1,0,38,.
2016,KLT,W,KLT_W,KLT_W_2016,KLT_W_2016,10,8,8,8,8.5,0.866025404,86,0,0,0,38,16,0,0,16,63,0,0,98,.
2016,KLT,W,KLT_W,KLT_W_2016,KLT_W_2016,7,8,8,10,8.25,1.089724736,16,0,0,63,38,16,0,0,16,86,0,0,86,.
2016,KLT,W,KLT_W,KLT_W_2016,KLT_W_2016,9,6,7,8,7.5,1.118033989,38,0,0,3,63,16,0,0,16,86,0.5,0,38,.
2016,KLT,W,KLT_W,KLT_W_2016,KLT_W_2016,7,6,7,7,6.75,0.433012702,86,0,0,3,16,3,0,0,3,86,1,0,63,.
2016,KLT,W,KLT_W,KLT_W_2016,KLT_W_2016,12,2,10,3,6.75,4.322904116,16,3,16,16,16,63,0,0,3,98,0,0,0,.
2016,KLT,W,KLT_W,KLT_W_2016,KLT_W_2016,7,7,5,8,6.75,1.089724736,86,0,0,3,16,0,0,0,0,86,1.5,0,86,.
2016,KLT,W,KLT_W,KLT_W_2016,KLT_W_2016,7,6,6,7,6.5,0.5,86,0,0,0,38,3,0,0,16,86,0,0,86,.
2016,KLT,W,KLT_W,KLT_W_2016,KLT_W_2016,9,7,6,3,6.25,2.165063509,38,0,0,16,38,3,0,0,16,86,0,0,86,.
2016,KLT,W,KLT_W,KLT_W_2016,KLT_W_2016,7,5,7,4,5.75,1.299038106,63,1,98,3,16,1,0,0,1,98,1.5,0,38,.
2016,KLT,W,KLT_W,KLT_W_2016,KLT_W_2016,5,5,5,8,5.75,1.299038106,16,0,0,3,63,3,0,0,16,86,1,0,38,.
2016,KLT,W,KLT_W,KLT_W_2016,KLT_W_2016,5,6,7,5,5.75,0.829156198,63,0,0,0,16,16,0,0,16,63,0.25,0,38,.
2016,KLT,W,KLT_W,KLT_W_2016,KLT_W_2016,5,6,7,5,5.75,0.829156198,86,0,0,0,16,16,0,0,16,86,0.25,0,0,.
2016,KLT,W,KLT_W,KLT_W_2016,KLT_W_2016,6,6,6,5,5.75,0.433012702,86,0,98,3,16,16,0,0,63,38,0,0,98,.
2016,KLT,W,KLT_W,KLT_W_2016,KLT_W_2016,7,6,4,3,5,1.58113883,86,3,86,3,3,3,0,0,63,38,0,0,0,.
2016,KLT,W,KLT_W,KLT_W_2016,KLT_W_2016,4,7,3,5,4.75,1.479019946,16,3,86,3,16,63,0,0,86,16,0,0,0,.
2016,KLT,W,KLT_W,KLT_W_2016,KLT_W_2016,5,6,4,4,4.75,0.829156198,86,0,38,3,16,1,0,0,3,98,1.5,0,38,.
2016,KLT,W,KLT_W,KLT_W_2016,KLT_W_2016,4,3,4,2,3.25,0.829156198,63,0,0,3,3,3,0,0,1,98,0.5,2,98,.
2016,KLT,W,KLT_W,KLT_W_2016,KLT_W_2016,3,3,3,4,3.25,0.433012702,63,0,0,0,3,3,0,0,98,3,0,0,0,.
2016,LTR,C,LTR_C,LTR_C_2016,LTR_C_2016,5,7,2,2,4,2.121320344,0,63,98,3,3,0,0,0,16,86,0.25,0,0,.
2016,LTR,C,LTR_C,LTR_C_2016,LTR_C_2016,3,5,4,2,3.5,1.118033989,3,38,98,3,38,3,0,0,1,98,0.25,0,0,.
2016,LTR,C,LTR_C,LTR_C_2016,LTR_C_2016,2,4,4,3,3.25,0.829156198,0,16,86,16,38,16,16,0,16,63,0,1,0,.
2016,LTR,C,LTR_C,LTR_C_2016,LTR_C_2016,3,3,3,3,3,0,0,16,86,16,86,3,16,0,16,86,0,1,16,.
2016,LTR,C,LTR_C,LTR_C_2016,LTR_C_2016,4,2,2,3,2.75,0.829156198,16,0,38,16,38,3,0,0,38,63,0.75,2,86,.
2016,LTR,C,LTR_C,LTR_C_2016,LTR_C_2016,2,4,3,2,2.75,0.829156198,38,0,16,3,38,3,3,0,86,3,1.5,2,86,.
2016,LTR,C,LTR_C,LTR_C_2016,LTR_C_2016,2,4,2,3,2.75,0.829156198,16,0,86,16,16,3,3,0,16,86,0,0,0,.
2016,LTR,C,LTR_C,LTR_C_2016,LTR_C_2016,4,1,2,3,2.5,1.118033989,16,0,86,16,16,16,3,0,0,0,0,2,0,.
2016,LTR,C,LTR_C,LTR_C_2016,LTR_C_2016,4,2,2,2,2.5,0.866025404,16,0,38,16,38,3,0,0,3,98,1.5,2,0,.
2016,LTR,C,LTR_C,LTR_C_2016,LTR_C_2016,2,3,3,2,2.5,0.5,16,0,86,16,38,3,0,0,3,86,0,2,16,.
2016,LTR,C,LTR_C,LTR_C_2016,LTR_C_2016,2,2,2,4,2.5,0.866025404,38,3,16,3,38,16,0,0,63,63,0,2,3,.
2016,LTR,C,LTR_C,LTR_C_2016,LTR_C_2016,3,3,2,2,2.5,0.5,3,3,98,16,63,16,0,0,38,38,0,1,0,.
2016,LTR,C,LTR_C,LTR_C_2016,LTR_C_2016,2,2,2,3,2.25,0.433012702,16,0,3,38,16,16,0,0,16,86,2.5,2,63,.
2016,LTR,C,LTR_C,LTR_C_2016,LTR_C_2016,3,2,2,2,2.25,0.433012702,38,3,63,3,38,3,0,0,16,86,0.25,2,38,.
2016,LTR,C,LTR_C,LTR_C_2016,LTR_C_2016,2,2,2,3,2.25,0.433012702,0,63,98,16,3,1,0,0,16,86,0,0,0,.
2016,LTR,C,LTR_C,LTR_C_2016,LTR_C_2016,2,2,2,3,2.25,0.433012702,38,0,98,3,16,3,0,0,1,98,1,0,0,.
2016,LTR,C,LTR_C,LTR_C_2016,LTR_C_2016,1,1,2,5,2.25,1.639359631,16,16,63,16,38,3,0,0,3,98,0,0,63,.
2016,LTR,C,LTR_C,LTR_C_2016,LTR_C_2016,3,2,1,3,2.25,0.829156198,3,16,98,3,63,16,3,0,63,38,0,1,3,.
2016,LTR,C,LTR_C,LTR_C_2016,LTR_C_2016,2,2,2,2,2,0,38,0,86,16,16,16,0,0,16,86,1.25,2,86,.
2016,LTR,C,LTR_C,LTR_C_2016,LTR_C_2016,2,2,1,3,2,0.707106781,0,16,3,3,16,63,0,0,63,16,0,0,0,.
2016,LTR,C,LTR_C,LTR_C_2016,LTR_C_2016,1,1,1,5,2,1.732050808,3,16,86,3,16,38,0,0,63,38,0,1,86,.
2016,LTR,C,LTR_C,LTR_C_2016,LTR_C_2016,2,1,2,2,1.75,0.433012702,16,3,63,3,38,16,0,0,16,86,0,2,16,.
2016,LTR,C,LTR_C,LTR_C_2016,LTR_C_2016,1,1,2,3,1.75,0.829156198,3,3,86,16,63,3,0,0,63,38,0,2,3,.
2016,LTR,C,LTR_C,LTR_C_2016,LTR_C_2016,3,1,2,1,1.75,0.829156198,3,16,98,3,16,38,0,0,86,16,0,0,63,.
2016,LTR,C,LTR_C,LTR_C_2016,LTR_C_2016,1,3,1,2,1.75,0.829156198,3,16,86,16,38,16,0,0,3,86,0,0,0,.
2016,LTR,C,LTR_C,LTR_C_2016,LTR_C_2016,2,2,1,1,1.5,0.5,16,1,86,16,16,16,0,0,16,63,0,0,0,.
2016,LTR,C,LTR_C,LTR_C_2016,LTR_C_2016,2,1,1,2,1.5,0.5,3,16,98,3,86,16,0,0,38,38,0,0,0,.
2016,LTR,C,LTR_C,LTR_C_2016,LTR_C_2016,1,1,2,1,1.25,0.433012702,0,38,38,3,3,3,0,0,3,86,0,0,0,.
2016,LTR,C,LTR_C,LTR_C_2016,LTR_C_2016,1,1,1,1,1,0,1,38,0,38,16,38,0,0,16,86,0,0,0,.
2016,LTR,C,LTR_C,LTR_C_2016,LTR_C_2016,1,1,1,1,1,0,1,16,98,3,16,38,16,0,86,16,0,0,0,.
2016,LTR,E,LTR_E,LTR_E_2016,LTR_E_2016,3,4,3,6,4,1.224744871,3,3,63,16,63,3,3,0,86,3,0.25,0,1,.
2016,LTR,E,LTR_E,LTR_E_2016,LTR_E_2016,4,5,4,3,4,0.707106781,0,0,98,16,63,0,0,0,38,38,0,0,0,.
2016,LTR,E,LTR_E,LTR_E_2016,LTR_E_2016,3,4,4,4,3.75,0.433012702,38,0,98,3,16,0,0,0,16,86,3,0,38,.
2016,LTR,E,LTR_E,LTR_E_2016,LTR_E_2016,1,2,2,5,2.5,1.5,16,3,63,16,38,16,0,0,38,63,0,2,63,.
2016,LTR,E,LTR_E,LTR_E_2016,LTR_E_2016,4,3,1,2,2.5,1.118033989,1,16,16,16,38,16,0,0,38,63,0,1,63,.
2016,LTR,E,LTR_E,LTR_E_2016,LTR_E_2016,1,3,2,4,2.5,1.118033989,3,3,38,16,38,16,0,0,16,86,0,0,1,.
2016,LTR,E,LTR_E,LTR_E_2016,LTR_E_2016,2,2,4,1,2.25,1.089724736,3,3,63,3,63,16,0,0,0,0,0,2,0,.
2016,LTR,E,LTR_E,LTR_E_2016,LTR_E_2016,2,3,2,2,2.25,0.433012702,16,0,63,16,63,3,0,0,16,86,1.75,1,3,.
2016,LTR,E,LTR_E,LTR_E_2016,LTR_E_2016,2,1,4,2,2.25,1.089724736,3,16,3,3,16,16,0,0,3,86,0,0,0,.
2016,LTR,E,LTR_E,LTR_E_2016,LTR_E_2016,3,1,2,2,2,0.707106781,3,16,98,3,38,16,0,0,0,0,0,0,0,.
2016,LTR,E,LTR_E,LTR_E_2016,LTR_E_2016,2,2,2,2,2,0,0,3,3,38,38,38,0,0,16,86,0,0,3,.
2016,LTR,E,LTR_E,LTR_E_2016,LTR_E_2016,2,2,2,2,2,0,3,1,16,16,63,16,0,0,38,63,0,1,0,.
2016,LTR,E,LTR_E,LTR_E_2016,LTR_E_2016,1,3,2,2,2,0.707106781,0,3,63,16,38,38,0,0,38,63,0,0,0,.
2016,LTR,E,LTR_E,LTR_E_2016,LTR_E_2016,2,1,1,3,1.75,0.829156198,16,3,86,3,38,16,0,0,63,38,0,1,16,.
2016,LTR,E,LTR_E,LTR_E_2016,LTR_E_2016,2,1,2,2,1.75,0.433012702,3,38,86,16,38,16,0,0,38,38,0.5,1,3,.
2016,LTR,E,LTR_E,LTR_E_2016,LTR_E_2016,2,2,2,1,1.75,0.433012702,16,3,98,16,86,3,0,0,16,86,0,2,3,.
2016,LTR,E,LTR_E,LTR_E_2016,LTR_E_2016,2,1,2,1,1.5,0.5,3,3,86,3,38,16,0,0,38,38,0,1,16,.
2016,LTR,E,LTR_E,LTR_E_2016,LTR_E_2016,2,2,1,1,1.5,0.5,16,3,38,16,63,16,0,0,3,86,0,0,0,.
2016,LTR,E,LTR_E,LTR_E_2016,LTR_E_2016,2,1,2,1,1.5,0.5,16,3,63,3,63,38,0,0,3,86,1.25,0,3,.
2016,LTR,E,LTR_E,LTR_E_2016,LTR_E_2016,2,1,1,1,1.25,0.433012702,16,3,86,3,38,16,0,0,38,63,0,0,1,.
2016,LTR,E,LTR_E,LTR_E_2016,LTR_E_2016,1,2,1,1,1.25,0.433012702,16,3,63,3,16,16,0,0,86,16,0,2,38,.
2016,LTR,E,LTR_E,LTR_E_2016,LTR_E_2016,1,1,1,2,1.25,0.433012702,16,3,38,3,38,16,0,0,38,63,0,2,0,.
2016,LTR,E,LTR_E,LTR_E_2016,LTR_E_2016,1,2,1,1,1.25,0.433012702,0,63,38,3,16,3,0,0,16,63,0,0,0,.
2016,LTR,E,LTR_E,LTR_E_2016,LTR_E_2016,1,1,1,2,1.25,0.433012702,38,3,3,16,16,16,0,0,16,86,0.5,1,86,.
2016,LTR,E,LTR_E,LTR_E_2016,LTR_E_2016,1,1,1,1,1,0,16,3,63,16,38,38,0,0,38,63,0,1,0,.
2016,LTR,E,LTR_E,LTR_E_2016,LTR_E_2016,1,1,1,1,1,0,1,63,0,3,16,3,0,0,3,86,0,0,0,.
2016,LTR,E,LTR_E,LTR_E_2016,LTR_E_2016,1,1,1,1,1,0,3,3,86,3,16,38,0,0,86,16,0,2,0,.
2016,LTR,E,LTR_E,LTR_E_2016,LTR_E_2016,1,1,1,1,1,0,3,3,86,16,16,38,3,0,63,16,0,2,16,.
2016,LTR,E,LTR_E,LTR_E_2016,LTR_E_2016,1,1,1,1,1,0,1,3,0,16,3,63,0,0,38,16,0,0,0,.
2016,LTR,E,LTR_E,LTR_E_2016,LTR_E_2016,0,2,2,0,1,1,3,3,3,38,16,16,0,0,16,86,0,0,0,.
2016,LTR,W,LTR_W,LTR_W_2016,LTR_W_2016,4,4,6,5,4.75,0.829156198,38,0,86,16,38,3,1,3,1,86,0.5,1,3,.
2016,LTR,W,LTR_W,LTR_W_2016,LTR_W_2016,5,4,3,5,4.25,0.829156198,16,0,86,16,38,3,0,0,3,86,0,2,16,.
2016,LTR,W,LTR_W,LTR_W_2016,LTR_W_2016,2,5,3,2,3,1.224744871,16,38,98,38,16,0,0,0,63,16,0,0,0,.
2016,LTR,W,LTR_W,LTR_W_2016,LTR_W_2016,3,6,2,1,3,1.870828693,63,3,86,3,16,3,0,0,3,98,1.75,1,0,.
2016,LTR,W,LTR_W,LTR_W_2016,LTR_W_2016,3,3,2,3,2.75,0.433012702,3,38,63,3,63,3,3,0,3,86,1.5,1,63,.
2016,LTR,W,LTR_W,LTR_W_2016,LTR_W_2016,3,3,2,2,2.5,0.5,16,3,86,16,16,16,0,0,16,63,0,0,1,.
2016,LTR,W,LTR_W,LTR_W_2016,LTR_W_2016,3,1,3,2,2.25,0.829156198,63,16,63,16,3,3,0,0,3,98,3.25,0,86,.
2016,LTR,W,LTR_W,LTR_W_2016,LTR_W_2016,2,3,2,2,2.25,0.433012702,16,0,86,16,16,3,0,0,3,98,0.5,0,0,.
2016,LTR,W,LTR_W,LTR_W_2016,LTR_W_2016,2,2,1,3,2,0.707106781,16,3,63,3,16,0,3,0,3,86,2.25,2,63,.
2016,LTR,W,LTR_W,LTR_W_2016,LTR_W_2016,2,3,2,1,2,0.707106781,16,3,38,3,16,16,0,0,16,86,0,2,38,.
2016,LTR,W,LTR_W,LTR_W_2016,LTR_W_2016,2,2,2,2,2,0,16,16,86,38,16,1,3,0,3,86,1,2,0,.
2016,LTR,W,LTR_W,LTR_W_2016,LTR_W_2016,2,1,3,2,2,0.707106781,38,3,86,3,16,3,3,0,3,86,0.5,1,16,.
2016,LTR,W,LTR_W,LTR_W_2016,LTR_W_2016,2,2,2,2,2,0,16,3,86,16,16,3,0,0,3,86,0.75,2,38,.
2016,LTR,W,LTR_W,LTR_W_2016,LTR_W_2016,2,2,2,2,2,0,16,3,63,3,16,16,0,0,3,98,0.75,0,1,.
2016,LTR,W,LTR_W,LTR_W_2016,LTR_W_2016,2,2,2,1,1.75,0.433012702,38,3,63,16,3,16,0,0,1,98,0.5,2,3,.
2016,LTR,W,LTR_W,LTR_W_2016,LTR_W_2016,1,1,1,3,1.5,0.866025404,16,16,3,16,38,1,0,0,3,86,0,2,98,.
2016,LTR,W,LTR_W,LTR_W_2016,LTR_W_2016,2,2,1,1,1.5,0.5,16,3,86,3,16,3,3,0,3,98,0.5,0,3,.
2016,LTR,W,LTR_W,LTR_W_2016,LTR_W_2016,2,2,1,1,1.5,0.5,3,0,86,3,16,3,0,0,3,98,0.25,2,38,.
2016,LTR,W,LTR_W,LTR_W_2016,LTR_W_2016,2,2,1,1,1.5,0.5,16,0,38,3,3,3,0,0,38,38,0,2,0,.
2016,LTR,W,LTR_W,LTR_W_2016,LTR_W_2016,1,1,2,1,1.25,0.433012702,16,3,16,3,16,16,0,0,3,98,4,2,86,.
2016,LTR,W,LTR_W,LTR_W_2016,LTR_W_2016,2,1,1,1,1.25,0.433012702,16,38,86,3,3,3,1,0,3,86,0.25,1,0,.
2016,LTR,W,LTR_W,LTR_W_2016,LTR_W_2016,1,2,1,1,1.25,0.433012702,38,0,63,16,16,3,3,0,3,86,0.75,2,3,.
2016,LTR,W,LTR_W,LTR_W_2016,LTR_W_2016,1,1,1,1,1,0,16,16,16,3,16,3,0,0,3,98,0,2,86,.
2016,LTR,W,LTR_W,LTR_W_2016,LTR_W_2016,1,1,1,1,1,0,16,3,98,16,3,16,1,0,3,98,2.5,1,1,.
2016,LTR,W,LTR_W,LTR_W_2016,LTR_W_2016,1,1,1,1,1,0,38,3,38,3,3,3,0,0,3,86,2.75,2,1,.
2016,LTR,W,LTR_W,LTR_W_2016,LTR_W_2016,1,1,1,1,1,0,38,3,16,3,3,3,0,0,3,98,0.75,1,1,.
2016,LTR,W,LTR_W,LTR_W_2016,LTR_W_2016,1,1,1,1,1,0,38,3,86,16,3,3,0,0,3,98,0.75,2,38,.
2016,LTR,W,LTR_W,LTR_W_2016,LTR_W_2016,1,1,1,1,1,0,38,3,98,16,16,3,0,0,3,86,1,1,0,.
2016,LTR,W,LTR_W,LTR_W_2016,LTR_W_2016,1,1,0,0,0.5,0.5,16,38,0,3,16,3,0,0,63,16,2,0,16,.
2016,LTR,W,LTR_W,LTR_W_2016,LTR_W_2016,1,0,0,0,0.25,0.433012702,63,3,38,3,16,16,0,0,16,86,0,1,0,.
2016,PAW,E,PAW_E,PAW_E_2016,PAW_E_2016,14,20,15,11,15,3.240370349,16,0,0,16,63,0,0,0,3,86,4,0,86,.
2016,PAW,E,PAW_E,PAW_E_2016,PAW_E_2016,12,10,12,14,12,1.414213562,16,0,3,16,3,86,63,0,3,86,4.5,0,3,.
2016,PAW,E,PAW_E,PAW_E_2016,PAW_E_2016,13,11,11,13,12,1,3,0,86,16,86,0,3,0,3,86,3,0,86,.
2016,PAW,E,PAW_E,PAW_E_2016,PAW_E_2016,9,10,14,12,11.25,1.920286437,38,0,0,16,38,16,38,0,3,86,6.5,0,0,.
2016,PAW,E,PAW_E,PAW_E_2016,PAW_E_2016,10,14,14,6,11,3.31662479,0,0,0,38,38,0,16,0,1,86,4.5,0,3,.
2016,PAW,E,PAW_E,PAW_E_2016,PAW_E_2016,7,15,12,10,11,2.915475947,38,0,0,16,63,0,3,0,3,86,15,0,63,.
2016,PAW,E,PAW_E,PAW_E_2016,PAW_E_2016,9,10,11,9,9.75,0.829156198,3,0,98,3,38,1,63,0,3,86,0.5,0,0,.
2016,PAW,E,PAW_E,PAW_E_2016,PAW_E_2016,13,5,5,11,8.5,3.570714214,16,0,63,16,38,0,16,0,3,86,2,0,0,.
2016,PAW,E,PAW_E,PAW_E_2016,PAW_E_2016,10,9,7,7,8.25,1.299038106,16,0,0,0,3,0,86,3,3,86,4,0,98,.
2016,PAW,E,PAW_E,PAW_E_2016,PAW_E_2016,11,7,7,7,8,1.732050808,16,0,98,16,16,38,38,0,3,86,3,0,3,.
2016,PAW,E,PAW_E,PAW_E_2016,PAW_E_2016,9,7,7,7,7.5,0.866025404,63,0,0,16,38,3,16,0,3,86,3,0,63,.
2016,PAW,E,PAW_E,PAW_E_2016,PAW_E_2016,6,8,7,7,7,0.707106781,38,0,0,16,38,1,16,0,3,86,0.2,0,3,.
2016,PAW,E,PAW_E,PAW_E_2016,PAW_E_2016,9,5,5,7,6.5,1.658312395,3,0,0,3,86,3,38,0,3,86,3,0,16,.
2016,PAW,E,PAW_E,PAW_E_2016,PAW_E_2016,6,6,8,5,6.25,1.089724736,38,0,0,16,63,1,0,0,1,86,5.5,0,63,.
2016,PAW,E,PAW_E,PAW_E_2016,PAW_E_2016,9,5,5,5,6,1.732050808,38,0,0,3,3,0,63,0,3,86,3,0,0,.
2016,PAW,E,PAW_E,PAW_E_2016,PAW_E_2016,5,6,7,5,5.75,0.829156198,3,0,0,16,63,3,38,0,1,86,3,0,63,.
2016,PAW,E,PAW_E,PAW_E_2016,PAW_E_2016,7,5,5,6,5.75,0.829156198,16,0,16,16,63,1,16,0,3,86,0.25,0,0,.
2016,PAW,E,PAW_E,PAW_E_2016,PAW_E_2016,5,7,5,5,5.5,0.866025404,3,0,38,86,63,16,0,0,3,86,4,0,3,.
2016,PAW,E,PAW_E,PAW_E_2016,PAW_E_2016,5,5,7,5,5.5,0.866025404,38,0,0,3,63,0,16,0,3,86,1,1,38,.
2016,PAW,E,PAW_E,PAW_E_2016,PAW_E_2016,5,5,5,6,5.25,0.433012702,38,0,0,3,38,1,3,0,3,86,6,0,3,.
2016,PAW,E,PAW_E,PAW_E_2016,PAW_E_2016,5,5,6,5,5.25,0.433012702,38,0,16,16,63,16,16,0,1,86,5,0,38,.
2016,PAW,E,PAW_E,PAW_E_2016,PAW_E_2016,6,3,8,3,5,2.121320344,3,0,0,3,38,16,16,0,1,63,2.25,0,16,.
2016,PAW,E,PAW_E,PAW_E_2016,PAW_E_2016,5,5,5,5,5,0,16,0,0,3,63,1,16,0,1,86,0.25,0,86,.
2016,PAW,E,PAW_E,PAW_E_2016,PAW_E_2016,5,5,7,3,5,1.414213562,63,0,0,3,3,0,38,0,1,86,2,0,0,.
2016,PAW,E,PAW_E,PAW_E_2016,PAW_E_2016,5,5,5,5,5,0,38,0,0,3,38,3,16,0,1,86,0.75,0,38,.
2016,PAW,E,PAW_E,PAW_E_2016,PAW_E_2016,3,7,5,5,5,1.414213562,63,0,86,16,38,0,16,0,3,86,0.5,0,3,.
2016,PAW,E,PAW_E,PAW_E_2016,PAW_E_2016,5,5,6,3,4.75,1.089724736,16,0,0,38,38,38,63,0,1,86,2,0,0,.
2016,PAW,E,PAW_E,PAW_E_2016,PAW_E_2016,5,6,3,5,4.75,1.089724736,16,0,0,0,3,3,16,0,3,86,1.5,0,0,.
2016,PAW,E,PAW_E,PAW_E_2016,PAW_E_2016,5,4,4,5,4.5,0.5,63,0,0,38,63,1,3,3,3,86,2,1,63,.
2016,PAW,E,PAW_E,PAW_E_2016,PAW_E_2016,5,4,4,4,4.25,0.433012702,3,0,3,38,38,16,38,0,3,86,5,0,0,.
2016,PAW,S,PAW_S,PAW_S_2016,PAW_S_2016,14,14,14,14,14,0,0,0,63,16,86,3,3,0,3,86,2,0,63,.
2016,PAW,S,PAW_S,PAW_S_2016,PAW_S_2016,13,14,14,14,13.75,0.433012702,0,0,16,16,98,0,0,0,3,86,0,0,3,.
2016,PAW,S,PAW_S,PAW_S_2016,PAW_S_2016,15,10,10,20,13.75,4.145780988,0,0,16,16,38,0,3,0,3,86,1.5,0,0,.
2016,PAW,S,PAW_S,PAW_S_2016,PAW_S_2016,12,12,12,12,12,0,16,0,38,16,86,0,3,0,3,86,6.5,0,0,.
2016,PAW,S,PAW_S,PAW_S_2016,PAW_S_2016,12,12,12,12,12,0,3,0,63,16,38,3,0,0,3,86,4,0,3,.
2016,PAW,S,PAW_S,PAW_S_2016,PAW_S_2016,12,12,9,12,11.25,1.299038106,0,0,0,98,3,0,0,0,1,86,0,0,0,.
2016,PAW,S,PAW_S,PAW_S_2016,PAW_S_2016,15,10,10,10,11.25,2.165063509,16,0,98,16,38,1,38,0,3,86,1,0,38,.
2016,PAW,S,PAW_S,PAW_S_2016,PAW_S_2016,11,11,11,11,11,0,3,0,86,38,63,0,0,0,1,86,3,0,0,.
2016,PAW,S,PAW_S,PAW_S_2016,PAW_S_2016,11,11,11,11,11,0,0,0,38,3,86,1,0,0,3,86,3,0,38,.
2016,PAW,S,PAW_S,PAW_S_2016,PAW_S_2016,10,10,10,13,10.75,1.299038106,3,3,98,3,86,0,3,0,3,86,1.5,0,38,.
2016,PAW,S,PAW_S,PAW_S_2016,PAW_S_2016,10,10,10,10,10,0,63,0,0,3,16,0,0,0,1,86,8.5,0,3,.
2016,PAW,S,PAW_S,PAW_S_2016,PAW_S_2016,8,11,8,11,9.5,1.5,1,0,98,3,63,1,3,0,3,86,5,0,0,.
2016,PAW,S,PAW_S,PAW_S_2016,PAW_S_2016,9,9,9,9,9,0,16,0,0,0,86,0,38,0,3,86,0.5,0,63,.
2016,PAW,S,PAW_S,PAW_S_2016,PAW_S_2016,9,9,9,9,9,0,0,0,63,63,86,0,0,0,3,86,3,0,1,.
2016,PAW,S,PAW_S,PAW_S_2016,PAW_S_2016,9,9,9,9,9,0,38,0,0,3,63,16,0,0,3,86,1.5,0,63,.
2016,PAW,S,PAW_S,PAW_S_2016,PAW_S_2016,5,10,16,5,9,4.527692569,38,0,3,16,38,3,16,0,3,86,5.5,0,63,.
2016,PAW,S,PAW_S,PAW_S_2016,PAW_S_2016,9,7,7,9,8,1,38,0,0,16,63,3,0,0,3,86,3.5,0,38,.
2016,PAW,S,PAW_S,PAW_S_2016,PAW_S_2016,9,5,9,9,8,1.732050808,38,0,98,3,38,0,0,0,3,86,8,0,16,.
2016,PAW,S,PAW_S,PAW_S_2016,PAW_S_2016,8,7,9,6,7.5,1.118033989,38,3,0,16,63,16,3,0,3,86,3,0,0,.
2016,PAW,S,PAW_S,PAW_S_2016,PAW_S_2016,6,9,9,5,7.25,1.785357107,16,16,0,16,16,0,3,0,3,86,6,0,86,.
2016,PAW,S,PAW_S,PAW_S_2016,PAW_S_2016,7,5,7,9,7,1.414213562,16,0,0,16,63,16,0,0,3,86,2.5,0,38,.
2016,PAW,S,PAW_S,PAW_S_2016,PAW_S_2016,8,6,6,6,6.5,0.866025404,16,0,0,3,86,0,0,0,3,86,3,0,86,.
2016,PAW,S,PAW_S,PAW_S_2016,PAW_S_2016,6,9,4,5,6,1.870828693,63,0,3,16,16,0,0,0,3,86,9,0,98,.
2016,PAW,S,PAW_S,PAW_S_2016,PAW_S_2016,8,6,4,5,5.75,1.479019946,38,0,0,16,38,0,0,0,3,86,0.25,0,0,.
2016,PAW,S,PAW_S,PAW_S_2016,PAW_S_2016,5,7,3,5,5,1.414213562,16,0,0,16,38,3,3,0,1,86,3,0,63,.
2016,PAW,S,PAW_S,PAW_S_2016,PAW_S_2016,5,5,5,5,5,0,63,0,0,3,16,3,0,3,3,86,4.5,0,16,.
2016,PAW,S,PAW_S,PAW_S_2016,PAW_S_2016,5,4,5,5,4.75,0.433012702,38,0,0,16,3,16,16,0,3,86,10,0,98,.
2016,PAW,S,PAW_S,PAW_S_2016,PAW_S_2016,4,4,5,5,4.5,0.5,38,0,0,16,16,38,1,0,3,98,0.25,0,98,.
2016,PAW,S,PAW_S,PAW_S_2016,PAW_S_2016,6,4,4,4,4.5,0.866025404,63,0,38,16,16,16,0,0,3,86,2,0,63,.
2016,PAW,S,PAW_S,PAW_S_2016,PAW_S_2016,5,2,5,2,3.5,1.5,0,0,98,63,3,16,0,0,1,98,0,0,0,.
2016,PAW,W,PAW_W,PAW_W_2016,PAW_W_2016,13,12,13,12,12.5,0.5,3,0,38,86,16,3,0,0,3,86,5,0,0,.
2016,PAW,W,PAW_W,PAW_W_2016,PAW_W_2016,12,12,12,12,12,0,0,0,63,98,16,0,1,0,3,86,4.75,0,16,.
2016,PAW,W,PAW_W,PAW_W_2016,PAW_W_2016,12,12,12,12,12,0,16,0,63,38,63,0,0,0,3,86,4,0,38,.
2016,PAW,W,PAW_W,PAW_W_2016,PAW_W_2016,13,11,13,10,11.75,1.299038106,16,0,16,38,38,3,16,0,3,86,2.5,0,3,.
2016,PAW,W,PAW_W,PAW_W_2016,PAW_W_2016,11,11,11,11,11,0,3,0,86,38,63,3,16,0,3,86,3,0,3,.
2016,PAW,W,PAW_W,PAW_W_2016,PAW_W_2016,11,11,11,11,11,0,16,0,63,16,38,86,3,0,3,86,7,0,3,.
2016,PAW,W,PAW_W,PAW_W_2016,PAW_W_2016,11,11,11,11,11,0,86,0,0,3,16,0,3,0,3,86,10,0,1,.
2016,PAW,W,PAW_W,PAW_W_2016,PAW_W_2016,10,11,11,11,10.75,0.433012702,98,0,38,3,16,0,0,0,3,86,14,0,3,.
2016,PAW,W,PAW_W,PAW_W_2016,PAW_W_2016,10,10,10,10,10,0,0,0,98,63,38,3,16,0,3,86,5,0,3,.
2016,PAW,W,PAW_W,PAW_W_2016,PAW_W_2016,10,10,10,10,10,0,16,0,98,63,38,0,0,0,3,86,2.5,0,0,.
2016,PAW,W,PAW_W,PAW_W_2016,PAW_W_2016,10,10,10,10,10,0,3,0,63,86,38,1,3,0,1,86,6,0,3,.
2016,PAW,W,PAW_W,PAW_W_2016,PAW_W_2016,10,10,10,10,10,0,16,0,63,86,63,3,1,0,3,86,3.5,0,16,.
2016,PAW,W,PAW_W,PAW_W_2016,PAW_W_2016,10,10,9,10,9.75,0.433012702,63,0,38,16,16,0,0,0,3,86,8,0,3,.
2016,PAW,W,PAW_W,PAW_W_2016,PAW_W_2016,9,9,9,9,9,0,3,0,98,3,63,0,16,0,3,86,1,0,0,.
2016,PAW,W,PAW_W,PAW_W_2016,PAW_W_2016,9,9,9,9,9,0,63,0,16,16,38,38,3,0,1,86,6,2,0,.
2016,PAW,W,PAW_W,PAW_W_2016,PAW_W_2016,8,8,8,11,8.75,1.299038106,38,0,0,16,38,16,1,0,3,86,6.5,0,0,.
2016,PAW,W,PAW_W,PAW_W_2016,PAW_W_2016,9,9,9,8,8.75,0.433012702,63,0,16,3,38,0,3,0,3,86,13.5,0,63,.
2016,PAW,W,PAW_W,PAW_W_2016,PAW_W_2016,8,8,8,8,8,0,16,0,38,38,38,0,16,0,1,86,15.5,0,3,.
2016,PAW,W,PAW_W,PAW_W_2016,PAW_W_2016,7,7,7,7,7,0,0,0,16,63,38,0,16,0,3,86,4.5,0,38,.
2016,PAW,W,PAW_W,PAW_W_2016,PAW_W_2016,7,7,7,7,7,0,63,0,63,16,38,0,3,0,3,86,6,0,16,.
2016,PAW,W,PAW_W,PAW_W_2016,PAW_W_2016,7,7,7,7,7,0,38,0,0,0,63,0,0,0,3,86,10,0,38,.
2016,PAW,W,PAW_W,PAW_W_2016,PAW_W_2016,7,7,7,7,7,0,16,0,0,16,63,0,38,0,3,86,0.5,2,16,.
2016,PAW,W,PAW_W,PAW_W_2016,PAW_W_2016,6,6,6,9,6.75,1.299038106,63,0,0,3,16,0,0,0,3,86,8.5,2,98,.
2016,PAW,W,PAW_W,PAW_W_2016,PAW_W_2016,6,6,6,6,6,0,38,0,3,16,38,0,1,0,3,86,3,0,3,.
2016,PAW,W,PAW_W,PAW_W_2016,PAW_W_2016,6,6,6,6,6,0,63,0,16,3,16,0,0,0,3,86,9.5,0,3,.
2016,PAW,W,PAW_W,PAW_W_2016,PAW_W_2016,6,6,6,6,6,0,38,0,86,38,38,0,16,0,1,86,6.5,0,3,.
2016,PAW,W,PAW_W,PAW_W_2016,PAW_W_2016,6,6,5,6,5.75,0.433012702,86,1,0,3,38,3,0,0,0,86,15.5,0,3,.
2016,PAW,W,PAW_W,PAW_W_2016,PAW_W_2016,6,5,6,6,5.75,0.433012702,38,0,0,16,38,3,0,0,3,86,6,0,3,.
2016,PAW,W,PAW_W,PAW_W_2016,PAW_W_2016,6,6,5,4,5.25,0.829156198,16,0,63,38,63,0,0,0,3,86,4.5,0,38,.
2016,PAW,W,PAW_W,PAW_W_2016,PAW_W_2016,5,5,6,4,5,0.707106781,86,0,3,3,16,0,1,0,1,86,8,0,3,.
2016,PYN,N,PYN_N,PYN_N_2016,PYN_N_2016,7,2,1,2,3,2.708012802,0,63,38,3,16,16,0,0,3,86,0.5,0,63,
2016,PYN,N,PYN_N,PYN_N_2016,PYN_N_2016,2,2,3,2,2.25,0.5,3,38,86,16,86,16,0,0,86,16,0,2,16,
2016,PYN,N,PYN_N,PYN_N_2016,PYN_N_2016,2,2,2,1,1.75,0.5,16,63,16,3,1,38,0,0,16,63,0,0,0,
2016,PYN,N,PYN_N,PYN_N_2016,PYN_N_2016,1,1,2,3,1.75,0.957427108,0,63,63,3,63,3,0,0,86,3,0,0,0,
2016,PYN,N,PYN_N,PYN_N_2016,PYN_N_2016,1,1,3,2,1.75,0.957427108,0,63,86,3,38,38,16,0,3,86,0.25,1,63,
2016,PYN,N,PYN_N,PYN_N_2016,PYN_N_2016,3,2,1,1,1.75,0.957427108,0,38,86,16,38,16,0,0,1,86,0.5,0,0,
2016,PYN,N,PYN_N,PYN_N_2016,PYN_N_2016,1,2,2,1,1.5,0.577350269,16,16,0,3,38,63,1,0,63,3,0,0,0,
2016,PYN,N,PYN_N,PYN_N_2016,PYN_N_2016,2,2,1,1,1.5,0.577350269,3,63,38,3,63,16,3,0,63,16,0,2,3,
2016,PYN,N,PYN_N,PYN_N_2016,PYN_N_2016,1,1,4,0,1.5,1.732050808,3,38,16,3,3,38,0,0,3,86,0.5,0,0,
2016,PYN,N,PYN_N,PYN_N_2016,PYN_N_2016,1,1,1,2,1.25,0.5,0,63,0,16,16,3,0,0,63,38,0,0,0,
2016,PYN,N,PYN_N,PYN_N_2016,PYN_N_2016,1,2,1,1,1.25,0.5,16,3,86,3,1,16,0,0,3,86,0.5,2,0,
2016,PYN,N,PYN_N,PYN_N_2016,PYN_N_2016,1,1,1,1,1,0,3,16,0,3,38,63,0,0,63,16,0,0,0,
2016,PYN,N,PYN_N,PYN_N_2016,PYN_N_2016,1,1,1,1,1,0,3,16,63,16,86,38,0,0,86,3,0,2,0,
2016,PYN,N,PYN_N,PYN_N_2016,PYN_N_2016,1,1,1,1,1,0,3,16,98,3,3,38,0,0,3,86,0.5,0,0,
2016,PYN,N,PYN_N,PYN_N_2016,PYN_N_2016,1,1,1,1,1,0,16,16,86,3,3,16,0,0,3,98,0.5,2,0,
2016,PYN,N,PYN_N,PYN_N_2016,PYN_N_2016,1,1,1,1,1,0,16,16,86,16,16,38,0,0,1,98,4,2,0,
2016,PYN,N,PYN_N,PYN_N_2016,PYN_N_2016,1,1,1,1,1,0,3,16,86,16,3,16,0,0,0,98,2.5,0,0,
2016,PYN,N,PYN_N,PYN_N_2016,PYN_N_2016,2,0,1,0,0.75,0.957427108,38,16,86,16,3,16,1,0,38,63,0,0,16,
2016,PYN,N,PYN_N,PYN_N_2016,PYN_N_2016,1,0,1,1,0.75,0.5,38,3,63,3,16,38,3,0,3,86,0.25,1,0,
2016,PYN,N,PYN_N,PYN_N_2016,PYN_N_2016,1,1,0,0,0.5,0.577350269,3,38,98,3,16,63,0,0,63,3,0,0,0,
2016,PYN,N,PYN_N,PYN_N_2016,PYN_N_2016,1,0,0,1,0.5,0.577350269,3,38,16,3,16,63,16,0,98,16,0,0,38,
2016,PYN,N,PYN_N,PYN_N_2016,PYN_N_2016,1,0,0,0,0.25,0.5,3,63,16,3,3,38,0,0,63,16,0,0,0,
2016,PYN,N,PYN_N,PYN_N_2016,PYN_N_2016,0,0,0,1,0.25,0.5,3,16,38,16,3,38,0,0,63,16,0,1,0,
2016,PYN,N,PYN_N,PYN_N_2016,PYN_N_2016,0,1,0,0,0.25,0.5,16,16,16,3,16,63,0,0,63,16,0,0,3,
2016,PYN,N,PYN_N,PYN_N_2016,PYN_N_2016,1,0,0,0,0.25,0.5,86,16,86,3,3,38,0,0,38,16,0,0,0,
2016,PYN,N,PYN_N,PYN_N_2016,PYN_N_2016,0,1,0,0,0.25,0.5,16,38,38,3,16,38,0,0,98,16,0,0,0,
2016,PYN,N,PYN_N,PYN_N_2016,PYN_N_2016,0,0,0,1,0.25,0.5,16,3,63,3,16,63,0,0,3,86,0.25,2,0,
2016,PYN,N,PYN_N,PYN_N_2016,PYN_N_2016,0,0,1,0,0.25,0.5,3,63,63,3,3,16,0,0,3,86,0.25,2,0,
2016,PYN,N,PYN_N,PYN_N_2016,PYN_N_2016,0,0,0,0,0,0,3,3,38,3,16,38,0,0,63,38,0,1,3,
2016,PYN,N,PYN_N,PYN_N_2016,PYN_N_2016,0,0,0,0,0,0,3,16,38,16,3,86,0,0,3,86,0,1,0,
2016,PYN,S,PYN_S,PYN_S_2016,PYN_S_2016,1,1,3,20,6.25,9.215023965,3,63,38,3,38,16,0,0,3,86,0.5,0,86,
2016,PYN,S,PYN_S,PYN_S_2016,PYN_S_2016,5,5,5,4,4.75,0.5,0,0,38,86,3,3,0,0,86,3,0,0,0,
2016,PYN,S,PYN_S,PYN_S_2016,PYN_S_2016,10,0,0,0,2.5,5,3,63,98,3,3,38,0,0,86,16,0.25,1,0,
2016,PYN,S,PYN_S,PYN_S_2016,PYN_S_2016,2,2,3,2,2.25,0.5,0,3,3,86,3,0,0,0,86,16,0,0,0,
2016,PYN,S,PYN_S,PYN_S_2016,PYN_S_2016,1,2,1,2,1.5,0.577350269,3,86,98,3,3,38,0,0,3,63,2,0,0,
2016,PYN,S,PYN_S,PYN_S_2016,PYN_S_2016,0,0,5,1,1.5,2.380476143,38,16,86,3,16,38,0,0,63,3,0,0,0,
2016,PYN,S,PYN_S,PYN_S_2016,PYN_S_2016,1,1,1,2,1.25,0.5,3,63,16,3,3,16,0,0,16,86,1.25,1,0,
2016,PYN,S,PYN_S,PYN_S_2016,PYN_S_2016,2,1,1,1,1.25,0.5,3,38,38,38,16,38,16,0,63,16,0,0,0,
2016,PYN,S,PYN_S,PYN_S_2016,PYN_S_2016,1,1,2,1,1.25,0.5,0,86,63,16,3,38,0,0,86,3,0,0,0,
2016,PYN,S,PYN_S,PYN_S_2016,PYN_S_2016,1,1,1,1,1,0,3,16,86,38,3,38,0,0,16,86,0,1,0,
2016,PYN,S,PYN_S,PYN_S_2016,PYN_S_2016,1,1,1,1,1,0,0,16,86,38,16,16,0,0,16,86,0.25,,16,
2016,PYN,S,PYN_S,PYN_S_2016,PYN_S_2016,1,1,1,1,1,0,0,38,38,16,1,38,0,0,3,86,1.75,0,0,
2016,PYN,S,PYN_S,PYN_S_2016,PYN_S_2016,1,1,2,0,1,0.816496581,3,38,38,3,16,63,0,0,3,86,0.5,0,86,
2016,PYN,S,PYN_S,PYN_S_2016,PYN_S_2016,0,1,1,1,0.75,0.5,16,38,63,3,63,16,3,0,63,16,0.5,0,0,
2016,PYN,S,PYN_S,PYN_S_2016,PYN_S_2016,1,1,0,0,0.5,0.577350269,3,16,38,16,16,38,0,0,3,86,0,1,16,
2016,PYN,S,PYN_S,PYN_S_2016,PYN_S_2016,1,1,0,0,0.5,0.577350269,16,38,86,16,16,38,0,0,63,3,0,1,0,
2016,PYN,S,PYN_S,PYN_S_2016,PYN_S_2016,0,0,1,0,0.25,0.5,16,3,16,0,16,16,0,0,1,86,2,0,0,
2016,PYN,S,PYN_S,PYN_S_2016,PYN_S_2016,0,0,1,0,0.25,0.5,38,16,98,3,16,38,0,0,86,3,0,0,0,
2016,PYN,S,PYN_S,PYN_S_2016,PYN_S_2016,1,0,0,0,0.25,0.5,0,38,38,16,16,38,0,0,86,3,0,0,0,
2016,PYN,S,PYN_S,PYN_S_2016,PYN_S_2016,0,0,0,0,0,0,0,63,63,3,3,63,0,0,3,86,0.25,0,0,
2016,PYN,S,PYN_S,PYN_S_2016,PYN_S_2016,0,0,0,0,0,0,3,63,3,16,3,38,0,0,3,86,0.5,0,0,
2016,PYN,S,PYN_S,PYN_S_2016,PYN_S_2016,0,0,0,0,0,0,3,38,0,3,3,63,0,0,38,63,1,0,3,
2016,PYN,S,PYN_S,PYN_S_2016,PYN_S_2016,0,0,0,0,0,0,16,3,86,16,16,63,0,0,0,3,0,0,0,
2016,PYN,S,PYN_S,PYN_S_2016,PYN_S_2016,0,0,0,0,0,0,38,16,86,3,16,38,0,0,98,16,0,0,0,
2016,PYN,S,PYN_S,PYN_S_2016,PYN_S_2016,0,0,0,0,0,0,16,16,98,16,3,38,0,0,63,3,0,0,0,
2016,PYN,S,PYN_S,PYN_S_2016,PYN_S_2016,0,0,0,0,0,0,63,3,86,16,16,38,0,0,86,3,0,1,3,
2016,PYN,S,PYN_S,PYN_S_2016,PYN_S_2016,0,0,0,0,0,0,3,38,6,16,16,63,0,0,86,3,0,0,0,
2016,PYN,W,PYN_W,PYN_W_2016,PYN_W_2016,2,2,6,1,2.75,2.217355783,38,16,16,16,3,16,3,0,1,98,5,2,0,
2016,PYN,W,PYN_W,PYN_W_2016,PYN_W_2016,5,3,1,1,2.5,1.914854216,3,63,86,3,16,3,1,0,3,86,0,0,16,
2016,PYN,W,PYN_W,PYN_W_2016,PYN_W_2016,2,2,2,2,2,0,16,16,86,16,3,16,0,0,3,86,2.25,0,0,
2016,PYN,W,PYN_W,PYN_W_2016,PYN_W_2016,1,2,2,2,1.75,0.5,16,63,63,3,3,3,0,0,1,86,9,1,0,
2016,PYN,W,PYN_W,PYN_W_2016,PYN_W_2016,1,1,2,2,1.5,0.577350269,16,38,86,3,16,3,3,0,16,86,2.5,1,38,
2016,PYN,W,PYN_W,PYN_W_2016,PYN_W_2016,2,1,1,2,1.5,0.577350269,3,38,86,16,3,38,3,0,1,86,4.25,1,16,
2016,PYN,W,PYN_W,PYN_W_2016,PYN_W_2016,2,2,1,1,1.5,0.577350269,16,16,86,16,3,38,0,0,0,86,1.75,0,0,
2016,PYN,W,PYN_W,PYN_W_2016,PYN_W_2016,2,1,1,2,1.5,0.577350269,3,38,86,16,3,38,0,0,0,86,2.25,0,0,
2016,PYN,W,PYN_W,PYN_W_2016,PYN_W_2016,1,1,1,2,1.25,0.5,3,38,86,16,16,63,0,0,0,86,2,0,0,
2016,PYN,W,PYN_W,PYN_W_2016,PYN_W_2016,2,1,1,1,1.25,0.5,38,16,86,16,3,16,0,0,3,86,2.25,1,0,
2016,PYN,W,PYN_W,PYN_W_2016,PYN_W_2016,2,1,1,1,1.25,0.5,3,16,86,16,3,63,0,0,1,86,2.25,1,38,
2016,PYN,W,PYN_W,PYN_W_2016,PYN_W_2016,1,1,1,2,1.25,0.5,3,38,16,38,3,38,0,0,0,86,1.75,1,0,
2016,PYN,W,PYN_W,PYN_W_2016,PYN_W_2016,1,1,1,1,1,0,3,63,86,3,3,3,0,0,16,86,0.5,0,0,
2016,PYN,W,PYN_W,PYN_W_2016,PYN_W_2016,1,1,1,1,1,0,38,16,3,3,3,38,0,0,0,86,1,0,0,
2016,PYN,W,PYN_W,PYN_W_2016,PYN_W_2016,1,1,1,1,1,0,38,3,3,16,3,38,3,0,3,86,1,2,0,
2016,PYN,W,PYN_W,PYN_W_2016,PYN_W_2016,1,1,1,1,1,0,16,3,86,16,16,38,0,0,3,86,0,1,0,
2016,PYN,W,PYN_W,PYN_W_2016,PYN_W_2016,1,1,1,1,1,0,3,63,63,16,3,38,0,0,3,86,1,0,0,
2016,PYN,W,PYN_W,PYN_W_2016,PYN_W_2016,1,1,1,1,1,0,3,38,16,16,16,16,0,0,16,86,1.75,2,86,
2016,PYN,W,PYN_W,PYN_W_2016,PYN_W_2016,1,1,1,1,1,0,16,16,86,3,3,38,0,0,16,86,2.25,0,0,
2016,PYN,W,PYN_W,PYN_W_2016,PYN_W_2016,1,1,1,0,0.75,0.5,3,38,86,16,3,63,0,0,0,86,1.25,0,0,
2016,PYN,W,PYN_W,PYN_W_2016,PYN_W_2016,1,2,0,0,0.75,0.957427108,3,38,0,3,3,38,3,0,3,86,0.75,0,0,
2016,PYS,N,PYS_N,PYS_N_2016,PYS_N_2016,5,5,4,5,4.75,0.433012702,3,16,38,16,38,3,0,0,3,98,3,0,98,.
2016,PYS,N,PYS_N,PYS_N_2016,PYS_N_2016,5,5,4,5,4.75,0.433012702,3,38,38,16,16,0,3,0,1,98,1.75,0,38,.
2016,PYS,N,PYS_N,PYS_N_2016,PYS_N_2016,5,5,4,4,4.5,0.5,3,16,38,16,38,3,0,0,98,1,4.25,0,98,.
2016,PYS,N,PYS_N,PYS_N_2016,PYS_N_2016,4,4,5,4,4.25,0.433012702,3,38,86,3,38,3,16,0,3,98,3.5,0,38,.
2016,PYS,N,PYS_N,PYS_N_2016,PYS_N_2016,4,5,3,5,4.25,0.829156198,3,16,86,16,38,16,3,0,1,98,6.5,0,16,.
2016,PYS,N,PYS_N,PYS_N_2016,PYS_N_2016,4,4,4,4,4,0,16,16,38,16,3,16,0,0,1,98,3.75,0,0,.
2016,PYS,N,PYS_N,PYS_N_2016,PYS_N_2016,4,4,4,4,4,0,0,16,86,16,16,16,0,0,1,98,2.5,0,38,.
2016,PYS,N,PYS_N,PYS_N_2016,PYS_N_2016,4,4,4,4,4,0,16,16,38,16,16,3,0,0,1,98,2.75,0,86,.
2016,PYS,N,PYS_N,PYS_N_2016,PYS_N_2016,3,6,3,4,4,1.224744871,16,16,63,3,16,16,0,0,3,98,1.75,0,16,.
2016,PYS,N,PYS_N,PYS_N_2016,PYS_N_2016,4,4,4,3,3.75,0.433012702,3,63,63,16,16,3,0,0,1,98,2,0,86,.
2016,PYS,N,PYS_N,PYS_N_2016,PYS_N_2016,5,4,3,2,3.5,1.118033989,0,86,16,3,3,16,0,0,3,98,1.5,0,0,.
2016,PYS,N,PYS_N,PYS_N_2016,PYS_N_2016,5,4,3,2,3.5,1.118033989,3,16,63,16,3,3,0,0,1,98,5.5,1,0,.
2016,PYS,N,PYS_N,PYS_N_2016,PYS_N_2016,4,3,4,3,3.5,0.5,3,16,86,16,3,16,0,0,1,98,2.75,0,0,.
2016,PYS,N,PYS_N,PYS_N_2016,PYS_N_2016,4,4,3,3,3.5,0.5,16,16,38,3,38,16,0,0,3,86,2.5,0,3,.
2016,PYS,N,PYS_N,PYS_N_2016,PYS_N_2016,3,4,3,4,3.5,0.5,0,38,3,16,0,63,0,0,3,86,0.5,0,0,.
2016,PYS,N,PYS_N,PYS_N_2016,PYS_N_2016,3,3,4,4,3.5,0.5,0,86,3,16,3,16,0,0,3,98,2.75,0,0,.
2016,PYS,N,PYS_N,PYS_N_2016,PYS_N_2016,4,3,3,4,3.5,0.5,0,38,38,16,38,3,0,0,3,98,1.5,1,98,.
2016,PYS,N,PYS_N,PYS_N_2016,PYS_N_2016,3,4,4,3,3.5,0.5,16,38,63,16,3,16,0,0,3,98,4.75,0,98,.
2016,PYS,N,PYS_N,PYS_N_2016,PYS_N_2016,3,3,3,4,3.25,0.433012702,0,63,3,16,1,16,0,0,3,98,4,0,0,.
2016,PYS,N,PYS_N,PYS_N_2016,PYS_N_2016,4,2,4,3,3.25,0.829156198,16,16,38,16,38,3,3,0,1,98,0,0,86,.
2016,PYS,N,PYS_N,PYS_N_2016,PYS_N_2016,4,3,3,3,3.25,0.433012702,3,38,86,16,16,16,0,0,3,98,1,0,0,.
2016,PYS,N,PYS_N,PYS_N_2016,PYS_N_2016,3,3,4,3,3.25,0.433012702,0,38,38,38,3,16,0,0,1,98,1,0,0,.
2016,PYS,N,PYS_N,PYS_N_2016,PYS_N_2016,3,3,3,3,3,0,0,38,63,16,3,3,0,0,3,98,0.75,0,0,.
2016,PYS,N,PYS_N,PYS_N_2016,PYS_N_2016,2,4,3,3,3,0.707106781,3,3,86,16,16,3,0,0,3,86,0.75,0,86,.
2016,PYS,N,PYS_N,PYS_N_2016,PYS_N_2016,3,4,3,2,3,0.707106781,3,3,86,3,38,3,3,0,3,98,3.75,2,63,.
2016,PYS,N,PYS_N,PYS_N_2016,PYS_N_2016,3,3,3,3,3,0,0,63,63,16,0,16,0,0,1,98,1.25,0,0,.
2016,PYS,N,PYS_N,PYS_N_2016,PYS_N_2016,4,3,2,2,2.75,0.829156198,0,38,16,16,3,16,0,0,3,86,0.25,0,0,.
2016,PYS,N,PYS_N,PYS_N_2016,PYS_N_2016,3,2,3,3,2.75,0.433012702,0,16,3,38,3,16,0,0,3,98,0.5,0,0,.
2016,PYS,N,PYS_N,PYS_N_2016,PYS_N_2016,2,4,3,2,2.75,0.829156198,0,63,63,16,3,38,0,0,1,98,1.75,0,63,.
2016,PYS,N,PYS_N,PYS_N_2016,PYS_N_2016,2,3,3,2,2.5,0.5,3,3,86,16,38,3,0,0,1,98,2.5,0,86,.
2016,PYS,S,PYS_S,PYS_S_2016,PYS_S_2016,4,4,5,4,4.25,0.433012702,0,16,86,38,63,3,0,0,3,98,2.5,0,0,.
2016,PYS,S,PYS_S,PYS_S_2016,PYS_S_2016,5,4,3,4,4,0.707106781,16,16,86,38,16,16,0,0,1,98,4.5,2,0,.
2016,PYS,S,PYS_S,PYS_S_2016,PYS_S_2016,5,3,3,4,3.75,0.829156198,3,38,38,16,3,0,16,0,1,98,5.5,0,0,.
2016,PYS,S,PYS_S,PYS_S_2016,PYS_S_2016,5,3,3,4,3.75,0.829156198,3,16,86,16,16,16,0,0,1,98,2.25,0,0,.
2016,PYS,S,PYS_S,PYS_S_2016,PYS_S_2016,4,3,4,4,3.75,0.433012702,16,38,63,16,3,38,0,0,3,86,2,0,0,.
2016,PYS,S,PYS_S,PYS_S_2016,PYS_S_2016,4,3,4,4,3.75,0.433012702,3,38,63,16,16,3,0,0,3,86,1,0,0,.
2016,PYS,S,PYS_S,PYS_S_2016,PYS_S_2016,4,4,3,3,3.5,0.5,3,38,38,38,16,16,0,0,3,86,1.75,2,0,.
2016,PYS,S,PYS_S,PYS_S_2016,PYS_S_2016,3,3,3,5,3.5,0.866025404,0,38,86,38,16,3,1,0,1,86,4,0,16,.
2016,PYS,S,PYS_S,PYS_S_2016,PYS_S_2016,4,2,4,3,3.25,0.829156198,3,38,16,16,16,3,0,0,3,98,2,0,0,.
2016,PYS,S,PYS_S,PYS_S_2016,PYS_S_2016,3,3,4,3,3.25,0.433012702,0,38,38,16,0,16,0,0,1,98,1,0,0,.
2016,PYS,S,PYS_S,PYS_S_2016,PYS_S_2016,3,3,3,4,3.25,0.433012702,0,38,38,16,3,3,0,0,1,98,0.75,2,16,.
2016,PYS,S,PYS_S,PYS_S_2016,PYS_S_2016,4,3,3,2,3,0.707106781,3,38,3,16,3,16,0,0,3,86,5.5,0,0,.
2016,PYS,S,PYS_S,PYS_S_2016,PYS_S_2016,5,3,2,2,3,1.224744871,3,1,16,16,3,3,0,0,1,98,3,0,0,.
2016,PYS,S,PYS_S,PYS_S_2016,PYS_S_2016,3,3,3,3,3,0,3,38,63,16,16,3,0,0,3,86,3.5,0,98,.
2016,PYS,S,PYS_S,PYS_S_2016,PYS_S_2016,4,3,2,3,3,0.707106781,0,63,16,38,0,16,0,0,1,98,1.25,0,0,.
2016,PYS,S,PYS_S,PYS_S_2016,PYS_S_2016,3,3,3,3,3,0,3,38,63,16,3,16,0,0,3,98,2.25,0,0,.
2016,PYS,S,PYS_S,PYS_S_2016,PYS_S_2016,2,3,3,4,3,0.707106781,0,16,63,16,3,38,0,0,3,98,0.25,0,0,.
2016,PYS,S,PYS_S,PYS_S_2016,PYS_S_2016,4,2,2,4,3,1,3,38,86,16,3,38,0,0,1,98,2,0,0,.
2016,PYS,S,PYS_S,PYS_S_2016,PYS_S_2016,3,3,2,3,2.75,0.433012702,3,38,16,16,16,16,0,0,3,98,2.5,0,86,.
2016,PYS,S,PYS_S,PYS_S_2016,PYS_S_2016,2,3,3,3,2.75,0.433012702,3,16,63,16,3,16,0,0,16,86,2,1,0,.
2016,PYS,S,PYS_S,PYS_S_2016,PYS_S_2016,3,3,2,2,2.5,0.5,3,38,16,16,3,16,0,0,1,98,2.5,0,0,.
2016,PYS,S,PYS_S,PYS_S_2016,PYS_S_2016,3,3,2,2,2.5,0.5,3,38,86,16,3,16,0,0,3,86,3.25,0,0,.
2016,PYS,S,PYS_S,PYS_S_2016,PYS_S_2016,2,3,3,2,2.5,0.5,0,86,86,16,0,38,0,0,3,86,1.5,0,0,.
2016,PYS,S,PYS_S,PYS_S_2016,PYS_S_2016,4,2,2,2,2.5,0.866025404,16,38,38,16,16,38,0,0,1,98,4,0,0,.
2016,PYS,S,PYS_S,PYS_S_2016,PYS_S_2016,3,2,2,2,2.25,0.433012702,3,16,16,3,3,0,0,0,1,98,4.25,0,38,.
2016,PYS,S,PYS_S,PYS_S_2016,PYS_S_2016,2,1,3,3,2.25,0.829156198,0,63,0,16,16,16,0,0,1,98,0,0,0,.
2016,PYS,S,PYS_S,PYS_S_2016,PYS_S_2016,3,2,2,2,2.25,0.433012702,0,38,3,16,3,3,0,0,3,86,0,0,0,.
2016,PYS,S,PYS_S,PYS_S_2016,PYS_S_2016,2,2,2,2,2,0,3,38,3,16,3,3,0,0,3,86,1.75,1,0,.
2016,PYS,S,PYS_S,PYS_S_2016,PYS_S_2016,2,2,2,2,2,0,0,16,63,16,16,3,0,0,16,63,0,0,0,.
2016,PYS,S,PYS_S,PYS_S_2016,PYS_S_2016,2,1,3,2,2,0.707106781,0,38,98,3,16,3,0,0,16,86,0.5,0,0,.
2016,PYS,W,PYS_W,PYS_W_2016,PYS_W_2016,2,4,3,4,3.25,0.829156198,16,16,86,3,38,3,0,0,86,3,0,0,63,.
2016,PYS,W,PYS_W,PYS_W_2016,PYS_W_2016,3,3,3,3,3,0,3,3,86,16,38,16,0,0,86,3,0.25,0,86,.
2016,PYS,W,PYS_W,PYS_W_2016,PYS_W_2016,3,3,3,3,3,0,3,16,63,16,38,16,0,0,86,3,0.75,0,63,.
2016,PYS,W,PYS_W,PYS_W_2016,PYS_W_2016,3,3,2,3,2.75,0.433012702,16,16,98,3,3,3,0,0,86,3,0,0,1,.
2016,PYS,W,PYS_W,PYS_W_2016,PYS_W_2016,2,3,3,3,2.75,0.433012702,3,16,16,3,3,63,0,0,63,16,0,0,3,.
2016,PYS,W,PYS_W,PYS_W_2016,PYS_W_2016,2,3,3,3,2.75,0.433012702,1,16,86,16,38,16,0,0,16,63,0,0,38,.
2016,PYS,W,PYS_W,PYS_W_2016,PYS_W_2016,3,2,2,3,2.5,0.5,0,38,3,16,16,16,0,0,16,63,0.5,0,0,.
2016,PYS,W,PYS_W,PYS_W_2016,PYS_W_2016,2,3,2,3,2.5,0.5,3,16,38,16,38,0,0,0,86,3,1,2,98,.
2016,PYS,W,PYS_W,PYS_W_2016,PYS_W_2016,2,3,3,2,2.5,0.5,3,16,86,16,16,3,0,0,86,16,0,2,0,.
2016,PYS,W,PYS_W,PYS_W_2016,PYS_W_2016,2,2,3,3,2.5,0.5,16,16,63,3,3,16,0,0,63,16,0.75,0,0,.
2016,PYS,W,PYS_W,PYS_W_2016,PYS_W_2016,3,2,2,2,2.25,0.433012702,3,16,86,38,38,3,0,0,86,3,0,0,86,.
2016,PYS,W,PYS_W,PYS_W_2016,PYS_W_2016,2,2,2,3,2.25,0.433012702,3,3,63,16,16,16,0,0,86,16,0.25,0,3,.
2016,PYS,W,PYS_W,PYS_W_2016,PYS_W_2016,2,2,2,3,2.25,0.433012702,3,3,63,38,3,16,0,0,98,3,0,2,16,.
2016,PYS,W,PYS_W,PYS_W_2016,PYS_W_2016,3,2,2,2,2.25,0.433012702,16,3,86,16,3,16,0,0,86,3,0,0,0,.
2016,PYS,W,PYS_W,PYS_W_2016,PYS_W_2016,3,2,2,2,2.25,0.433012702,3,38,86,3,3,16,0,0,86,16,0,0,0,.
2016,PYS,W,PYS_W,PYS_W_2016,PYS_W_2016,2,2,3,2,2.25,0.433012702,3,16,86,16,3,16,0,0,86,3,0,2,3,.
2016,PYS,W,PYS_W,PYS_W_2016,PYS_W_2016,2,3,2,2,2.25,0.433012702,3,16,38,16,3,3,0,0,86,3,0,2,0,.
2016,PYS,W,PYS_W,PYS_W_2016,PYS_W_2016,2,2,2,3,2.25,0.433012702,16,16,86,16,3,16,0,0,86,3,0,1,0,.
2016,PYS,W,PYS_W,PYS_W_2016,PYS_W_2016,2,2,2,2,2,0,3,16,86,3,16,16,0,0,63,16,0.75,0,3,.
2016,PYS,W,PYS_W,PYS_W_2016,PYS_W_2016,2,2,2,2,2,0,3,16,63,16,3,38,0,0,38,38,0,0,0,.
2016,PYS,W,PYS_W,PYS_W_2016,PYS_W_2016,2,2,2,2,2,0,0,16,63,16,38,16,0,0,86,3,0,0,3,.
2016,PYS,W,PYS_W,PYS_W_2016,PYS_W_2016,2,2,2,2,2,0,3,16,86,16,38,16,0,0,86,3,0,0,63,.
2016,PYS,W,PYS_W,PYS_W_2016,PYS_W_2016,2,2,2,2,2,0,3,16,63,16,16,16,0,0,0,3,0,0,98,.
2016,PYS,W,PYS_W,PYS_W_2016,PYS_W_2016,2,2,2,2,2,0,3,16,38,16,16,3,0,0,86,3,0.25,0,16,.
2016,PYS,W,PYS_W,PYS_W_2016,PYS_W_2016,2,2,2,2,2,0,3,16,86,16,16,16,0,0,38,38,0,0,0,.
2016,PYS,W,PYS_W,PYS_W_2016,PYS_W_2016,2,2,2,2,2,0,3,38,63,16,3,16,0,0,38,38,0.25,0,0,.
2016,PYS,W,PYS_W,PYS_W_2016,PYS_W_2016,2,2,2,1,1.75,0.433012702,0,16,38,16,16,16,0,0,63,16,0,0,0,.
2016,PYS,W,PYS_W,PYS_W_2016,PYS_W_2016,2,2,2,1,1.75,0.433012702,3,16,86,16,3,16,0,0,86,3,0,0,0,.
2016,PYS,W,PYS_W,PYS_W_2016,PYS_W_2016,2,2,2,0,1.5,0.866025404,3,16,98,3,1,38,0,0,86,16,0.25,0,0,.
2016,PYS,W,PYS_W,PYS_W_2016,PYS_W_2016,1,1,1,1,1,0,16,38,38,16,3,3,0,0,63,16,0,0,0,.
2016,PYW,C,PYW_C,PYW_C_2016,PYW_C_2016,11,8,4,12,8.75,3.112474899,3,3,16,16,86,3,0,0,38,38,0,0,16,.
2016,PYW,C,PYW_C,PYW_C_2016,PYW_C_2016,4,6,7,12,7.25,2.947456531,0,86,86,16,16,0,16,0,0,86,0,0,63,.
2016,PYW,C,PYW_C,PYW_C_2016,PYW_C_2016,6,7,5,6,6,0.707106781,38,16,0,3,16,16,0,0,3,86,1.75,2,38,.
2016,PYW,C,PYW_C,PYW_C_2016,PYW_C_2016,6,8,3,4,5.25,1.920286437,16,3,86,16,63,16,0,0,3,63,0,2,16,.
2016,PYW,C,PYW_C,PYW_C_2016,PYW_C_2016,7,5,4,5,5.25,1.089724736,0,16,86,86,16,0,0,0,1,86,0,0,0,.
2016,PYW,C,PYW_C,PYW_C_2016,PYW_C_2016,6,6,7,0,4.75,2.772634127,63,3,63,16,63,16,0,0,3,86,2.5,0,38,.
2016,PYW,C,PYW_C,PYW_C_2016,PYW_C_2016,5,4,4,5,4.5,0.5,38,1,86,16,63,16,0,0,16,86,2.5,0,86,.
2016,PYW,C,PYW_C,PYW_C_2016,PYW_C_2016,3,5,4,5,4.25,0.829156198,16,16,38,16,63,16,0,0,38,63,1,0,3,.
2016,PYW,C,PYW_C,PYW_C_2016,PYW_C_2016,4,2,3,8,4.25,2.277608395,3,16,98,16,38,16,0,0,1,86,0,0,16,.
2016,PYW,C,PYW_C,PYW_C_2016,PYW_C_2016,3,3,4,5,3.75,0.829156198,16,3,86,16,38,16,0,0,38,63,0.25,0,0,.
2016,PYW,C,PYW_C,PYW_C_2016,PYW_C_2016,3,3,3,5,3.5,0.866025404,3,63,63,16,38,16,16,0,1,98,1,0,63,.
2016,PYW,C,PYW_C,PYW_C_2016,PYW_C_2016,3,4,4,3,3.5,0.5,3,3,98,38,38,16,0,0,16,86,2.25,0,3,.
2016,PYW,C,PYW_C,PYW_C_2016,PYW_C_2016,3,3,5,3,3.5,0.866025404,16,0,63,16,16,63,0,0,0,86,0,1,0,.
2016,PYW,C,PYW_C,PYW_C_2016,PYW_C_2016,2,4,4,3,3.25,0.829156198,3,3,38,16,63,16,0,0,3,86,0,2,0,.
2016,PYW,C,PYW_C,PYW_C_2016,PYW_C_2016,4,3,2,3,3,0.707106781,3,16,86,16,63,16,0,0,63,16,0.5,0,0,.
2016,PYW,C,PYW_C,PYW_C_2016,PYW_C_2016,6,2,2,2,3,1.732050808,0,3,86,16,63,16,0,0,16,63,0,2,1,.
2016,PYW,C,PYW_C,PYW_C_2016,PYW_C_2016,2,3,4,3,3,0.707106781,16,3,86,3,16,16,0,0,3,98,0,2,0,.
2016,PYW,C,PYW_C,PYW_C_2016,PYW_C_2016,3,3,3,3,3,0,16,0,86,16,38,16,0,0,16,86,0,2,3,.
2016,PYW,C,PYW_C,PYW_C_2016,PYW_C_2016,3,3,3,3,3,0,3,0,63,3,16,38,0,0,3,86,0,2,0,.
2016,PYW,C,PYW_C,PYW_C_2016,PYW_C_2016,4,3,2,3,3,0.707106781,3,3,86,16,16,16,0,0,3,86,0,1,0,.
2016,PYW,C,PYW_C,PYW_C_2016,PYW_C_2016,3,4,2,2,2.75,0.829156198,3,3,86,3,16,16,0,0,3,98,1.5,2,0,.
2016,PYW,C,PYW_C,PYW_C_2016,PYW_C_2016,4,3,1,3,2.75,1.089724736,3,3,86,38,16,38,0,0,3,63,0.75,2,0,.
2016,PYW,C,PYW_C,PYW_C_2016,PYW_C_2016,3,3,3,2,2.75,0.433012702,3,16,86,16,16,38,0,0,3,86,1.5,0,1,.
2016,PYW,C,PYW_C,PYW_C_2016,PYW_C_2016,2,3,3,2,2.5,0.5,3,3,38,63,38,16,0,0,38,38,0,0,0,.
2016,PYW,C,PYW_C,PYW_C_2016,PYW_C_2016,2,3,2,3,2.5,0.5,0,98,98,3,16,3,3,0,16,86,1,0,16,.
2016,PYW,C,PYW_C,PYW_C_2016,PYW_C_2016,3,3,2,2,2.5,0.5,3,0,63,38,38,16,0,0,3,86,0,1,0,.
2016,PYW,C,PYW_C,PYW_C_2016,PYW_C_2016,2,3,2,3,2.5,0.5,16,3,86,16,16,38,0,0,1,86,0,1,0,.
2016,PYW,C,PYW_C,PYW_C_2016,PYW_C_2016,2,2,2,3,2.25,0.433012702,38,0,86,16,38,16,0,0,3,86,0,1,0,.
2016,PYW,C,PYW_C,PYW_C_2016,PYW_C_2016,2,2,1,2,1.75,0.433012702,0,3,86,16,38,16,0,0,3,63,0,0,0,.
2016,PYW,C,PYW_C,PYW_C_2016,PYW_C_2016,1,1,3,1,1.5,0.866025404,3,63,86,16,16,38,0,0,16,86,2,0,16,.
2016,PYW,N,PYW_N,PYW_N_2016,PYW_N_2016,5,5,5,3,4.5,0.866025404,16,3,16,63,16,16,0,0,3,86,1.5,0,16,.
2016,PYW,N,PYW_N,PYW_N_2016,PYW_N_2016,5,5,3,3,4,1,38,3,63,16,38,16,0,0,63,38,2,2,0,.
2016,PYW,N,PYW_N,PYW_N_2016,PYW_N_2016,3,3,4,5,3.75,0.829156198,38,16,3,16,38,38,0,0,63,38,0,0,3,.
2016,PYW,N,PYW_N,PYW_N_2016,PYW_N_2016,4,5,3,3,3.75,0.829156198,16,38,63,38,16,3,0,0,16,86,0.5,0,0,.
2016,PYW,N,PYW_N,PYW_N_2016,PYW_N_2016,3,3,3,5,3.5,0.866025404,16,3,86,38,63,38,0,0,63,38,3.5,0,0,.
2016,PYW,N,PYW_N,PYW_N_2016,PYW_N_2016,3,3,3,4,3.25,0.433012702,38,0,0,3,86,16,0,0,3,86,0.25,0,0,.
2016,PYW,N,PYW_N,PYW_N_2016,PYW_N_2016,4,3,5,1,3.25,1.479019946,0,16,0,38,38,38,0,0,3,98,8,0,0,.
2016,PYW,N,PYW_N,PYW_N_2016,PYW_N_2016,3,3,3,3,3,0,16,16,38,16,38,16,0,0,86,16,0,0,38,.
2016,PYW,N,PYW_N,PYW_N_2016,PYW_N_2016,3,3,3,3,3,0,16,3,86,16,86,16,0,0,38,63,0.5,0,0,.
2016,PYW,N,PYW_N,PYW_N_2016,PYW_N_2016,2,3,4,3,3,0.707106781,0,38,16,38,38,16,0,0,16,86,1.25,0,0,.
2016,PYW,N,PYW_N,PYW_N_2016,PYW_N_2016,3,3,2,3,2.75,0.433012702,16,3,38,16,3,63,0,0,3,86,0.5,0,0,.
2016,PYW,N,PYW_N,PYW_N_2016,PYW_N_2016,3,2,3,3,2.75,0.433012702,16,16,86,16,3,86,0,0,3,86,2.5,0,86,.
2016,PYW,N,PYW_N,PYW_N_2016,PYW_N_2016,3,2,3,3,2.75,0.433012702,38,3,3,16,16,16,0,0,86,16,3.5,1,16,.
2016,PYW,N,PYW_N,PYW_N_2016,PYW_N_2016,2,3,3,3,2.75,0.433012702,38,3,86,38,16,38,0,0,38,63,0.5,1,38,.
2016,PYW,N,PYW_N,PYW_N_2016,PYW_N_2016,3,2,1,5,2.75,1.479019946,38,16,38,86,38,16,0,0,3,86,1,2,0,.
2016,PYW,N,PYW_N,PYW_N_2016,PYW_N_2016,2,3,2,4,2.75,0.829156198,0,38,16,38,38,16,0,0,16,63,0.25,0,0,.
2016,PYW,N,PYW_N,PYW_N_2016,PYW_N_2016,2,2,3,3,2.5,0.5,16,3,86,16,38,38,0,0,63,38,1.5,0,0,.
2016,PYW,N,PYW_N,PYW_N_2016,PYW_N_2016,2,2,1,5,2.5,1.5,0,16,38,63,38,16,0,0,16,63,1,0,38,.
2016,PYW,N,PYW_N,PYW_N_2016,PYW_N_2016,2,2,3,3,2.5,0.5,16,3,16,63,38,16,0,0,16,86,1,0,16,.
2016,PYW,N,PYW_N,PYW_N_2016,PYW_N_2016,2,1,3,3,2.25,0.829156198,3,3,38,38,16,63,0,0,16,63,2.5,0,0,.
2016,PYW,N,PYW_N,PYW_N_2016,PYW_N_2016,3,2,1,3,2.25,0.829156198,0,3,98,38,38,16,0,0,16,63,1.5,0,0,.
2016,PYW,N,PYW_N,PYW_N_2016,PYW_N_2016,2,3,2,2,2.25,0.433012702,0,16,38,38,16,16,0,0,38,38,1.5,0,0,.
2016,PYW,N,PYW_N,PYW_N_2016,PYW_N_2016,2,2,2,3,2.25,0.433012702,0,16,38,38,86,16,0,0,38,63,2,0,38,.
2016,PYW,N,PYW_N,PYW_N_2016,PYW_N_2016,2,2,2,2,2,0,3,16,16,38,16,16,3,0,63,38,0.5,0,3,.
2016,PYW,N,PYW_N,PYW_N_2016,PYW_N_2016,3,1,2,2,2,0.707106781,38,3,86,16,0,0,0,0,86,16,0,1,0,.
2016,PYW,N,PYW_N,PYW_N_2016,PYW_N_2016,2,2,2,2,2,0,38,1,63,63,16,16,0,0,3,86,0.75,0,0,.
2016,PYW,N,PYW_N,PYW_N_2016,PYW_N_2016,2,2,2,1,1.75,0.433012702,3,38,86,16,16,16,0,0,16,86,0.5,0,0,.
2016,PYW,N,PYW_N,PYW_N_2016,PYW_N_2016,1,1,1,4,1.75,1.299038106,16,16,16,16,16,38,1,0,3,86,0.25,0,0,.
2016,PYW,N,PYW_N,PYW_N_2016,PYW_N_2016,2,2,2,1,1.75,0.433012702,0,3,3,86,16,16,0,0,38,38,0,0,0,.
2016,PYW,N,PYW_N,PYW_N_2016,PYW_N_2016,1,2,1,2,1.5,0.5,3,38,86,16,16,38,0,0,3,86,1.5,0,0,.
2016,PYW,S,PYW_S,PYW_S_2016,PYW_S_2016,3,5,2,7,4.25,1.920286437,0,86,16,3,16,16,16,0,0,63,0,0,0,.
2016,PYW,S,PYW_S,PYW_S_2016,PYW_S_2016,8,2,2,2,3.5,2.598076211,0,63,63,16,16,16,16,0,16,86,0,0,3,.
2016,PYW,S,PYW_S,PYW_S_2016,PYW_S_2016,3,4,3,3,3.25,0.433012702,0,63,38,16,3,16,0,0,0,86,1,0,0,.
2016,PYW,S,PYW_S,PYW_S_2016,PYW_S_2016,3,4,2,4,3.25,0.829156198,0,63,63,16,38,3,0,0,3,86,2,0,3,.
2016,PYW,S,PYW_S,PYW_S_2016,PYW_S_2016,3,4,3,2,3,0.707106781,0,86,16,3,16,16,16,0,3,86,1.25,0,0,.
2016,PYW,S,PYW_S,PYW_S_2016,PYW_S_2016,4,3,1,3,2.75,1.089724736,38,16,98,16,16,38,0,0,1,86,1.75,0,98,.
2016,PYW,S,PYW_S,PYW_S_2016,PYW_S_2016,2,3,4,2,2.75,0.829156198,0,63,38,16,3,38,0,0,0,86,0,0,0,.
2016,PYW,S,PYW_S,PYW_S_2016,PYW_S_2016,3,3,2,3,2.75,0.433012702,0,63,86,63,16,16,0,0,0,86,2,2,86,.
2016,PYW,S,PYW_S,PYW_S_2016,PYW_S_2016,3,3,3,2,2.75,0.433012702,0,16,3,16,38,16,0,0,63,38,0,0,0,.
2016,PYW,S,PYW_S,PYW_S_2016,PYW_S_2016,3,3,2,3,2.75,0.433012702,3,38,63,16,16,38,0,0,3,86,1.75,2,63,.
2016,PYW,S,PYW_S,PYW_S_2016,PYW_S_2016,2,5,2,2,2.75,1.299038106,0,63,0,16,38,16,3,0,3,86,1.5,0,98,.
2016,PYW,S,PYW_S,PYW_S_2016,PYW_S_2016,3,2,3,3,2.75,0.433012702,16,16,38,3,16,38,3,0,0,86,1.5,0,98,.
2016,PYW,S,PYW_S,PYW_S_2016,PYW_S_2016,2,3,2,3,2.5,0.5,16,38,63,16,1,16,0,0,0,86,3.25,1,0,.
2016,PYW,S,PYW_S,PYW_S_2016,PYW_S_2016,2,3,3,2,2.5,0.5,16,38,16,38,16,63,0,0,0,86,3.17,2,86,.
2016,PYW,S,PYW_S,PYW_S_2016,PYW_S_2016,2,3,2,3,2.5,0.5,3,86,63,16,3,38,0,0,0,98,4.25,1,86,.
2016,PYW,S,PYW_S,PYW_S_2016,PYW_S_2016,2,3,2,2,2.25,0.433012702,3,63,86,16,16,38,0,0,0,86,2.75,0,86,.
2016,PYW,S,PYW_S,PYW_S_2016,PYW_S_2016,2,2,2,3,2.25,0.433012702,3,63,63,3,3,38,0,0,0,86,0,1,38,.
2016,PYW,S,PYW_S,PYW_S_2016,PYW_S_2016,2,2,2,2,2,0,3,63,63,3,16,38,0,0,0,86,3.5,0,63,.
2016,PYW,S,PYW_S,PYW_S_2016,PYW_S_2016,2,2,3,1,2,0.707106781,16,16,16,16,3,16,0,0,3,86,1,2,16,.
2016,PYW,S,PYW_S,PYW_S_2016,PYW_S_2016,2,2,2,2,2,0,38,38,38,3,3,38,0,0,16,63,0,2,0,.
2016,PYW,S,PYW_S,PYW_S_2016,PYW_S_2016,2,2,1,2,1.75,0.433012702,3,16,63,16,38,3,0,0,0,86,4,2,86,.
2016,PYW,S,PYW_S,PYW_S_2016,PYW_S_2016,2,2,2,1,1.75,0.433012702,3,86,63,3,16,16,0,0,3,63,1,0,0,.
2016,PYW,S,PYW_S,PYW_S_2016,PYW_S_2016,2,3,1,1,1.75,0.829156198,16,16,16,16,16,38,0,0,3,86,1.25,2,0,.
2016,PYW,S,PYW_S,PYW_S_2016,PYW_S_2016,1,1,2,2,1.5,0.5,0,63,0,16,38,16,0,0,63,16,0,0,0,.
2016,PYW,S,PYW_S,PYW_S_2016,PYW_S_2016,1,1,2,2,1.5,0.5,1,86,63,86,16,38,0,0,0,86,1,0,0,.
2016,PYW,S,PYW_S,PYW_S_2016,PYW_S_2016,1,3,1,1,1.5,0.866025404,16,63,38,16,0,16,0,0,16,86,0.5,2,0,.
2016,PYW,S,PYW_S,PYW_S_2016,PYW_S_2016,3,1,1,1,1.5,0.866025404,16,3,16,16,38,16,0,0,16,86,0.5,2,0,.
2016,PYW,S,PYW_S,PYW_S_2016,PYW_S_2016,2,2,1,1,1.5,0.5,3,63,0,3,3,38,0,0,3,86,0.75,1,0,.
2016,PYW,S,PYW_S,PYW_S_2016,PYW_S_2016,2,1,2,1,1.5,0.5,16,38,86,3,16,16,0,0,86,16,0,0,0,.
2016,PYW,S,PYW_S,PYW_S_2016,PYW_S_2016,1,2,1,1,1.25,0.433012702,16,3,63,38,3,63,0,0,0,86,0.25,2,0,.
2016,RC2,C,RC2_C,RC2_C_2016,RC2_C_2016,11,15,15,11,13,2,0,1,16,63,38,16,0,0,63,16,0,0,0,.
2016,RC2,C,RC2_C,RC2_C_2016,RC2_C_2016,10,11,11,10,10.5,0.5,0,38,0,63,38,0,0,0,63,38,0,0,0,.
2016,RC2,C,RC2_C,RC2_C_2016,RC2_C_2016,11,10,9,9,9.75,0.829156198,0,0,3,38,86,3,0,0,63,16,0.25,0,0,.
2016,RC2,C,RC2_C,RC2_C_2016,RC2_C_2016,10,6,9,13,9.5,2.5,0,0,16,38,38,63,0,0,16,86,2.75,0,0,.
2016,RC2,C,RC2_C,RC2_C_2016,RC2_C_2016,9,9,9,9,9,0,3,1,3,16,63,38,0,0,38,63,0.5,0,0,.
2016,RC2,C,RC2_C,RC2_C_2016,RC2_C_2016,9,7,10,9,8.75,1.089724736,0,0,0,0,63,63,0,0,86,16,0,0,16,.
2016,RC2,C,RC2_C,RC2_C_2016,RC2_C_2016,10,10,10,5,8.75,2.165063509,3,3,38,16,63,16,0,0,16,86,0,0,0,.
2016,RC2,C,RC2_C,RC2_C_2016,RC2_C_2016,7,10,10,7,8.5,1.5,0,0,38,63,38,1,0,0,1,98,0.5,0,0,.
2016,RC2,C,RC2_C,RC2_C_2016,RC2_C_2016,9,9,11,5,8.5,2.179449472,3,1,16,38,63,16,0,0,16,86,2,0,0,.
2016,RC2,C,RC2_C,RC2_C_2016,RC2_C_2016,9,9,8,7,8.25,0.829156198,0,0,3,86,16,3,0,0,38,63,5.75,0,0,.
2016,RC2,C,RC2_C,RC2_C_2016,RC2_C_2016,8,10,10,5,8.25,2.046338193,0,0,16,98,38,16,0,0,0,98,6.75,0,0,.
2016,RC2,C,RC2_C,RC2_C_2016,RC2_C_2016,9,9,7,7,8,1,0,86,3,3,3,3,0,0,16,86,8.75,0,0,.
2016,RC2,C,RC2_C,RC2_C_2016,RC2_C_2016,8,7,7,10,8,1.224744871,0,0,16,38,86,16,0,0,16,86,6,0,0,.
2016,RC2,C,RC2_C,RC2_C_2016,RC2_C_2016,9,7,7,9,8,1,0,1,16,63,16,16,16,0,3,86,1.5,0,0,.
2016,RC2,C,RC2_C,RC2_C_2016,RC2_C_2016,7,9,7,9,8,1,0,63,3,38,63,0,0,0,3,98,0,0,63,.
2016,RC2,C,RC2_C,RC2_C_2016,RC2_C_2016,7,10,6,7,7.5,1.5,0,38,16,63,3,3,0,0,0,98,1,0,0,.
2016,RC2,C,RC2_C,RC2_C_2016,RC2_C_2016,8,9,7,6,7.5,1.118033989,0,0,3,3,63,38,0,0,38,38,0.5,0,1,.
2016,RC2,C,RC2_C,RC2_C_2016,RC2_C_2016,7,9,5,7,7,1.414213562,0,0,16,63,16,0,0,0,38,63,0.5,0,0,.
2016,RC2,C,RC2_C,RC2_C_2016,RC2_C_2016,9,9,5,5,7,2,0,1,0,86,16,16,0,0,0,98,3,0,0,.
2016,RC2,C,RC2_C,RC2_C_2016,RC2_C_2016,8,8,7,5,7,1.224744871,0,3,3,16,63,38,0,0,86,16,0,0,0,.
2016,RC2,C,RC2_C,RC2_C_2016,RC2_C_2016,8,7,6,5,6.5,1.118033989,0,0,3,38,38,38,0,0,38,63,0.5,0,0,.
2016,RC2,C,RC2_C,RC2_C_2016,RC2_C_2016,7,7,5,6,6.25,0.829156198,0,1,3,63,38,38,0,0,1,86,4.5,0,0,.
2016,RC2,C,RC2_C,RC2_C_2016,RC2_C_2016,5,6,6,6,5.75,0.433012702,0,0,3,16,86,38,0,0,16,63,3.75,0,0,.
2016,RC2,C,RC2_C,RC2_C_2016,RC2_C_2016,7,5,5,5,5.5,0.866025404,0,16,3,38,16,16,0,0,0,86,2.5,0,0,.
2016,RC2,C,RC2_C,RC2_C_2016,RC2_C_2016,5,7,6,3,5.25,1.479019946,0,38,3,38,3,0,0,0,0,98,5,0,0,.
2016,RC2,C,RC2_C,RC2_C_2016,RC2_C_2016,5,6,5,4,5,0.707106781,0,0,0,3,86,38,0,0,38,38,1,0,0,.
2016,RC2,C,RC2_C,RC2_C_2016,RC2_C_2016,5,5,4,5,4.75,0.433012702,0,1,3,3,63,16,0,0,98,3,0,0,0,.
2016,RC2,C,RC2_C,RC2_C_2016,RC2_C_2016,5,3,5,5,4.5,0.866025404,0,1,16,98,3,16,0,0,0,63,2.25,0,0,.
2016,RC2,C,RC2_C,RC2_C_2016,RC2_C_2016,3,5,5,4,4.25,0.829156198,0,0,0,3,86,16,0,0,38,38,2.5,0,0,.
2016,RC2,C,RC2_C,RC2_C_2016,RC2_C_2016,5,3,4,5,4.25,0.829156198,0,1,3,16,16,38,0,0,16,86,0,0,0,.
2016,RC2,N,RC2_N,RC2_N_2016,RC2_N_2016,12,13,11,9,11.25,1.479019946,1,16,3,38,16,63,0,0,1,98,5.5,0,0,.
2016,RC2,N,RC2_N,RC2_N_2016,RC2_N_2016,10,9,8,9,9,0.707106781,3,3,16,38,63,16,0,0,1,98,8,0,16,.
2016,RC2,N,RC2_N,RC2_N_2016,RC2_N_2016,7,8,10,10,8.75,1.299038106,16,16,3,38,16,38,0,0,3,98,10,0,0,.
2016,RC2,N,RC2_N,RC2_N_2016,RC2_N_2016,9,8,8,10,8.75,0.829156198,0,16,16,38,16,38,0,0,16,86,4,0,0,.
2016,RC2,N,RC2_N,RC2_N_2016,RC2_N_2016,9,10,8,7,8.5,1.118033989,1,3,3,16,38,38,0,0,3,98,12,0,63,.
2016,RC2,N,RC2_N,RC2_N_2016,RC2_N_2016,7,10,7,9,8.25,1.299038106,1,16,3,63,38,38,0,0,3,86,12,0,0,.
2016,RC2,N,RC2_N,RC2_N_2016,RC2_N_2016,7,6,9,11,8.25,1.920286437,3,3,16,38,86,38,0,0,0,86,9.5,0,0,.
2016,RC2,N,RC2_N,RC2_N_2016,RC2_N_2016,9,8,6,9,8,1.224744871,1,16,3,63,38,38,0,0,3,86,6,0,0,.
2016,RC2,N,RC2_N,RC2_N_2016,RC2_N_2016,8,7,7,8,7.5,0.5,1,3,38,63,38,63,0,0,3,86,7.5,0,0,.
2016,RC2,N,RC2_N,RC2_N_2016,RC2_N_2016,9,6,7,7,7.25,1.089724736,16,0,38,38,38,38,0,0,3,98,0.5,0,16,.
2016,RC2,N,RC2_N,RC2_N_2016,RC2_N_2016,9,9,5,6,7.25,1.785357107,16,3,3,16,63,16,0,0,16,63,1.5,0,0,.
2016,RC2,N,RC2_N,RC2_N_2016,RC2_N_2016,8,7,6,7,7,0.707106781,16,16,3,38,63,38,0,0,3,98,9.25,0,63,.
2016,RC2,N,RC2_N,RC2_N_2016,RC2_N_2016,6,7,7,8,7,0.707106781,16,3,16,38,38,38,0,0,16,86,0.75,0,16,.
2016,RC2,N,RC2_N,RC2_N_2016,RC2_N_2016,7,7,7,7,7,0,3,0,3,16,63,63,0,0,3,98,1,0,0,.
2016,RC2,N,RC2_N,RC2_N_2016,RC2_N_2016,7,8,7,5,6.75,1.089724736,0,38,3,38,16,16,0,0,16,86,13,0,0,.
2016,RC2,N,RC2_N,RC2_N_2016,RC2_N_2016,8,5,6,7,6.5,1.118033989,3,16,16,16,63,3,0,0,3,98,1,2,16,.
2016,RC2,N,RC2_N,RC2_N_2016,RC2_N_2016,7,5,5,8,6.25,1.299038106,3,0,3,16,63,16,0,0,16,86,0.25,0,63,.
2016,RC2,N,RC2_N,RC2_N_2016,RC2_N_2016,5,6,6,7,6,0.707106781,16,0,3,3,63,38,0,0,1,98,0.25,0,1,.
2016,RC2,N,RC2_N,RC2_N_2016,RC2_N_2016,6,7,5,5,5.75,0.829156198,38,3,16,16,16,3,0,0,3,98,2,0,0,.
2016,RC2,N,RC2_N,RC2_N_2016,RC2_N_2016,5,6,5,7,5.75,0.829156198,38,0,38,38,63,16,0,0,16,86,3.75,0,16,.
2016,RC2,N,RC2_N,RC2_N_2016,RC2_N_2016,5,6,5,7,5.75,0.829156198,16,3,16,16,38,3,0,0,3,86,5,0,16,.
2016,RC2,N,RC2_N,RC2_N_2016,RC2_N_2016,5,5,5,5,5,0,16,0,3,16,38,3,0,0,16,63,5,0,63,.
2016,RC2,N,RC2_N,RC2_N_2016,RC2_N_2016,4,5,5,6,5,0.707106781,16,16,38,38,63,16,0,0,16,86,5,0,63,.
2016,RC2,N,RC2_N,RC2_N_2016,RC2_N_2016,5,5,5,5,5,0,38,0,3,3,86,16,0,0,1,98,3.25,0,38,.
2016,RC2,N,RC2_N,RC2_N_2016,RC2_N_2016,5,3,4,7,4.75,1.479019946,16,0,16,3,63,16,0,0,16,63,1,0,1,.
2016,RC2,N,RC2_N,RC2_N_2016,RC2_N_2016,7,3,4,4,4.5,1.5,0,16,3,63,3,16,0,0,38,98,7,0,0,.
2016,RC2,N,RC2_N,RC2_N_2016,RC2_N_2016,5,5,5,3,4.5,0.866025404,38,0,3,16,16,16,0,0,3,86,2.5,0,63,.
2016,RC2,N,RC2_N,RC2_N_2016,RC2_N_2016,5,5,4,3,4.25,0.829156198,38,3,16,38,38,16,0,0,16,86,2.25,0,38,.
2016,RC2,N,RC2_N,RC2_N_2016,RC2_N_2016,5,4,3,4,4,0.707106781,63,0,16,16,38,3,0,0,1,98,2.5,0,38,.
2016,RC2,N,RC2_N,RC2_N_2016,RC2_N_2016,3,5,3,3,3.5,0.866025404,38,3,3,3,38,38,0,0,3,98,5,0,0,.
2016,RC2,S,RC2_S,RC2_S_2016,RC2_S_2016,20,20,14,16,17.5,2.598076211,0,0,38,63,86,16,0,0,38,38,5,0,0,.
2016,RC2,S,RC2_S,RC2_S_2016,RC2_S_2016,13,19,15,14,15.25,2.277608395,0,0,16,16,63,3,3,0,38,38,0.5,0,3,.
2016,RC2,S,RC2_S,RC2_S_2016,RC2_S_2016,13,20,15,12,15,3.082207001,0,1,38,63,86,3,16,0,38,38,0.25,0,1,.
2016,RC2,S,RC2_S,RC2_S_2016,RC2_S_2016,13,18,14,13,14.5,2.061552813,0,0,16,86,86,0,1,0,38,38,0,0,0,.
2016,RC2,S,RC2_S,RC2_S_2016,RC2_S_2016,13,12,12,14,12.75,0.829156198,0,0,3,16,63,38,0,0,3,86,2,0,0,.
2016,RC2,S,RC2_S,RC2_S_2016,RC2_S_2016,13,12,12,14,12.75,0.829156198,0,0,16,16,63,16,0,0,38,63,1,0,0,.
2016,RC2,S,RC2_S,RC2_S_2016,RC2_S_2016,13,12,11,12,12,0.707106781,0,38,3,16,63,3,0,0,3,98,2,0,0,.
2016,RC2,S,RC2_S,RC2_S_2016,RC2_S_2016,9,9,10,9,9.25,0.433012702,0,3,63,86,38,1,0,0,16,63,0.25,0,0,.
2016,RC2,S,RC2_S,RC2_S_2016,RC2_S_2016,8,5,9,11,8.25,2.165063509,0,0,3,16,63,16,0,0,16,86,1.5,2,38,.
2016,RC2,S,RC2_S,RC2_S_2016,RC2_S_2016,7,7,10,7,7.75,1.299038106,0,1,16,16,38,63,0,0,3,98,1.5,0,0,.
2016,RC2,S,RC2_S,RC2_S_2016,RC2_S_2016,9,3,7,9,7,2.449489743,0,3,16,16,38,38,0,0,1,98,2.5,0,0,.
2016,RC2,S,RC2_S,RC2_S_2016,RC2_S_2016,6,6,6,6,6,0,0,63,0,63,3,0,0,0,0,98,3.5,0,0,.
2016,RC2,S,RC2_S,RC2_S_2016,RC2_S_2016,5,7,5,5,5.5,0.866025404,0,3,3,86,1,16,0,0,3,98,2.5,0,0,.
2016,RC2,S,RC2_S,RC2_S_2016,RC2_S_2016,5,6,6,5,5.5,0.5,0,38,38,86,1,0,0,0,0,98,0.25,0,0,.
2016,RC2,S,RC2_S,RC2_S_2016,RC2_S_2016,5,5,6,5,5.25,0.433012702,0,38,0,16,63,3,0,0,3,98,5,0,0,.
2016,RC2,S,RC2_S,RC2_S_2016,RC2_S_2016,4,4,7,6,5.25,1.299038106,0,38,3,86,1,16,0,0,3,98,1,0,0,.
2016,RC2,S,RC2_S,RC2_S_2016,RC2_S_2016,5,5,4,5,4.75,0.433012702,0,16,3,86,3,16,0,0,0,98,6.5,0,0,.
2016,RC2,S,RC2_S,RC2_S_2016,RC2_S_2016,5,5,4,5,4.75,0.433012702,0,38,0,63,0,3,0,0,0,98,12.25,0,0,.
2016,RC2,S,RC2_S,RC2_S_2016,RC2_S_2016,5,3,5,5,4.5,0.866025404,0,16,3,38,16,63,0,0,16,86,5.25,0,0,.
2016,RC2,S,RC2_S,RC2_S_2016,RC2_S_2016,4,4,5,5,4.5,0.5,0,38,0,86,0,0,0,0,0,98,3.5,0,0,.
2016,RC2,S,RC2_S,RC2_S_2016,RC2_S_2016,5,3,5,5,4.5,0.866025404,0,38,0,63,0,0,0,0,0,98,8.5,0,0,.
2016,RC2,S,RC2_S,RC2_S_2016,RC2_S_2016,5,4,4,4,4.25,0.433012702,0,38,3,63,16,3,0,0,1,98,8,0,0,.
2016,RC2,S,RC2_S,RC2_S_2016,RC2_S_2016,4,4,4,5,4.25,0.433012702,0,86,0,16,3,16,0,0,1,98,2.75,0,0,.
2016,RC2,S,RC2_S,RC2_S_2016,RC2_S_2016,4,4,4,5,4.25,0.433012702,0,38,0,63,16,16,0,0,0,98,10.5,0,0,.
2016,RC2,S,RC2_S,RC2_S_2016,RC2_S_2016,3,3,5,3,3.5,0.866025404,0,38,3,63,3,3,0,0,1,98,1.75,0,0,.
2016,RC2,S,RC2_S,RC2_S_2016,RC2_S_2016,4,4,3,3,3.5,0.5,0,38,3,63,0,0,0,0,0,98,14,0,0,.
2016,RC2,S,RC2_S,RC2_S_2016,RC2_S_2016,4,4,3,3,3.5,0.5,0,38,3,63,0,0,0,0,0,98,14,0,0,.
2016,RC2,S,RC2_S,RC2_S_2016,RC2_S_2016,3,2,4,4,3.25,0.829156198,0,38,0,63,3,3,0,0,1,98,4,0,0,.
2016,RC2,S,RC2_S,RC2_S_2016,RC2_S_2016,4,2,2,3,2.75,0.829156198,0,16,0,98,1,0,0,0,0,98,6.25,0,0,.
2016,RC2,S,RC2_S,RC2_S_2016,RC2_S_2016,3,2,3,3,2.75,0.433012702,0,38,0,86,3,3,0,0,0,98,3.5,0,0,.
2016,RCH2014,C,RCH2014_C,RCH2014_C_2016,RCH2014_C_2016,8,7,7,7,7.25,0.433012702,0,0,0,3,86,1,63,0,3,98,4.5,0,0,.
2016,RCH2014,C,RCH2014_C,RCH2014_C_2016,RCH2014_C_2016,7,7,7,7,7,0,1,0,0,3,86,0,16,0,3,98,0,0,3,.
2016,RCH2014,C,RCH2014_C,RCH2014_C_2016,RCH2014_C_2016,7,5,7,9,7,1.414213562,1,0,0,0,86,0,16,0,0,98,1,0,86,.
2016,RCH2014,C,RCH2014_C,RCH2014_C_2016,RCH2014_C_2016,1,6,12,7,6.5,3.905124838,0,3,0,3,38,3,0,0,3,98,4.5,2,16,.
2016,RCH2014,C,RCH2014_C,RCH2014_C_2016,RCH2014_C_2016,4,9,5,7,6.25,1.920286437,16,63,98,16,16,38,0,0,16,86,2.5,0,0,.
2016,RCH2014,C,RCH2014_C,RCH2014_C_2016,RCH2014_C_2016,1,2,2,20,6.25,7.949056548,0,3,0,86,16,0,16,0,16,86,2.5,0,0,.
2016,RCH2014,C,RCH2014_C,RCH2014_C_2016,RCH2014_C_2016,6,5,7,2,5,1.870828693,16,0,0,3,38,3,0,0,38,63,1.5,0,63,.
2016,RCH2014,C,RCH2014_C,RCH2014_C_2016,RCH2014_C_2016,3,4,8,3,4.5,2.061552813,1,38,38,3,16,16,3,0,16,86,2,2,38,.
2016,RCH2014,C,RCH2014_C,RCH2014_C_2016,RCH2014_C_2016,3,1,3,11,4.5,3.840572874,0,3,0,63,3,0,3,0,0,98,1.5,0,0,.
2016,RCH2014,C,RCH2014_C,RCH2014_C_2016,RCH2014_C_2016,3,5,5,5,4.5,0.866025404,0,3,16,16,16,16,3,0,3,98,1.5,0,3,.
2016,RCH2014,C,RCH2014_C,RCH2014_C_2016,RCH2014_C_2016,8,1,6,2,4.25,2.861380786,1,86,0,3,38,16,3,0,38,38,2.5,1,16,.
2016,RCH2014,C,RCH2014_C,RCH2014_C_2016,RCH2014_C_2016,5,4,4,4,4.25,0.433012702,0,3,63,3,38,0,3,0,3,98,5,0,38,.
2016,RCH2014,C,RCH2014_C,RCH2014_C_2016,RCH2014_C_2016,3,7,5,2,4.25,1.920286437,0,3,38,16,38,16,0,0,16,86,4,0,16,.
2016,RCH2014,C,RCH2014_C,RCH2014_C_2016,RCH2014_C_2016,5,4,5,1,3.75,1.639359631,3,3,0,3,63,3,0,0,16,86,1.5,0,3,.
2016,RCH2014,C,RCH2014_C,RCH2014_C_2016,RCH2014_C_2016,5,5,3,2,3.75,1.299038106,0,3,86,3,63,0,0,0,3,98,0.5,1,63,.
2016,RCH2014,C,RCH2014_C,RCH2014_C_2016,RCH2014_C_2016,7,3,2,3,3.75,1.920286437,16,3,86,3,38,3,0,0,3,86,2.5,2,38,.
2016,RCH2014,C,RCH2014_C,RCH2014_C_2016,RCH2014_C_2016,4,4,2,5,3.75,1.089724736,1,3,0,3,16,3,0,0,3,98,2.5,2,16,.
2016,RCH2014,C,RCH2014_C,RCH2014_C_2016,RCH2014_C_2016,6,3,2,2,3.25,1.639359631,16,16,63,3,16,16,0,0,3,98,5.5,1,63,.
2016,RCH2014,C,RCH2014_C,RCH2014_C_2016,RCH2014_C_2016,2,3,5,3,3.25,1.089724736,0,3,86,3,38,3,0,0,16,86,0,2,0,.
2016,RCH2014,C,RCH2014_C,RCH2014_C_2016,RCH2014_C_2016,3,4,3,3,3.25,0.433012702,3,63,0,3,16,16,16,0,3,86,6,0,38,.
2016,RCH2014,C,RCH2014_C,RCH2014_C_2016,RCH2014_C_2016,1,2,2,7,3,2.34520788,16,3,63,3,38,16,0,0,3,86,3.5,0,16,.
2016,RCH2014,C,RCH2014_C,RCH2014_C_2016,RCH2014_C_2016,3,3,3,3,3,0,0,3,86,63,38,16,16,0,16,86,1.5,0,16,.
2016,RCH2014,C,RCH2014_C,RCH2014_C_2016,RCH2014_C_2016,6,1,1,2,2.5,2.061552813,3,3,0,3,38,38,0,0,3,98,4,0,63,.
2016,RCH2014,C,RCH2014_C,RCH2014_C_2016,RCH2014_C_2016,2,1,4,3,2.5,1.118033989,0,38,38,16,16,3,3,0,3,98,5,0,0,.
2016,RCH2014,C,RCH2014_C,RCH2014_C_2016,RCH2014_C_2016,1,5,1,3,2.5,1.658312395,0,16,63,16,16,0,0,0,16,86,4,0,0,.
2016,RCH2014,C,RCH2014_C,RCH2014_C_2016,RCH2014_C_2016,1,5,2,1,2.25,1.639359631,0,63,63,3,38,38,0,0,16,86,2,1,63,.
2016,RCH2014,C,RCH2014_C,RCH2014_C_2016,RCH2014_C_2016,2,1,3,3,2.25,0.829156198,0,3,63,63,38,16,0,0,16,86,0.5,0,3,.
2016,RCH2014,C,RCH2014_C,RCH2014_C_2016,RCH2014_C_2016,1,1,1,5,2,1.732050808,3,3,38,38,16,3,3,0,16,86,3.5,0,63,.
2016,RCH2014,C,RCH2014_C,RCH2014_C_2016,RCH2014_C_2016,3,1,1,2,1.75,0.829156198,0,3,86,63,16,3,0,0,16,86,0.5,0,16,.
2016,RCH2014,C,RCH2014_C,RCH2014_C_2016,RCH2014_C_2016,1,3,1,2,1.75,0.829156198,0,16,98,63,16,16,3,0,38,63,0.5,0,0,.
2016,RCH2014,E,RCH2014_E,RCH2014_E_2016,RCH2014_E_2016,13,11,12,10,11.5,1.118033989,0,3,0,3,98,0,0,0,86,16,0,0,63,.
2016,RCH2014,E,RCH2014_E,RCH2014_E_2016,RCH2014_E_2016,12,11,9,10,10.5,1.118033989,0,3,0,86,38,0,38,0,3,86,2.5,0,38,.
2016,RCH2014,E,RCH2014_E,RCH2014_E_2016,RCH2014_E_2016,6,8,9,9,8,1.224744871,0,38,63,63,38,0,0,0,3,63,1,0,0,.
2016,RCH2014,E,RCH2014_E,RCH2014_E_2016,RCH2014_E_2016,7,7,9,5,7,1.414213562,0,38,16,38,63,0,0,0,38,38,0.5,2,86,.
2016,RCH2014,E,RCH2014_E,RCH2014_E_2016,RCH2014_E_2016,9,3,6,9,6.75,2.487468593,0,38,38,38,38,0,16,0,16,63,0.75,0,98,.
2016,RCH2014,E,RCH2014_E,RCH2014_E_2016,RCH2014_E_2016,7,9,5,5,6.5,1.658312395,3,86,63,3,16,3,16,0,38,38,0.5,0,16,.
2016,RCH2014,E,RCH2014_E,RCH2014_E_2016,RCH2014_E_2016,7,7,3,7,6,1.732050808,0,38,3,38,16,0,0,0,16,86,1.5,0,16,.
2016,RCH2014,E,RCH2014_E,RCH2014_E_2016,RCH2014_E_2016,7,6,5,4,5.5,1.118033989,0,86,98,16,38,0,0,0,3,86,0,0,0,.
2016,RCH2014,E,RCH2014_E,RCH2014_E_2016,RCH2014_E_2016,7,6,5,3,5.25,1.479019946,0,16,3,16,38,0,0,0,16,86,0.25,0,63,.
2016,RCH2014,E,RCH2014_E,RCH2014_E_2016,RCH2014_E_2016,7,5,4,5,5.25,1.089724736,0,16,3,63,16,0,16,0,16,86,1.5,0,98,.
2016,RCH2014,E,RCH2014_E,RCH2014_E_2016,RCH2014_E_2016,5,4,4,7,5,1.224744871,0,63,38,16,38,0,0,0,3,98,1.5,0,38,.
2016,RCH2014,E,RCH2014_E,RCH2014_E_2016,RCH2014_E_2016,7,3,6,3,4.75,1.785357107,0,86,98,16,16,0,0,0,3,86,1,0,38,.
2016,RCH2014,E,RCH2014_E,RCH2014_E_2016,RCH2014_E_2016,7,3,5,3,4.5,1.658312395,0,86,98,16,38,0,0,0,38,38,0,0,16,.
2016,RCH2014,E,RCH2014_E,RCH2014_E_2016,RCH2014_E_2016,7,3,5,2,4.25,1.920286437,0,63,16,16,16,0,0,0,3,86,1.5,0,98,.
2016,RCH2014,E,RCH2014_E,RCH2014_E_2016,RCH2014_E_2016,6,3,3,4,4,1.224744871,0,86,0,16,3,0,3,0,38,38,0.5,0,38,.
2016,RCH2014,E,RCH2014_E,RCH2014_E_2016,RCH2014_E_2016,5,4,2,4,3.75,1.089724736,3,86,86,3,16,3,0,0,16,86,2.5,2,16,.
2016,RCH2014,E,RCH2014_E,RCH2014_E_2016,RCH2014_E_2016,3,4,4,4,3.75,0.433012702,0,16,0,63,3,3,0,0,38,63,2,0,38,.
2016,RCH2014,E,RCH2014_E,RCH2014_E_2016,RCH2014_E_2016,5,3,3,3,3.5,0.866025404,3,86,63,63,16,0,0,0,3,86,0,0,3,.
2016,RCH2014,E,RCH2014_E,RCH2014_E_2016,RCH2014_E_2016,2,4,4,3,3.25,0.829156198,0,63,98,16,16,0,0,0,0,86,1.75,0,0,.
2016,RCH2014,E,RCH2014_E,RCH2014_E_2016,RCH2014_E_2016,3,3,4,3,3.25,0.433012702,0,16,0,63,3,0,3,0,16,86,0,0,86,.
2016,RCH2014,E,RCH2014_E,RCH2014_E_2016,RCH2014_E_2016,3,2,4,3,3,0.707106781,3,86,0,3,3,0,0,0,38,38,0.5,0,0,.
2016,RCH2014,E,RCH2014_E,RCH2014_E_2016,RCH2014_E_2016,3,3,3,3,3,0,0,38,16,38,3,38,0,0,16,63,0.5,0,86,.
2016,RCH2014,E,RCH2014_E,RCH2014_E_2016,RCH2014_E_2016,3,3,2,3,2.75,0.433012702,38,63,98,3,16,0,0,0,86,16,0.5,0,98,.
2016,RCH2014,E,RCH2014_E,RCH2014_E_2016,RCH2014_E_2016,3,3,2,3,2.75,0.433012702,0,38,0,38,3,3,0,0,16,86,0.5,0,16,.
2016,RCH2014,E,RCH2014_E,RCH2014_E_2016,RCH2014_E_2016,2,3,3,3,2.75,0.433012702,0,63,86,16,3,0,0,0,16,86,3.5,0,0,.
2016,RCH2014,E,RCH2014_E,RCH2014_E_2016,RCH2014_E_2016,3,2,3,2,2.5,0.5,0,38,3,38,3,0,0,0,16,86,0.5,0,0,.
2016,RCH2014,E,RCH2014_E,RCH2014_E_2016,RCH2014_E_2016,2,2,2,3,2.25,0.433012702,0,63,16,38,1,0,0,0,38,63,2,0,0,.
2016,RCH2014,E,RCH2014_E,RCH2014_E_2016,RCH2014_E_2016,2,2,3,2,2.25,0.433012702,0,16,16,63,3,0,0,0,16,63,0,1,0,.
2016,RCH2014,E,RCH2014_E,RCH2014_E_2016,RCH2014_E_2016,2,3,2,2,2.25,0.433012702,0,86,16,16,38,1,0,0,16,63,0.5,0,16,.
2016,RCH2014,E,RCH2014_E,RCH2014_E_2016,RCH2014_E_2016,2,2,2,2,2,0,0,16,38,38,3,1,0,0,38,38,0,1,0,.
2016,RCH2014,W,RCH2014_W,RCH2014_W_2016,RCH2014_W_2016,2,6,2,5,3.75,1.785357107,16,3,63,16,38,16,0,0,86,3,0,0,16,.
2016,RCH2014,W,RCH2014_W,RCH2014_W_2016,RCH2014_W_2016,4,2,3,5,3.5,1.118033989,3,1,86,38,38,16,0,0,63,16,0,0,0,.
2016,RCH2014,W,RCH2014_W,RCH2014_W_2016,RCH2014_W_2016,4,3,3,2,3,0.707106781,3,3,16,16,63,16,0,0,63,16,0,0,16,.
2016,RCH2014,W,RCH2014_W,RCH2014_W_2016,RCH2014_W_2016,2,5,2,3,3,1.224744871,3,16,38,63,38,16,0,0,63,38,0,0,38,.
2016,RCH2014,W,RCH2014_W,RCH2014_W_2016,RCH2014_W_2016,2,3,3,2,2.5,0.5,16,16,86,16,16,3,3,0,16,86,0,0,0,.
2016,RCH2014,W,RCH2014_W,RCH2014_W_2016,RCH2014_W_2016,2,3,2,3,2.5,0.5,0,38,16,16,3,16,0,0,86,16,0,0,0,.
2016,RCH2014,W,RCH2014_W,RCH2014_W_2016,RCH2014_W_2016,1,4,2,2,2.25,1.089724736,0,16,63,16,38,63,0,0,63,16,0,0,0,.
2016,RCH2014,W,RCH2014_W,RCH2014_W_2016,RCH2014_W_2016,3,3,1,2,2.25,0.829156198,3,3,86,3,38,3,0,0,63,16,0,1,16,.
2016,RCH2014,W,RCH2014_W,RCH2014_W_2016,RCH2014_W_2016,1,1,3,3,2,1,3,3,86,38,38,16,0,0,16,63,0,0,3,.
2016,RCH2014,W,RCH2014_W,RCH2014_W_2016,RCH2014_W_2016,1,5,1,1,2,1.732050808,3,16,86,38,38,16,0,0,16,86,0,0,0,.
2016,RCH2014,W,RCH2014_W,RCH2014_W_2016,RCH2014_W_2016,2,1,1,4,2,1.224744871,3,38,86,38,3,16,0,0,16,86,3,0,0,.
2016,RCH2014,W,RCH2014_W,RCH2014_W_2016,RCH2014_W_2016,2,2,2,2,2,0,0,3,16,38,38,38,0,0,63,16,0,0,38,.
2016,RCH2014,W,RCH2014_W,RCH2014_W_2016,RCH2014_W_2016,2,3,1,1,1.75,0.829156198,0,63,0,16,16,16,0,0,16,86,1.75,0,0,.
2016,RCH2014,W,RCH2014_W,RCH2014_W_2016,RCH2014_W_2016,0,1,3,2,1.5,1.118033989,3,3,16,86,16,38,0,0,63,16,0,0,3,.
2016,RCH2014,W,RCH2014_W,RCH2014_W_2016,RCH2014_W_2016,1,2,1,1,1.25,0.433012702,16,3,86,3,16,63,0,0,86,16,0,0,38,.
2016,RCH2014,W,RCH2014_W,RCH2014_W_2016,RCH2014_W_2016,2,1,1,1,1.25,0.433012702,3,3,86,3,16,63,0,0,63,16,0.5,0,3,.
2016,RCH2014,W,RCH2014_W,RCH2014_W_2016,RCH2014_W_2016,1,0,2,2,1.25,0.829156198,3,3,86,16,16,38,0,0,63,16,0.25,0,0,.
2016,RCH2014,W,RCH2014_W,RCH2014_W_2016,RCH2014_W_2016,2,2,0,1,1.25,0.829156198,3,3,0,38,16,16,0,0,86,16,0,0,86,.
2016,RCH2014,W,RCH2014_W,RCH2014_W_2016,RCH2014_W_2016,1,1,1,1,1,0,0,38,63,3,16,16,0,0,3,98,1.25,0,3,.
2016,RCH2014,W,RCH2014_W,RCH2014_W_2016,RCH2014_W_2016,1,1,0,1,0.75,0.433012702,3,16,86,3,16,3,0,0,38,63,0,1,0,.
2016,RCH2014,W,RCH2014_W,RCH2014_W_2016,RCH2014_W_2016,2,1,0,0,0.75,0.829156198,0,63,38,3,16,16,0,0,16,86,1,1,0,.
2016,RCH2014,W,RCH2014_W,RCH2014_W_2016,RCH2014_W_2016,1,0,1,1,0.75,0.433012702,3,16,38,16,16,16,3,0,86,16,0,0,0,.
2016,RCH2014,W,RCH2014_W,RCH2014_W_2016,RCH2014_W_2016,1,0,0,1,0.5,0.5,3,16,98,16,16,63,0,0,63,38,0,0,0,.
2016,RCH2014,W,RCH2014_W,RCH2014_W_2016,RCH2014_W_2016,1,0,1,0,0.5,0.5,3,16,86,3,16,38,0,0,63,38,0,0,3,.
2016,RCH2014,W,RCH2014_W,RCH2014_W_2016,RCH2014_W_2016,1,0,0,1,0.5,0.5,3,16,98,3,16,16,0,0,63,38,0,0,16,.
2016,RCH2014,W,RCH2014_W,RCH2014_W_2016,RCH2014_W_2016,1,1,0,0,0.5,0.5,0,38,0,3,3,38,0,0,63,3,0,0,0,.
2016,RCH2014,W,RCH2014_W,RCH2014_W_2016,RCH2014_W_2016,0,1,0,0,0.25,0.433012702,38,3,86,3,3,16,0,0,63,38,0,1,0,.
2016,RCH2014,W,RCH2014_W,RCH2014_W_2016,RCH2014_W_2016,1,0,0,0,0.25,0.433012702,3,3,98,16,16,38,0,0,86,16,0,0,0,.
2016,RCH2014,W,RCH2014_W,RCH2014_W_2016,RCH2014_W_2016,0,0,0,1,0.25,0.433012702,3,3,63,3,3,63,1,0,86,3,0,0,0,.
2016,RCH2014,W,RCH2014_W,RCH2014_W_2016,RCH2014_W_2016,0,0,0,0,0,0,3,3,0,3,3,63,0,0,86,3,0,0,0,.
2016,RIE,E,RIE_E,RIE_E_2016,RIE_E_2016,15,16,18,15,16,1.414213562,0,16,0,16,98,3,0,0,16,86,1.5,0,0,
2016,RIE,E,RIE_E,RIE_E_2016,RIE_E_2016,13,14,15,20,15.5,3.109126351,0,0,0,1,86,16,0,0,3,98,1,0,0,
2016,RIE,E,RIE_E,RIE_E_2016,RIE_E_2016,14,14,18,16,15.5,1.914854216,0,3,0,38,86,16,0,0,16,63,0,0,0,
2016,RIE,E,RIE_E,RIE_E_2016,RIE_E_2016,12,13,12,15,13,1.414213562,0,0,0,1,86,3,0,0,98,3,0.5,0,0,
2016,RIE,E,RIE_E,RIE_E_2016,RIE_E_2016,12,14,12,11,12.25,1.258305739,0,3,0,16,98,3,0,0,3,98,1.5,0,0,
2016,RIE,E,RIE_E,RIE_E_2016,RIE_E_2016,8,13,16,12,12.25,3.304037934,0,3,0,3,63,38,0,0,3,98,1,0,0,
2016,RIE,E,RIE_E,RIE_E_2016,RIE_E_2016,14,11,12,10,11.75,1.707825128,0,0,0,3,98,38,0,0,3,98,1,0,0,
2016,RIE,E,RIE_E,RIE_E_2016,RIE_E_2016,10,8,15,12,11.25,2.986078811,0,0,0,3,98,63,0,0,86,16,1,0,0,
2016,RIE,E,RIE_E,RIE_E_2016,RIE_E_2016,11,11,11,11,11,0,0,0,0,0,0,98,0,0,38,38,1,0,0,
2016,RIE,E,RIE_E,RIE_E_2016,RIE_E_2016,11,11,11,11,11,0,0,0,0,0,1,98,0,0,38,63,2,0,0,
2016,RIE,E,RIE_E,RIE_E_2016,RIE_E_2016,11,11,11,11,11,0,0,0,0,0,0,98,0,0,38,63,3,0,0,
2016,RIE,E,RIE_E,RIE_E_2016,RIE_E_2016,11,11,11,11,11,0,0,0,0,0,3,98,0,0,16,86,1,0,0,
2016,RIE,E,RIE_E,RIE_E_2016,RIE_E_2016,10,11,10,12,10.75,0.957427108,0,0,0,0,63,63,38,0,63,16,0,0,0,
2016,RIE,E,RIE_E,RIE_E_2016,RIE_E_2016,9,11,9,9,9.5,1,0,0,0,3,98,16,0,0,16,86,1,0,0,
2016,RIE,E,RIE_E,RIE_E_2016,RIE_E_2016,10,7,10,11,9.5,1.732050808,0,1,0,3,98,3,0,0,16,86,1,0,0,
2016,RIE,E,RIE_E,RIE_E_2016,RIE_E_2016,11,12,7,7,9.25,2.62995564,0,0,0,3,98,16,0,0,86,16,1,0,0,
2016,RIE,E,RIE_E,RIE_E_2016,RIE_E_2016,9,9,9,8,8.75,0.5,0,0,0,3,98,38,0,0,38,38,1,0,0,
2016,RIE,E,RIE_E,RIE_E_2016,RIE_E_2016,8,7,10,7,8,1.414213562,0,0,0,16,63,16,0,0,16,63,0,0,0,
2016,RIE,E,RIE_E,RIE_E_2016,RIE_E_2016,7,9,8,7,7.75,0.957427108,38,0,0,16,63,38,0,0,38,38,1,0,0,
2016,RIE,E,RIE_E,RIE_E_2016,RIE_E_2016,8,8,6,6,7,1.154700538,3,0,0,16,63,38,0,0,16,86,0.5,0,0,
2016,RIE,E,RIE_E,RIE_E_2016,RIE_E_2016,7,8,8,5,7,1.414213562,0,0,0,63,86,16,0,0,38,16,0.5,0,0,
2016,RIE,E,RIE_E,RIE_E_2016,RIE_E_2016,6,7,7,8,7,0.816496581,0,0,0,16,98,0,0,0,38,38,1,0,0,
2016,RIE,E,RIE_E,RIE_E_2016,RIE_E_2016,7,7,6,7,6.75,0.5,0,0,0,3,38,63,0,0,86,16,1,0,0,
2016,RIE,E,RIE_E,RIE_E_2016,RIE_E_2016,7,6,7,6,6.5,0.577350269,63,0,0,16,63,0,0,0,63,38,0.5,0,0,
2016,RIE,E,RIE_E,RIE_E_2016,RIE_E_2016,5,6,7,5,5.75,0.957427108,0,0,0,38,16,63,0,0,86,16,7,0,0,
2016,RIE,E,RIE_E,RIE_E_2016,RIE_E_2016,5,7,6,4,5.5,1.290994449,0,3,0,38,63,38,0,0,3,98,1,0,0,
2016,RIE,E,RIE_E,RIE_E_2016,RIE_E_2016,5,5,5,6,5.25,0.5,16,3,0,38,38,63,0,0,38,38,0,0,0,
2016,RIE,E,RIE_E,RIE_E_2016,RIE_E_2016,5,5,5,5,5,0,38,3,0,16,63,38,0,0,3,98,1,0,0,
2016,RIE,E,RIE_E,RIE_E_2016,RIE_E_2016,4,3,3,5,3.75,0.957427108,63,0,0,16,38,3,0,0,86,3,0,0,0,
2016,RIE,E,RIE_E,RIE_E_2016,RIE_E_2016,3,2,3,3,2.75,0.5,16,0,0,38,38,0,0,0,63,16,0,0,0,
2016,RIE,N,RIE_N,RIE_N_2016,RIE_N_2016,20,20,18,20,19.5,1,0,0,0,16,63,0,16,0,3,98,0,0,0,
2016,RIE,N,RIE_N,RIE_N_2016,RIE_N_2016,20,20,10,20,17.5,5,0,3,0,16,86,16,0,0,16,86,7.75,0,0,
2016,RIE,N,RIE_N,RIE_N_2016,RIE_N_2016,16,20,13,20,17.25,3.403429643,0,0,0,0,98,3,0,0,63,38,3.25,0,0,
2016,RIE,N,RIE_N,RIE_N_2016,RIE_N_2016,20,10,14,20,16,4.898979486,16,0,0,3,38,63,16,0,3,86,1.5,0,0,
2016,RIE,N,RIE_N,RIE_N_2016,RIE_N_2016,18,11,18,14,15.25,3.403429643,0,0,0,63,86,16,0,0,3,98,3.25,0,0,
2016,RIE,N,RIE_N,RIE_N_2016,RIE_N_2016,11,20,20,10,15.25,5.5,0,16,0,3,38,38,38,0,0,98,0,0,0,
2016,RIE,N,RIE_N,RIE_N_2016,RIE_N_2016,10,10,20,20,15,5.773502692,0,0,0,86,38,0,3,0,3,86,0,0,0,
2016,RIE,N,RIE_N,RIE_N_2016,RIE_N_2016,15,16,14,11,14,2.160246899,0,0,0,3,38,0,86,0,38,63,0,0,0,
2016,RIE,N,RIE_N,RIE_N_2016,RIE_N_2016,18,18,11,8,13.75,5.057996968,0,3,0,63,86,16,0,0,16,86,2.5,0,0,
2016,RIE,N,RIE_N,RIE_N_2016,RIE_N_2016,13,10,11,15,12.25,2.217355783,0,0,0,16,98,0,0,0,0,98,4.25,0,0,
2016,RIE,N,RIE_N,RIE_N_2016,RIE_N_2016,20,9,6,13,12,6.055300708,0,3,0,0,86,0,16,0,3,98,2,0,0,
2016,RIE,N,RIE_N,RIE_N_2016,RIE_N_2016,10,10,8,19,11.75,4.924428901,0,3,0,16,16,3,86,0,3,98,1,0,0,
2016,RIE,N,RIE_N,RIE_N_2016,RIE_N_2016,8,13,14,12,11.75,2.62995564,0,0,0,16,86,0,0,0,0,98,1.5,0,0,
2016,RIE,N,RIE_N,RIE_N_2016,RIE_N_2016,11,10,10,10,10.25,0.5,0,0,0,0,38,86,0,0,3,86,1,0,0,
2016,RIE,N,RIE_N,RIE_N_2016,RIE_N_2016,10,12,5,11,9.5,3.109126351,0,16,0,3,38,86,38,0,16,86,1.5,0,0,
2016,RIE,N,RIE_N,RIE_N_2016,RIE_N_2016,9,9,8,8,8.5,0.577350269,0,0,0,16,63,38,38,0,0,86,3,0,0,
2016,RIE,N,RIE_N,RIE_N_2016,RIE_N_2016,9,10,8,6,8.25,1.707825128,16,3,0,16,63,3,16,0,0,86,2.5,0,0,
2016,RIE,N,RIE_N,RIE_N_2016,RIE_N_2016,6,8,8,10,8,1.632993162,0,1,0,3,63,16,16,0,0,98,1,0,0,
2016,RIE,N,RIE_N,RIE_N_2016,RIE_N_2016,4,7,14,5,7.5,4.509249753,0,3,0,0,86,0,0,0,0,98,2,0,0,
2016,RIE,N,RIE_N,RIE_N_2016,RIE_N_2016,11,7,5,7,7.5,2.516611478,0,0,0,1,98,3,0,0,16,86,1,0,0,
2016,RIE,N,RIE_N,RIE_N_2016,RIE_N_2016,6,6,12,5,7.25,3.201562119,0,63,0,16,3,16,38,0,0,98,4.25,0,0,
2016,RIE,N,RIE_N,RIE_N_2016,RIE_N_2016,8,6,6,8,7,1.154700538,0,38,0,16,38,38,0,0,0,98,18.5,0,0,
2016,RIE,N,RIE_N,RIE_N_2016,RIE_N_2016,6,6,6,8,6.5,1,0,0,0,38,63,16,1,0,3,98,0.5,0,0,
2016,RIE,N,RIE_N,RIE_N_2016,RIE_N_2016,7,5,6,7,6.25,0.957427108,0,16,0,16,16,63,0,0,0,98,22,0,0,
2016,RIE,N,RIE_N,RIE_N_2016,RIE_N_2016,3,5,3,11,5.5,3.785938897,0,3,0,38,38,63,0,0,0,86,3,0,0,
2016,RIE,N,RIE_N,RIE_N_2016,RIE_N_2016,4,5,6,6,5.25,0.957427108,0,0,0,16,38,63,0,0,0,86,19.5,0,0,
2016,RIE,N,RIE_N,RIE_N_2016,RIE_N_2016,5,3,5,5,4.5,1,0,98,0,3,16,3,0,0,0,86,11,0,0,
2016,RIE,N,RIE_N,RIE_N_2016,RIE_N_2016,4,4,5,4,4.25,0.5,3,0,0,3,86,16,0,0,16,86,2.5,0,0,
2016,RIE,N,RIE_N,RIE_N_2016,RIE_N_2016,5,4,3,1,3.25,1.707825128,0,0,0,3,16,0,63,0,16,86,0.5,0,0,
2016,RIE,N,RIE_N,RIE_N_2016,RIE_N_2016,4,5,3,1,3.25,1.707825128,3,3,0,38,63,3,0,0,16,86,2,0,0,
2016,RIE,W,RIE_W,RIE_W_2016,RIE_W_2016,20,20,20,20,20,0,0,0,38,98,3,0,0,0,3,98,1,0,0,
2016,RIE,W,RIE_W,RIE_W_2016,RIE_W_2016,20,20,20,19,19.75,0.5,0,3,86,86,86,1,0,0,16,86,2,0,0,
2016,RIE,W,RIE_W,RIE_W_2016,RIE_W_2016,13,17,20,16,16.5,2.886751346,0,16,0,3,38,0,38,0,3,98,0.5,0,16,
2016,RIE,W,RIE_W,RIE_W_2016,RIE_W_2016,15,13,15,15,14.5,1,0,0,63,86,16,0,0,0,3,98,1.5,0,0,
2016,RIE,W,RIE_W,RIE_W_2016,RIE_W_2016,11,20,11,15,14.25,4.272001873,38,0,63,63,38,1,0,0,86,16,0,0,16,
2016,RIE,W,RIE_W,RIE_W_2016,RIE_W_2016,11,16,11,16,13.5,2.886751346,3,16,86,86,16,0,0,0,38,38,0,0,0,
2016,RIE,W,RIE_W,RIE_W_2016,RIE_W_2016,15,15,10,11,12.75,2.62995564,0,16,86,63,98,3,38,0,16,86,2,0,3,
2016,RIE,W,RIE_W,RIE_W_2016,RIE_W_2016,12,16,11,10,12.25,2.62995564,63,3,0,3,38,16,0,0,3,98,1,0,0,
2016,RIE,W,RIE_W,RIE_W_2016,RIE_W_2016,7,17,10,10,11,4.242640687,0,63,3,3,38,38,16,0,3,98,0.5,0,0,
2016,RIE,W,RIE_W,RIE_W_2016,RIE_W_2016,10,12,10,9,10.25,1.258305739,0,0,98,16,86,16,0,0,16,86,0.5,0,3,
2016,RIE,W,RIE_W,RIE_W_2016,RIE_W_2016,9,9,10,10,9.5,0.577350269,3,16,0,16,63,3,16,0,16,86,1,0,0,
2016,RIE,W,RIE_W,RIE_W_2016,RIE_W_2016,11,11,7,9,9.5,1.914854216,0,1,0,0,63,38,0,0,63,16,0,0,0,
2016,RIE,W,RIE_W,RIE_W_2016,RIE_W_2016,9,9,10,10,9.5,0.577350269,0,0,0,63,63,16,0,0,38,63,2.5,0,0,
2016,RIE,W,RIE_W,RIE_W_2016,RIE_W_2016,8,10,8,10,9,1.154700538,3,0,16,63,16,3,16,0,3,98,0.5,1,0,
2016,RIE,W,RIE_W,RIE_W_2016,RIE_W_2016,9,10,7,7,8.25,1.5,0,0,38,38,86,16,0,0,3,98,1.5,0,0,
2016,RIE,W,RIE_W,RIE_W_2016,RIE_W_2016,7,11,11,4,8.25,3.403429643,3,3,16,16,63,38,16,0,16,86,0.5,0,38,
2016,RIE,W,RIE_W,RIE_W_2016,RIE_W_2016,10,7,8,8,8.25,1.258305739,3,38,0,1,38,38,16,0,3,98,0.5,0,3,
2016,RIE,W,RIE_W,RIE_W_2016,RIE_W_2016,9,7,8,9,8.25,0.957427108,0,0,0,3,63,38,0,0,16,86,0,0,0,
2016,RIE,W,RIE_W,RIE_W_2016,RIE_W_2016,8,7,8,9,8,0.816496581,16,0,98,3,86,38,0,0,3,98,1.5,0,16,
2016,RIE,W,RIE_W,RIE_W_2016,RIE_W_2016,10,7,6,5,7,2.160246899,0,16,0,16,38,86,0,0,3,98,0.5,0,16,
2016,RIE,W,RIE_W,RIE_W_2016,RIE_W_2016,5,6,10,6,6.75,2.217355783,0,1,98,3,98,3,0,0,86,16,0,0,16,
2016,RIE,W,RIE_W,RIE_W_2016,RIE_W_2016,6,6,7,8,6.75,0.957427108,0,16,0,16,86,16,0,0,16,86,3,0,16,
2016,RIE,W,RIE_W,RIE_W_2016,RIE_W_2016,7,6,6,7,6.5,0.577350269,3,38,38,38,86,16,0,0,16,86,1.5,0,0,
2016,RIE,W,RIE_W,RIE_W_2016,RIE_W_2016,6,6,7,7,6.5,0.577350269,0,63,86,38,16,16,0,0,1,98,3,0,0,
2016,RIE,W,RIE_W,RIE_W_2016,RIE_W_2016,7,6,6,6,6.25,0.5,0,0,0,0,3,98,0,0,38,38,0,0,0,
2016,RIE,W,RIE_W,RIE_W_2016,RIE_W_2016,4,4,8,8,6,2.309401077,16,0,98,16,63,38,0,0,3,98,0.5,0,0,
2016,RIE,W,RIE_W,RIE_W_2016,RIE_W_2016,6,5,5,7,5.75,0.957427108,0,16,0,0,63,16,0,0,3,98,0.5,0,0,
2016,RIE,W,RIE_W,RIE_W_2016,RIE_W_2016,4,5,3,5,4.25,0.957427108,38,0,98,16,38,3,0,0,63,16,0.5,0,16,
2016,RIE,W,RIE_W,RIE_W_2016,RIE_W_2016,5,3,3,3,3.5,1,0,0,0,0,3,0,0,0,38,38,1,0,0,
2016,RIE,W,RIE_W,RIE_W_2016,RIE_W_2016,3,3,3,5,3.5,1,16,0,98,38,38,3,0,0,38,16,0,1,16,
2016,RIN,E,RIN_E,RIN_E_2016,RIN_E_2016,14,14,13,7,12,2.915475947,16,0,0,38,38,3,0,0,0,98,1.5,0,0,.
2016,RIN,E,RIN_E,RIN_E_2016,RIN_E_2016,13,6,12,15,11.5,3.354101966,16,0,0,1,38,0,63,0,0,98,9.5,0,0,.
2016,RIN,E,RIN_E,RIN_E_2016,RIN_E_2016,10,9,10,10,9.75,0.433012702,16,0,0,63,38,3,63,0,3,86,2.5,0,0,.
2016,RIN,E,RIN_E,RIN_E_2016,RIN_E_2016,8,16,8,5,9.25,4.08503366,3,0,98,3,63,3,38,0,16,86,0,0,3,.
2016,RIN,E,RIN_E,RIN_E_2016,RIN_E_2016,7,10,8,8,8.25,1.089724736,16,0,98,16,38,3,16,0,1,98,8,0,38,.
2016,RIN,E,RIN_E,RIN_E_2016,RIN_E_2016,8,8,5,5,6.5,1.5,38,0,98,3,38,0,0,0,0,98,10.5,0,0,.
2016,RIN,E,RIN_E,RIN_E_2016,RIN_E_2016,5,5,5,9,6,1.732050808,38,0,63,16,63,0,0,0,1,98,3.5,0,16,.
2016,RIN,E,RIN_E,RIN_E_2016,RIN_E_2016,5,5,6,6,5.5,0.5,38,0,98,16,38,16,38,0,0,98,10,0,3,.
2016,RIN,E,RIN_E,RIN_E_2016,RIN_E_2016,5,5,5,5,5,0,63,0,98,16,38,0,3,0,0,98,6,0,0,.
2016,RIN,E,RIN_E,RIN_E_2016,RIN_E_2016,5,6,5,4,5,0.707106781,38,0,98,3,16,16,3,0,1,98,6,2,0,.
2016,RIN,E,RIN_E,RIN_E_2016,RIN_E_2016,5,4,5,5,4.75,0.433012702,63,0,98,16,16,3,16,0,0,98,19.5,0,38,.
2016,RIN,E,RIN_E,RIN_E_2016,RIN_E_2016,5,5,4,5,4.75,0.433012702,63,0,98,16,16,0,16,0,0,98,10,1,0,.
2016,RIN,E,RIN_E,RIN_E_2016,RIN_E_2016,6,3,3,7,4.75,1.785357107,16,0,98,16,38,3,0,0,0,98,9,1,38,.
2016,RIN,E,RIN_E,RIN_E_2016,RIN_E_2016,5,5,5,3,4.5,0.866025404,63,0,98,1,38,16,0,0,0,98,8.5,0,16,.
2016,RIN,E,RIN_E,RIN_E_2016,RIN_E_2016,4,5,4,5,4.5,0.5,63,0,98,16,3,0,0,0,0,98,3.5,0,0,.
2016,RIN,E,RIN_E,RIN_E_2016,RIN_E_2016,5,3,5,5,4.5,0.866025404,86,0,98,16,16,16,3,0,0,98,13,0,16,.
2016,RIN,E,RIN_E,RIN_E_2016,RIN_E_2016,5,4,3,4,4,0.707106781,38,0,98,16,16,1,16,0,0,98,11,0,0,.
2016,RIN,E,RIN_E,RIN_E_2016,RIN_E_2016,5,4,3,4,4,0.707106781,16,0,86,16,16,0,0,0,0,98,7,0,63,.
2016,RIN,E,RIN_E,RIN_E_2016,RIN_E_2016,3,3,5,5,4,1,63,0,98,3,16,0,3,0,0,98,1,0,0,.
2016,RIN,E,RIN_E,RIN_E_2016,RIN_E_2016,4,3,4,4,3.75,0.433012702,38,0,86,38,3,0,16,0,0,98,7,2,16,.
2016,RIN,E,RIN_E,RIN_E_2016,RIN_E_2016,4,5,3,3,3.75,0.829156198,86,0,63,16,16,16,3,0,38,63,0.5,2,0,.
2016,RIN,E,RIN_E,RIN_E_2016,RIN_E_2016,5,3,3,4,3.75,0.829156198,63,0,98,16,16,16,0,0,0,98,15,2,3,.
2016,RIN,E,RIN_E,RIN_E_2016,RIN_E_2016,3,3,5,3,3.5,0.866025404,63,0,98,16,16,3,16,0,0,98,9,0,0,.
2016,RIN,E,RIN_E,RIN_E_2016,RIN_E_2016,3,3,4,4,3.5,0.5,3,0,98,98,3,16,38,0,0,86,10,0,0,.
2016,RIN,E,RIN_E,RIN_E_2016,RIN_E_2016,4,4,2,3,3.25,0.829156198,63,0,98,3,16,0,3,0,0,98,9,0,0,.
2016,RIN,E,RIN_E,RIN_E_2016,RIN_E_2016,3,3,4,3,3.25,0.433012702,38,0,98,16,16,3,16,0,0,98,4.5,0,16,.
2016,RIN,E,RIN_E,RIN_E_2016,RIN_E_2016,3,4,3,3,3.25,0.433012702,63,0,63,3,3,0,16,0,0,98,8,2,0,.
2016,RIN,E,RIN_E,RIN_E_2016,RIN_E_2016,3,3,3,3,3,0,38,0,86,38,16,16,0,0,0,98,2,0,0,.
2016,RIN,E,RIN_E,RIN_E_2016,RIN_E_2016,3,3,2,3,2.75,0.433012702,38,0,98,16,16,16,0,0,0,98,6.5,0,0,.
2016,RIN,E,RIN_E,RIN_E_2016,RIN_E_2016,1,3,3,2,2.25,0.829156198,16,0,3,63,38,0,16,0,0,98,8.5,2,16,.
2016,RIN,S,RIN_S,RIN_S_2016,RIN_S_2016,20,20,18,15,18.25,2.046338193,0,0,98,16,38,3,86,0,63,38,0,0,0,.
2016,RIN,S,RIN_S,RIN_S_2016,RIN_S_2016,14,7,5,7,8.25,3.418698583,63,0,98,16,16,0,38,0,1,98,7,0,0,.
2016,RIN,S,RIN_S,RIN_S_2016,RIN_S_2016,5,5,5,9,6,1.732050808,16,0,98,16,16,1,38,0,0,98,5,0,0,.
2016,RIN,S,RIN_S,RIN_S_2016,RIN_S_2016,5,5,6,8,6,1.224744871,38,0,98,38,38,0,0,0,0,98,6,1,63,.
2016,RIN,S,RIN_S,RIN_S_2016,RIN_S_2016,4,7,6,6,5.75,1.089724736,38,0,38,38,16,0,3,0,0,98,9,0,0,.
2016,RIN,S,RIN_S,RIN_S_2016,RIN_S_2016,9,3,5,6,5.75,2.165063509,16,0,98,16,38,3,16,0,0,98,8,0,0,.
2016,RIN,S,RIN_S,RIN_S_2016,RIN_S_2016,3,6,7,6,5.5,1.5,86,0,38,3,0,3,0,0,0,98,2.5,0,0,.
2016,RIN,S,RIN_S,RIN_S_2016,RIN_S_2016,6,5,5,6,5.5,0.5,63,0,98,16,38,0,0,0,0,98,10,0,38,.
2016,RIN,S,RIN_S,RIN_S_2016,RIN_S_2016,6,5,5,6,5.5,0.5,63,0,98,3,38,0,3,0,0,98,5,0,0,.
2016,RIN,S,RIN_S,RIN_S_2016,RIN_S_2016,7,6,6,3,5.5,1.5,3,0,38,63,38,3,0,0,86,16,0,2,0,.
2016,RIN,S,RIN_S,RIN_S_2016,RIN_S_2016,6,5,5,5,5.25,0.433012702,38,0,86,38,16,0,16,0,0,98,9,2,38,.
2016,RIN,S,RIN_S,RIN_S_2016,RIN_S_2016,6,5,5,5,5.25,0.433012702,38,0,86,38,16,0,0,0,0,98,4,2,86,.
2016,RIN,S,RIN_S,RIN_S_2016,RIN_S_2016,5,5,5,6,5.25,0.433012702,63,0,98,16,38,0,16,0,0,98,6.5,0,0,.
2016,RIN,S,RIN_S,RIN_S_2016,RIN_S_2016,6,5,5,5,5.25,0.433012702,98,0,98,3,0,0,3,0,0,98,8,0,0,.
2016,RIN,S,RIN_S,RIN_S_2016,RIN_S_2016,7,5,4,5,5.25,1.089724736,38,0,98,38,16,1,0,0,0,98,4.5,1,63,.
2016,RIN,S,RIN_S,RIN_S_2016,RIN_S_2016,5,5,5,5,5,0,63,0,86,16,16,0,0,0,0,98,5.5,0,63,.
2016,RIN,S,RIN_S,RIN_S_2016,RIN_S_2016,5,5,5,5,5,0,16,0,86,16,63,0,3,0,0,98,5,2,16,.
2016,RIN,S,RIN_S,RIN_S_2016,RIN_S_2016,5,5,5,5,5,0,38,0,38,38,16,16,16,0,0,0,4,1,38,.
2016,RIN,S,RIN_S,RIN_S_2016,RIN_S_2016,5,5,5,5,5,0,38,0,63,16,38,0,0,0,0,98,10,2,16,.
2016,RIN,S,RIN_S,RIN_S_2016,RIN_S_2016,5,5,5,5,5,0,16,0,38,63,3,0,0,0,0,98,8,2,0,.
2016,RIN,S,RIN_S,RIN_S_2016,RIN_S_2016,5,4,5,5,4.75,0.433012702,63,0,38,38,3,0,0,0,0,98,4,2,0,.
2016,RIN,S,RIN_S,RIN_S_2016,RIN_S_2016,4,4,5,6,4.75,0.829156198,38,0,86,38,38,0,0,0,0,98,5,1,63,.
2016,RIN,S,RIN_S,RIN_S_2016,RIN_S_2016,3,5,5,6,4.75,1.089724736,63,0,63,3,0,0,0,0,0,98,5.5,0,0,.
2016,RIN,S,RIN_S,RIN_S_2016,RIN_S_2016,5,3,6,5,4.75,1.089724736,63,0,98,1,38,3,16,0,0,98,4,0,0,.
2016,RIN,S,RIN_S,RIN_S_2016,RIN_S_2016,5,4,5,5,4.75,0.433012702,63,0,98,38,16,0,0,0,0,98,7.5,2,86,.
2016,RIN,S,RIN_S,RIN_S_2016,RIN_S_2016,5,4,5,5,4.75,0.433012702,38,0,86,38,16,0,0,0,0,98,8,2,63,.
2016,RIN,S,RIN_S,RIN_S_2016,RIN_S_2016,5,3,5,5,4.5,0.866025404,63,0,63,3,0,0,0,0,0,98,8,1,0,.
2016,RIN,S,RIN_S,RIN_S_2016,RIN_S_2016,5,3,3,5,4,1,63,0,86,38,3,3,0,0,0,98,6,2,38,.
2016,RIN,S,RIN_S,RIN_S_2016,RIN_S_2016,3,3,3,5,3.5,0.866025404,63,0,98,16,16,0,0,0,0,98,2.5,1,38,.
2016,RIN,S,RIN_S,RIN_S_2016,RIN_S_2016,3,2,3,3,2.75,0.433012702,16,0,3,63,16,0,0,3,86,3,0,2,0,.
2016,RIN,W,RIN_W,RIN_W_2016,RIN_W_2016,17,17,17,17,17,0,0,0,98,16,86,16,3,0,38,38,0.5,0,0,.
2016,RIN,W,RIN_W,RIN_W_2016,RIN_W_2016,16,16,16,16,16,0,16,0,0,0,86,16,16,0,16,86,1.5,0,38,.
2016,RIN,W,RIN_W,RIN_W_2016,RIN_W_2016,15,15,15,15,15,0,0,0,63,38,63,16,0,0,63,38,0,0,16,.
2016,RIN,W,RIN_W,RIN_W_2016,RIN_W_2016,15,15,15,15,15,0,16,0,98,3,63,16,3,0,16,86,2,0,0,.
2016,RIN,W,RIN_W,RIN_W_2016,RIN_W_2016,14,16,14,14,14.5,0.866025404,38,0,98,16,16,16,0,0,3,86,10,0,3,.
2016,RIN,W,RIN_W,RIN_W_2016,RIN_W_2016,17,11,17,11,14,3,3,0,98,3,16,0,63,0,0,86,16,0,0,.
2016,RIN,W,RIN_W,RIN_W_2016,RIN_W_2016,5,11,13,10,9.75,2.947456531,38,0,98,16,38,16,0,0,3,86,13,0,16,.
2016,RIN,W,RIN_W,RIN_W_2016,RIN_W_2016,9,7,11,6,8.25,1.920286437,16,0,86,16,38,16,0,0,0,98,3,1,16,.
2016,RIN,W,RIN_W,RIN_W_2016,RIN_W_2016,11,7,7,5,7.5,2.179449472,16,0,3,38,38,0,3,0,0,98,6,1,16,.
2016,RIN,W,RIN_W,RIN_W_2016,RIN_W_2016,6,5,11,7,7.25,2.277608395,16,0,98,16,16,3,38,0,0,98,7.5,0,0,.
2016,RIN,W,RIN_W,RIN_W_2016,RIN_W_2016,6,9,7,6,7,1.224744871,16,0,63,16,63,0,0,0,0,98,9,1,86,.
2016,RIN,W,RIN_W,RIN_W_2016,RIN_W_2016,5,5,6,11,6.75,2.487468593,16,0,98,38,38,16,0,0,0,98,4.5,0,0,.
2016,RIN,W,RIN_W,RIN_W_2016,RIN_W_2016,5,8,7,7,6.75,1.089724736,86,0,98,3,3,0,0,0,0,98,5.25,1,0,.
2016,RIN,W,RIN_W,RIN_W_2016,RIN_W_2016,6,6,6,8,6.5,0.866025404,63,0,0,16,16,0,0,0,0,98,4.5,2,0,.
2016,RIN,W,RIN_W,RIN_W_2016,RIN_W_2016,5,7,7,7,6.5,0.866025404,16,0,98,16,16,16,0,0,0,98,9.5,0,0,.
2016,RIN,W,RIN_W,RIN_W_2016,RIN_W_2016,6,6,7,6,6.25,0.433012702,38,0,3,16,16,1,3,0,0,98,6,0,0,.
2016,RIN,W,RIN_W,RIN_W_2016,RIN_W_2016,8,6,6,4,6,1.414213562,16,0,63,38,38,0,38,0,0,98,7,2,0,.
2016,RIN,W,RIN_W,RIN_W_2016,RIN_W_2016,7,6,5,5,5.75,0.829156198,38,0,98,16,16,3,0,0,0,98,9,0,38,.
2016,RIN,W,RIN_W,RIN_W_2016,RIN_W_2016,6,5,4,6,5.25,0.829156198,38,0,98,16,16,0,0,0,0,98,7,2,98,.
2016,RIN,W,RIN_W,RIN_W_2016,RIN_W_2016,5,7,5,4,5.25,1.089724736,63,0,98,16,38,3,0,0,1,98,6,2,16,.
2016,RIN,W,RIN_W,RIN_W_2016,RIN_W_2016,5,5,5,5,5,0,38,0,98,16,38,3,0,0,0,98,12,0,0,.
2016,RIN,W,RIN_W,RIN_W_2016,RIN_W_2016,5,5,5,5,5,0,38,0,98,16,16,3,0,0,0,98,6.5,0,16,.
2016,RIN,W,RIN_W,RIN_W_2016,RIN_W_2016,5,5,5,5,5,0,38,0,86,38,38,3,0,0,0,98,10.5,2,16,.
2016,RIN,W,RIN_W,RIN_W_2016,RIN_W_2016,5,5,5,5,5,0,38,0,63,38,38,0,16,0,0,98,4,1,16,.
2016,RIN,W,RIN_W,RIN_W_2016,RIN_W_2016,5,5,5,5,5,0,38,0,98,16,16,3,0,0,1,98,8,0,38,.
2016,RIN,W,RIN_W,RIN_W_2016,RIN_W_2016,4,5,5,5,4.75,0.433012702,38,0,98,38,16,0,16,0,0,98,6.5,1,63,.
2016,RIN,W,RIN_W,RIN_W_2016,RIN_W_2016,4,5,4,6,4.75,0.829156198,38,0,38,16,16,0,3,0,0,98,6.5,2,86,.
2016,RIN,W,RIN_W,RIN_W_2016,RIN_W_2016,5,5,5,4,4.75,0.433012702,38,0,86,16,38,0,16,0,0,98,12,1,16,.
2016,RIN,W,RIN_W,RIN_W_2016,RIN_W_2016,6,4,3,5,4.5,1.118033989,38,0,16,38,16,3,3,0,0,98,2.5,2,0,.
2016,RIN,W,RIN_W,RIN_W_2016,RIN_W_2016,5,3,3,3,3.5,0.866025404,16,0,38,38,38,0,16,0,38,63,0.5,2,0,.
2016,RIS,C,RIS_C,RIS_C_2016,RIS_C_2016,5,6,7,4,5.5,1.118033989,38,3,3,16,38,3,16,0,1,98,0.75,0,0,.
2016,RIS,C,RIS_C,RIS_C_2016,RIS_C_2016,3,6,7,6,5.5,1.5,16,16,86,3,38,16,38,0,0,0,2.5,0,16,.
2016,RIS,C,RIS_C,RIS_C_2016,RIS_C_2016,8,7,3,3,5.25,2.277608395,3,63,16,16,16,16,16,0,16,63,0,0,0,.
2016,RIS,C,RIS_C,RIS_C_2016,RIS_C_2016,5,5,5,6,5.25,0.433012702,3,16,38,16,63,16,0,0,1,98,9.5,0,0,.
2016,RIS,C,RIS_C,RIS_C_2016,RIS_C_2016,5,5,6,3,4.75,1.089724736,16,38,98,38,38,16,0,0,1,98,3.75,0,3,.
2016,RIS,C,RIS_C,RIS_C_2016,RIS_C_2016,3,4,5,6,4.5,1.118033989,0,38,16,38,3,16,16,0,1,98,0.25,0,16,.
2016,RIS,C,RIS_C,RIS_C_2016,RIS_C_2016,4,4,5,5,4.5,0.5,3,16,38,38,38,3,0,0,1,98,4,1,0,.
2016,RIS,C,RIS_C,RIS_C_2016,RIS_C_2016,4,4,4,6,4.5,0.866025404,0,38,38,38,38,16,0,0,1,98,5.25,0,16,.
2016,RIS,C,RIS_C,RIS_C_2016,RIS_C_2016,5,4,4,3,4,0.707106781,0,38,86,38,16,3,38,0,3,86,0.5,0,16,.
2016,RIS,C,RIS_C,RIS_C_2016,RIS_C_2016,3,4,6,2,3.75,1.479019946,38,38,63,3,16,16,3,0,1,98,3,0,0,.
2016,RIS,C,RIS_C,RIS_C_2016,RIS_C_2016,6,2,3,4,3.75,1.479019946,16,3,3,16,38,16,16,0,1,98,2,0,3,.
2016,RIS,C,RIS_C,RIS_C_2016,RIS_C_2016,4,4,3,4,3.75,0.433012702,38,16,63,16,16,16,0,0,1,98,4.75,0,3,.
2016,RIS,C,RIS_C,RIS_C_2016,RIS_C_2016,4,4,3,3,3.5,0.5,3,38,63,16,16,16,0,0,1,98,8.5,0,0,.
2016,RIS,C,RIS_C,RIS_C_2016,RIS_C_2016,3,4,3,4,3.5,0.5,3,38,3,16,16,16,0,0,1,98,2,0,0,.
2016,RIS,C,RIS_C,RIS_C_2016,RIS_C_2016,4,3,4,3,3.5,0.5,16,3,38,16,16,3,0,0,3,98,1.25,2,63,.
2016,RIS,C,RIS_C,RIS_C_2016,RIS_C_2016,4,3,4,3,3.5,0.5,16,38,86,16,16,3,3,0,1,98,3.25,1,63,.
2016,RIS,C,RIS_C,RIS_C_2016,RIS_C_2016,3,3,4,3,3.25,0.433012702,0,38,3,16,3,38,0,0,1,98,2.75,0,0,.
2016,RIS,C,RIS_C,RIS_C_2016,RIS_C_2016,3,2,4,4,3.25,0.829156198,3,63,38,38,16,3,0,0,3,98,1,0,86,.
2016,RIS,C,RIS_C,RIS_C_2016,RIS_C_2016,3,3,4,3,3.25,0.433012702,3,38,16,63,38,16,0,0,1,98,5.25,0,0,.
2016,RIS,C,RIS_C,RIS_C_2016,RIS_C_2016,3,3,4,3,3.25,0.433012702,0,63,38,16,16,16,0,0,1,98,3,0,16,.
2016,RIS,C,RIS_C,RIS_C_2016,RIS_C_2016,3,3,3,3,3,0,3,16,16,38,38,16,0,0,1,98,2.25,0,98,.
2016,RIS,C,RIS_C,RIS_C_2016,RIS_C_2016,3,3,4,2,3,0.707106781,0,86,86,3,38,3,0,0,1,98,0.5,0,0,.
2016,RIS,C,RIS_C,RIS_C_2016,RIS_C_2016,2,3,3,3,2.75,0.433012702,0,63,3,38,3,16,0,0,1,98,0.25,0,0,.
2016,RIS,C,RIS_C,RIS_C_2016,RIS_C_2016,2,3,4,2,2.75,0.829156198,3,86,86,16,16,3,0,0,1,98,3.75,0,0,.
2016,RIS,C,RIS_C,RIS_C_2016,RIS_C_2016,2,3,2,2,2.25,0.433012702,3,38,3,16,3,38,0,0,3,86,0.25,2,86,.
2016,RIS,C,RIS_C,RIS_C_2016,RIS_C_2016,2,3,3,1,2.25,0.829156198,16,16,38,16,38,16,0,0,3,86,0,2,16,.
2016,RIS,C,RIS_C,RIS_C_2016,RIS_C_2016,2,2,3,1,2,0.707106781,0,38,63,38,3,16,0,0,1,98,1.75,0,0,.
2016,RIS,C,RIS_C,RIS_C_2016,RIS_C_2016,2,2,2,1,1.75,0.433012702,0,16,38,38,3,16,0,0,1,98,2.25,0,0,.
2016,RIS,C,RIS_C,RIS_C_2016,RIS_C_2016,1,1,1,1,1,0,16,3,86,16,3,16,0,0,16,63,0,0,0,.
2016,RIS,C,RIS_C,RIS_C_2016,RIS_C_2016,0,0,1,0,0.25,0.433012702,0,0,98,98,16,3,0,0,1,98,0,0,0,.
2016,RIS,N,RIS_N,RIS_N_2016,RIS_N_2016,12,13,8,6,9.75,2.861380786,0,3,38,3,16,3,63,0,63,38,0,0,0,.
2016,RIS,N,RIS_N,RIS_N_2016,RIS_N_2016,6,9,5,4,6,1.870828693,3,16,86,16,63,16,0,0,1,98,0.75,0,0,.
2016,RIS,N,RIS_N,RIS_N_2016,RIS_N_2016,5,3,5,11,6,3,0,63,3,16,16,3,3,0,1,98,3,0,0,.
2016,RIS,N,RIS_N,RIS_N_2016,RIS_N_2016,4,5,6,6,5.25,0.829156198,63,16,63,16,16,3,38,0,0,0,7,0,98,.
2016,RIS,N,RIS_N,RIS_N_2016,RIS_N_2016,6,5,3,6,5,1.224744871,0,38,3,38,16,16,3,0,1,98,6.75,0,3,.
2016,RIS,N,RIS_N,RIS_N_2016,RIS_N_2016,6,5,4,3,4.5,1.118033989,3,38,0,16,1,3,63,0,1,98,1.5,0,0,.
2016,RIS,N,RIS_N,RIS_N_2016,RIS_N_2016,6,6,2,3,4.25,1.785357107,0,63,16,16,38,3,3,0,3,98,0,0,0,.
2016,RIS,N,RIS_N,RIS_N_2016,RIS_N_2016,4,4,4,5,4.25,0.433012702,0,38,3,38,16,3,0,0,1,98,2.25,0,98,.
2016,RIS,N,RIS_N,RIS_N_2016,RIS_N_2016,4,4,4,4,4,0,0,63,3,16,16,3,0,0,1,98,6,0,63,.
2016,RIS,N,RIS_N,RIS_N_2016,RIS_N_2016,4,5,4,3,4,0.707106781,0,38,63,16,38,3,3,0,1,98,4.5,0,0,.
2016,RIS,N,RIS_N,RIS_N_2016,RIS_N_2016,4,3,4,4,3.75,0.433012702,0,38,38,38,3,3,0,0,1,98,4.25,2,1,.
2016,RIS,N,RIS_N,RIS_N_2016,RIS_N_2016,3,2,3,5,3.25,1.089724736,3,38,63,16,38,3,0,0,3,98,2.5,0,86,.
2016,RIS,N,RIS_N,RIS_N_2016,RIS_N_2016,5,3,2,2,3,1.224744871,0,16,3,38,16,3,0,0,1,98,0.75,0,0,.
2016,RIS,N,RIS_N,RIS_N_2016,RIS_N_2016,2,4,4,2,3,1,0,3,63,63,16,16,0,0,16,63,0,0,0,.
2016,RIS,N,RIS_N,RIS_N_2016,RIS_N_2016,3,3,4,2,3,0.707106781,3,63,38,38,3,3,0,0,1,98,5.25,0,63,.
2016,RIS,N,RIS_N,RIS_N_2016,RIS_N_2016,2,3,3,3,2.75,0.433012702,0,63,16,16,16,16,0,0,3,86,0.5,0,0,.
2016,RIS,N,RIS_N,RIS_N_2016,RIS_N_2016,2,4,2,3,2.75,0.829156198,3,38,0,38,3,16,0,0,1,98,1,0,0,.
2016,RIS,N,RIS_N,RIS_N_2016,RIS_N_2016,2,3,2,4,2.75,0.829156198,3,16,16,38,16,3,16,0,1,98,4,2,0,.
2016,RIS,N,RIS_N,RIS_N_2016,RIS_N_2016,3,2,3,3,2.75,0.433012702,0,16,16,38,3,16,1,0,1,98,3,0,38,.
2016,RIS,N,RIS_N,RIS_N_2016,RIS_N_2016,3,3,2,3,2.75,0.433012702,3,38,3,16,3,16,0,0,1,98,1,0,0,.
2016,RIS,N,RIS_N,RIS_N_2016,RIS_N_2016,2,3,3,3,2.75,0.433012702,38,16,86,16,16,3,0,0,1,98,4.75,0,0,.
2016,RIS,N,RIS_N,RIS_N_2016,RIS_N_2016,3,3,2,2,2.5,0.5,3,63,3,16,16,16,0,0,3,86,2,0,0,.
2016,RIS,N,RIS_N,RIS_N_2016,RIS_N_2016,3,2,2,3,2.5,0.5,16,3,86,16,16,3,0,0,3,86,0,2,0,.
2016,RIS,N,RIS_N,RIS_N_2016,RIS_N_2016,3,2,3,2,2.5,0.5,3,63,63,16,3,3,0,0,1,98,4,0,3,.
2016,RIS,N,RIS_N,RIS_N_2016,RIS_N_2016,2,2,2,3,2.25,0.433012702,16,16,38,16,16,38,0,0,1,98,1.75,0,0,.
2016,RIS,N,RIS_N,RIS_N_2016,RIS_N_2016,2,3,2,2,2.25,0.433012702,3,38,38,16,3,16,0,0,3,98,3.75,0,0,.
2016,RIS,N,RIS_N,RIS_N_2016,RIS_N_2016,3,1,5,0,2.25,1.920286437,3,63,63,3,3,3,3,0,1,98,2.5,1,0,.
2016,RIS,N,RIS_N,RIS_N_2016,RIS_N_2016,2,2,2,2,2,0,0,63,38,16,3,16,0,0,3,98,0.25,0,0,.
2016,RIS,N,RIS_N,RIS_N_2016,RIS_N_2016,2,1,1,3,1.75,0.829156198,3,16,38,38,3,16,0,0,3,98,0,1,0,.
2016,RIS,N,RIS_N,RIS_N_2016,RIS_N_2016,1,0,1,1,0.75,0.433012702,16,16,3,16,3,16,0,0,1,98,0,0,0,.
2016,RIS,S,RIS_S,RIS_S_2016,RIS_S_2016,2,2,3,2,2.25,0.433012702,0,63,3,16,16,3,0,0,63,16,0,0,0,.
2016,RIS,S,RIS_S,RIS_S_2016,RIS_S_2016,3,3,2,1,2.25,0.829156198,0,86,16,63,16,3,0,0,86,3,0,0,3,.
2016,RIS,S,RIS_S,RIS_S_2016,RIS_S_2016,2,2,3,2,2.25,0.433012702,3,63,3,16,3,16,3,0,63,16,0.25,0,0,.
2016,RIS,S,RIS_S,RIS_S_2016,RIS_S_2016,2,2,3,1,2,0.707106781,16,38,86,38,16,3,3,0,38,16,0,2,38,.
2016,RIS,S,RIS_S,RIS_S_2016,RIS_S_2016,2,2,2,2,2,0,3,63,38,16,3,16,0,0,63,16,1,0,3,.
2016,RIS,S,RIS_S,RIS_S_2016,RIS_S_2016,2,2,2,2,2,0,38,38,86,38,16,3,0,0,86,3,0,0,63,.
2016,RIS,S,RIS_S,RIS_S_2016,RIS_S_2016,2,2,2,2,2,0,16,38,38,16,38,16,0,0,98,1,0,2,1,.
2016,RIS,S,RIS_S,RIS_S_2016,RIS_S_2016,1,3,2,1,1.75,0.829156198,16,16,3,16,16,3,0,0,63,16,0,1,38,.
2016,RIS,S,RIS_S,RIS_S_2016,RIS_S_2016,1,3,2,1,1.75,0.829156198,3,38,38,16,16,3,0,0,86,3,0,0,0,.
2016,RIS,S,RIS_S,RIS_S_2016,RIS_S_2016,3,1,1,2,1.75,0.829156198,3,38,3,38,3,16,0,0,0,0,2.25,0,0,.
2016,RIS,S,RIS_S,RIS_S_2016,RIS_S_2016,2,2,1,2,1.75,0.433012702,3,16,86,38,16,16,0,0,86,3,0,1,86,.
2016,RIS,S,RIS_S,RIS_S_2016,RIS_S_2016,2,1,2,2,1.75,0.433012702,38,16,86,16,0,38,0,0,86,3,0.25,1,0,.
2016,RIS,S,RIS_S,RIS_S_2016,RIS_S_2016,1,1,2,2,1.5,0.5,16,16,16,16,16,16,0,0,86,3,0,0,16,.
2016,RIS,S,RIS_S,RIS_S_2016,RIS_S_2016,2,0,2,2,1.5,0.866025404,3,38,38,16,16,16,0,0,0,0,0.25,1,3,.
2016,RIS,S,RIS_S,RIS_S_2016,RIS_S_2016,2,1,2,1,1.5,0.5,3,63,63,16,3,3,3,0,86,3,0,0,0,.
2016,RIS,S,RIS_S,RIS_S_2016,RIS_S_2016,2,1,1,2,1.5,0.5,16,16,38,16,3,16,0,0,86,3,0.5,2,0,.
2016,RIS,S,RIS_S,RIS_S_2016,RIS_S_2016,1,1,1,2,1.25,0.433012702,3,63,3,16,3,16,0,0,63,16,0.75,0,0,.
2016,RIS,S,RIS_S,RIS_S_2016,RIS_S_2016,1,1,2,1,1.25,0.433012702,16,38,16,16,16,16,0,0,86,3,0,0,0,.
2016,RIS,S,RIS_S,RIS_S_2016,RIS_S_2016,1,1,1,1,1,0,3,38,63,38,16,16,0,0,16,38,0,0,16,.
2016,RIS,S,RIS_S,RIS_S_2016,RIS_S_2016,1,1,1,1,1,0,38,16,63,38,3,16,0,0,63,38,0.5,1,1,.
2016,RIS,S,RIS_S,RIS_S_2016,RIS_S_2016,1,1,1,1,1,0,16,3,86,16,3,16,0,0,86,3,0,0,0,.
2016,RIS,S,RIS_S,RIS_S_2016,RIS_S_2016,1,1,1,1,1,0,16,3,86,38,16,16,0,0,86,3,0,0,0,.
2016,RIS,S,RIS_S,RIS_S_2016,RIS_S_2016,1,0,1,1,0.75,0.433012702,38,16,86,38,3,3,0,0,98,3,0,0,0,.
2016,RIS,S,RIS_S,RIS_S_2016,RIS_S_2016,1,0,1,1,0.75,0.433012702,16,38,38,38,3,3,0,0,98,3,0,0,0,.
2016,RIS,S,RIS_S,RIS_S_2016,RIS_S_2016,0,1,1,1,0.75,0.433012702,3,63,3,16,3,3,0,0,86,3,0.5,0,0,.
2016,RIS,S,RIS_S,RIS_S_2016,RIS_S_2016,1,0,0,1,0.5,0.5,16,38,86,16,16,3,0,0,38,38,0,0,3,.
2016,RIS,S,RIS_S,RIS_S_2016,RIS_S_2016,1,0,0,1,0.5,0.5,38,16,86,16,3,16,0,0,38,38,0,0,16,.
2016,RIS,S,RIS_S,RIS_S_2016,RIS_S_2016,1,0,0,1,0.5,0.5,3,38,86,38,1,16,0,0,63,3,0,0,0,.
2016,RIS,S,RIS_S,RIS_S_2016,RIS_S_2016,1,0,0,1,0.5,0.5,16,3,16,38,3,3,16,0,38,16,0.5,0,0,.
2016,RIS,S,RIS_S,RIS_S_2016,RIS_S_2016,0,0,0,0,0,0,63,38,0,3,16,3,0,0,63,16,1.25,0,86,.
2016,RNR,C,RNR_C,RNR_C_2016,RNR_C_2016,10,15,10,15,12.5,2.886751346,86,0,0,0,16,3,0,0,98,3,0,0,0,
2016,RNR,C,RNR_C,RNR_C_2016,RNR_C_2016,10,11,11,13,11.25,1.258305739,86,0,0,0,38,16,0,0,3,86,0,0,0,
2016,RNR,C,RNR_C,RNR_C_2016,RNR_C_2016,11,11,11,11,11,0,0,0,0,38,86,3,0,0,16,86,1.5,0,0,
2016,RNR,C,RNR_C,RNR_C_2016,RNR_C_2016,10,11,10,10,10.25,0.5,86,0,0,3,16,3,0,0,16,63,0,0,0,
2016,RNR,C,RNR_C,RNR_C_2016,RNR_C_2016,10,11,10,9,10,0.816496581,98,0,0,3,16,3,0,0,86,3,0,0,0,
2016,RNR,C,RNR_C,RNR_C_2016,RNR_C_2016,6,9,10,14,9.75,3.304037934,3,16,0,38,38,0,63,0,16,86,0,0,0,
2016,RNR,C,RNR_C,RNR_C_2016,RNR_C_2016,10,10,8,10,9.5,1,38,16,0,16,16,38,0,0,86,16,0,0,0,
2016,RNR,C,RNR_C,RNR_C_2016,RNR_C_2016,9,10,8,11,9.5,1.290994449,1,0,0,38,86,16,0,0,16,86,0,0,0,
2016,RNR,C,RNR_C,RNR_C_2016,RNR_C_2016,10,7,10,9,9,1.414213562,86,0,0,3,3,3,0,0,98,3,0,0,0,
2016,RNR,C,RNR_C,RNR_C_2016,RNR_C_2016,10,9,7,10,9,1.414213562,38,0,0,16,16,63,0,0,86,16,0,0,0,
2016,RNR,C,RNR_C,RNR_C_2016,RNR_C_2016,6,10,11,8,8.75,2.217355783,63,0,0,3,16,38,0,0,3,98,0,0,0,
2016,RNR,C,RNR_C,RNR_C_2016,RNR_C_2016,10,10,9,5,8.5,2.380476143,16,0,0,16,38,16,63,0,3,98,1,0,0,
2016,RNR,C,RNR_C,RNR_C_2016,RNR_C_2016,12,8,6,7,8.25,2.62995564,63,0,0,3,63,3,0,0,16,63,0,0,0,
2016,RNR,C,RNR_C,RNR_C_2016,RNR_C_2016,7,7,8,7,7.25,0.5,86,0,0,0,16,63,0,0,38,63,0,0,0,
2016,RNR,C,RNR_C,RNR_C_2016,RNR_C_2016,7,9,5,7,7,1.632993162,86,0,0,0,16,63,0,0,38,63,0,0,0,
2016,RNR,C,RNR_C,RNR_C_2016,RNR_C_2016,7,7,5,6,6.25,0.957427108,38,0,0,3,63,3,0,0,86,16,0,0,0,
2016,RNR,C,RNR_C,RNR_C_2016,RNR_C_2016,6,6,7,5,6,0.816496581,86,0,0,3,16,16,0,0,86,16,0,0,0,
2016,RNR,C,RNR_C,RNR_C_2016,RNR_C_2016,7,5,6,6,6,0.816496581,63,0,0,3,38,86,0,0,38,63,0,0,0,
2016,RNR,C,RNR_C,RNR_C_2016,RNR_C_2016,5,5,6,5,5.25,0.5,16,0,0,3,38,3,0,0,98,3,0,0,0,
2016,RNR,C,RNR_C,RNR_C_2016,RNR_C_2016,6,3,6,5,5,1.414213562,38,0,0,3,38,3,0,0,98,3,0,0,0,
2016,RNR,C,RNR_C,RNR_C_2016,RNR_C_2016,5,6,3,6,5,1.414213562,63,0,0,38,16,16,0,0,98,3,2,0,0,
2016,RNR,C,RNR_C,RNR_C_2016,RNR_C_2016,5,5,5,3,4.5,1,38,3,0,0,38,63,0,0,3,86,0,0,0,
2016,RNR,C,RNR_C,RNR_C_2016,RNR_C_2016,5,3,6,4,4.5,1.290994449,3,0,0,0,63,86,0,0,1,98,1,0,0,
2016,RNR,C,RNR_C,RNR_C_2016,RNR_C_2016,5,3,5,3,4,1.154700538,63,0,0,3,3,3,0,0,63,38,0,0,0,
2016,RNR,C,RNR_C,RNR_C_2016,RNR_C_2016,5,5,3,3,4,1.154700538,16,0,0,63,16,3,0,0,86,16,0,0,0,
2016,RNR,C,RNR_C,RNR_C_2016,RNR_C_2016,3,3,5,5,4,1.154700538,16,0,0,16,38,16,0,0,86,16,0,0,0,
2016,RNR,C,RNR_C,RNR_C_2016,RNR_C_2016,4,4,3,5,4,0.816496581,38,3,0,3,16,86,0,0,16,86,0,0,0,
2016,RNR,C,RNR_C,RNR_C_2016,RNR_C_2016,5,5,3,3,4,1.154700538,63,0,0,16,16,63,0,0,3,86,0,0,0,
2016,RNR,C,RNR_C,RNR_C_2016,RNR_C_2016,5,3,3,3,3.5,1,16,0,0,3,63,3,0,0,98,3,0,0,0,
2016,RNR,C,RNR_C,RNR_C_2016,RNR_C_2016,3,3,4,3,3.25,0.5,16,3,0,16,38,3,0,0,86,16,0,0,0,
2016,RNR,E,RNR_E,RNR_E_2016,RNR_E_2016,20,13,20,20,18.25,3.5,0,3,0,0,86,16,0,0,63,38,0,0,0,
2016,RNR,E,RNR_E,RNR_E_2016,RNR_E_2016,15,17,17,20,17.25,2.061552813,0,3,0,0,38,38,0,0,63,38,0,0,0,
2016,RNR,E,RNR_E,RNR_E_2016,RNR_E_2016,19,15,13,20,16.75,3.304037934,0,16,0,16,63,86,0,0,38,63,5.25,0,0,
2016,RNR,E,RNR_E,RNR_E_2016,RNR_E_2016,15,11,20,18,16,3.915780041,0,0,0,16,86,16,3,0,63,38,0,0,0,
2016,RNR,E,RNR_E,RNR_E_2016,RNR_E_2016,20,11,12,20,15.75,4.924428901,0,16,0,16,63,0,38,0,86,3,0,0,0,
2016,RNR,E,RNR_E,RNR_E_2016,RNR_E_2016,20,15,13,9,14.25,4.573474245,0,3,0,3,63,0,63,0,38,38,0,0,0,
2016,RNR,E,RNR_E,RNR_E_2016,RNR_E_2016,15,13,13,15,14,1.154700538,0,0,0,38,38,63,0,0,0,98,5,0,0,
2016,RNR,E,RNR_E,RNR_E_2016,RNR_E_2016,12,13,13,14,13,0.816496581,0,0,0,3,63,86,0,0,86,16,0,0,0,
2016,RNR,E,RNR_E,RNR_E_2016,RNR_E_2016,11,14,14,13,13,1.414213562,0,0,0,63,63,38,0,0,63,38,0,0,0,
2016,RNR,E,RNR_E,RNR_E_2016,RNR_E_2016,14,12,13,12,12.75,0.957427108,0,1,0,0,63,63,3,0,3,98,0.75,0,0,
2016,RNR,E,RNR_E,RNR_E_2016,RNR_E_2016,10,10,13,12,11.25,1.5,0,3,0,16,63,86,0,0,98,3,0,0,0,
2016,RNR,E,RNR_E,RNR_E_2016,RNR_E_2016,9,3,11,16,9.75,5.377421935,0,3,0,0,63,86,16,0,16,86,0.25,0,0,
2016,RNR,E,RNR_E,RNR_E_2016,RNR_E_2016,10,10,7,9,9,1.414213562,0,16,0,0,16,86,0,0,86,3,0,0,0,
2016,RNR,E,RNR_E,RNR_E_2016,RNR_E_2016,10,10,8,7,8.75,1.5,38,0,0,0,63,63,0,0,86,16,0,0,0,
2016,RNR,E,RNR_E,RNR_E_2016,RNR_E_2016,7,9,7,9,8,1.154700538,0,0,0,38,38,86,0,0,16,86,1,0,0,
2016,RNR,E,RNR_E,RNR_E_2016,RNR_E_2016,8,7,9,8,8,0.816496581,63,0,0,3,38,38,0,0,86,16,0.75,0,0,
2016,RNR,E,RNR_E,RNR_E_2016,RNR_E_2016,8,10,8,5,7.75,2.061552813,16,0,0,3,38,63,0,0,86,16,2,0,0,
2016,RNR,E,RNR_E,RNR_E_2016,RNR_E_2016,7,8,8,7,7.5,0.577350269,63,0,0,3,38,63,0,0,86,3,0,0,0,
2016,RNR,E,RNR_E,RNR_E_2016,RNR_E_2016,8,8,7,7,7.5,0.577350269,3,38,0,0,63,16,0,0,63,38,0,0,0,
2016,RNR,E,RNR_E,RNR_E_2016,RNR_E_2016,7,8,7,6,7,0.816496581,0,0,0,3,63,86,0,0,38,63,2,0,0,
2016,RNR,E,RNR_E,RNR_E_2016,RNR_E_2016,7,11,5,4,6.75,3.095695937,16,0,0,3,16,38,16,0,3,98,2,0,0,
2016,RNR,E,RNR_E,RNR_E_2016,RNR_E_2016,12,5,3,7,6.75,3.862210075,0,0,0,38,16,16,0,0,38,63,0.5,0,0,
2016,RNR,E,RNR_E,RNR_E_2016,RNR_E_2016,9,5,9,4,6.75,2.62995564,38,16,0,16,86,16,0,0,86,16,1,0,0,
2016,RNR,E,RNR_E,RNR_E_2016,RNR_E_2016,6,9,6,5,6.5,1.732050808,38,0,0,3,38,86,3,0,86,16,0,0,0,
2016,RNR,E,RNR_E,RNR_E_2016,RNR_E_2016,6,4,7,7,6,1.414213562,38,3,0,0,38,86,0,0,38,38,0.5,0,0,
2016,RNR,E,RNR_E,RNR_E_2016,RNR_E_2016,7,7,5,3,5.5,1.914854216,38,16,0,0,16,63,0,0,86,16,0.5,0,0,
2016,RNR,E,RNR_E,RNR_E_2016,RNR_E_2016,5,8,4,5,5.5,1.732050808,16,16,0,0,16,63,0,0,38,63,0.25,0,0,
2016,RNR,E,RNR_E,RNR_E_2016,RNR_E_2016,5,4,4,6,4.75,0.957427108,63,0,0,3,16,38,0,0,86,16,0,0,0,
2016,RNR,E,RNR_E,RNR_E_2016,RNR_E_2016,3,2,3,5,3.25,1.258305739,1,16,0,3,38,86,0,0,38,63,0,0,0,
2016,RNR,E,RNR_E,RNR_E_2016,RNR_E_2016,3,2,2,3,2.5,0.577350269,0,3,0,3,16,63,16,0,86,16,0,0,0,
2016,RNR,W,RNR_W,RNR_W_2016,RNR_W_2016,10,10,11,13,11,1.414213562,0,0,0,1,86,38,16,0,3,98,4.5,0,0,
2016,RNR,W,RNR_W,RNR_W_2016,RNR_W_2016,10,6,7,8,7.75,1.707825128,16,0,0,3,38,86,0,0,1,98,5,0,0,
2016,RNR,W,RNR_W,RNR_W_2016,RNR_W_2016,6,10,5,5,6.5,2.380476143,38,0,0,3,38,16,0,0,1,98,5,0,0,
2016,RNR,W,RNR_W,RNR_W_2016,RNR_W_2016,10,5,6,5,6.5,2.380476143,16,0,0,0,63,86,0,0,3,98,3,0,0,
2016,RNR,W,RNR_W,RNR_W_2016,RNR_W_2016,6,3,7,7,5.75,1.892969449,16,3,0,3,38,38,0,0,1,98,5,0,0,
2016,RNR,W,RNR_W,RNR_W_2016,RNR_W_2016,5,5,5,7,5.5,1,86,0,0,0,3,3,0,0,1,98,5,0,0,
2016,RNR,W,RNR_W,RNR_W_2016,RNR_W_2016,8,4,5,5,5.5,1.732050808,86,0,0,16,16,16,16,0,3,98,3.5,0,0,
2016,RNR,W,RNR_W,RNR_W_2016,RNR_W_2016,6,5,5,6,5.5,0.577350269,38,3,0,0,38,16,0,0,3,98,3,0,0,
2016,RNR,W,RNR_W,RNR_W_2016,RNR_W_2016,3,4,5,9,5.25,2.62995564,0,0,0,3,38,16,38,0,16,86,24,0,0,
2016,RNR,W,RNR_W,RNR_W_2016,RNR_W_2016,5,5,6,5,5.25,0.5,63,1,0,3,16,38,0,0,3,98,2,0,0,
2016,RNR,W,RNR_W,RNR_W_2016,RNR_W_2016,5,5,5,5,5,0,63,3,0,16,16,3,0,0,1,98,12,0,0,
2016,RNR,W,RNR_W,RNR_W_2016,RNR_W_2016,5,5,5,5,5,0,16,0,0,3,16,86,0,0,3,98,0,0,0,
2016,RNR,W,RNR_W,RNR_W_2016,RNR_W_2016,3,6,4,6,4.75,1.5,38,0,0,3,16,16,0,0,3,86,2.5,0,0,
2016,RNR,W,RNR_W,RNR_W_2016,RNR_W_2016,5,6,3,4,4.5,1.290994449,63,0,0,0,16,38,0,0,3,86,1.5,0,0,
2016,RNR,W,RNR_W,RNR_W_2016,RNR_W_2016,5,5,4,4,4.5,0.577350269,63,0,0,3,38,16,3,0,38,63,0,0,0,
2016,RNR,W,RNR_W,RNR_W_2016,RNR_W_2016,5,4,5,4,4.5,0.577350269,86,0,0,16,16,1,0,0,3,86,1.5,0,0,
2016,RNR,W,RNR_W,RNR_W_2016,RNR_W_2016,6,2,5,5,4.5,1.732050808,38,3,0,3,16,38,0,0,3,86,6,0,0,
2016,RNR,W,RNR_W,RNR_W_2016,RNR_W_2016,5,5,4,4,4.5,0.577350269,0,0,0,16,16,86,0,0,1,98,3,0,0,
2016,RNR,W,RNR_W,RNR_W_2016,RNR_W_2016,6,3,2,5,4,1.825741858,16,0,0,0,16,86,0,0,1,98,2.5,0,0,
2016,RNR,W,RNR_W,RNR_W_2016,RNR_W_2016,3,2,5,6,4,1.825741858,38,0,0,3,38,38,0,0,1,98,1,0,0,
2016,RNR,W,RNR_W,RNR_W_2016,RNR_W_2016,4,3,5,4,4,0.816496581,38,0,0,3,38,38,0,0,3,98,0,0,0,
2016,RNR,W,RNR_W,RNR_W_2016,RNR_W_2016,6,3,4,3,4,1.414213562,63,0,0,38,16,16,0,0,16,86,3,0,0,
2016,RNR,W,RNR_W,RNR_W_2016,RNR_W_2016,6,3,3,4,4,1.414213562,63,16,63,3,3,63,0,0,16,63,1,0,0,
2016,RNR,W,RNR_W,RNR_W_2016,RNR_W_2016,5,5,3,2,3.75,1.5,63,3,0,16,16,16,0,0,1,98,5,0,0,
2016,RNR,W,RNR_W,RNR_W_2016,RNR_W_2016,5,3,3,4,3.75,0.957427108,63,0,0,3,16,3,0,0,3,98,6,0,0,
2016,RNR,W,RNR_W,RNR_W_2016,RNR_W_2016,3,4,4,3,3.5,0.577350269,38,0,63,63,3,38,0,0,3,98,2,0,0,
2016,RNR,W,RNR_W,RNR_W_2016,RNR_W_2016,4,3,3,3,3.25,0.5,38,0,0,0,38,63,0,0,3,98,2,0,0,
2016,RNR,W,RNR_W,RNR_W_2016,RNR_W_2016,2,3,3,3,2.75,0.5,16,0,0,3,38,63,0,0,3,98,2,0,0,
2016,RNR,W,RNR_W,RNR_W_2016,RNR_W_2016,3,2,3,2,2.5,0.577350269,38,3,0,16,3,38,0,0,1,98,1,0,0,
2016,RNR,W,RNR_W,RNR_W_2016,RNR_W_2016,2,2,3,2,2.25,0.5,63,1,0,3,16,38,0,0,3,98,6,0,0,
2016,STE,N,STE_N,STE_N_2016,STE_N_2016_T1,8,11,11,12,10.5,1.5,0,0,86,16,63,16,0,0,86,16,0,0,0,.
2016,STE,N,STE_N,STE_N_2016,STE_N_2016_T1,8,9,10,8,8.75,0.829156198,1,3,0,63,63,63,0,0,86,3,0.25,0,0,.
2016,STE,N,STE_N,STE_N_2016,STE_N_2016_T1,9,6,7,7,7.25,1.089724736,0,3,3,3,38,16,0,0,86,3,0,0,16,.
2016,STE,N,STE_N,STE_N_2016,STE_N_2016_T1,8,7,5,7,6.75,1.089724736,3,3,3,3,38,16,0,0,38,38,0.75,0,16,.
2016,STE,N,STE_N,STE_N_2016,STE_N_2016_T1,3,6,7,5,5.25,1.479019946,16,63,16,16,63,38,0,0,63,16,0.25,0,0,.
2016,STE,N,STE_N,STE_N_2016,STE_N_2016_T1,5,5,3,3,4,1,3,3,86,16,38,16,0,0,86,3,0,1,0,.
2016,STE,N,STE_N,STE_N_2016,STE_N_2016_T1,5,3,2,5,3.75,1.299038106,3,3,3,16,38,63,0,0,86,3,0,0,0,.
2016,STE,N,STE_N,STE_N_2016,STE_N_2016_T1,5,5,1,3,3.5,1.658312395,3,16,86,16,86,3,0,0,38,38,1,0,38,.
2016,STE,N,STE_N,STE_N_2016,STE_N_2016_T1,3,4,4,3,3.5,0.5,3,3,63,38,16,16,0,0,63,38,0.5,0,16,.
2016,STE,N,STE_N,STE_N_2016,STE_N_2016_T1,3,1,4,5,3.25,1.479019946,38,38,86,16,16,38,0,0,86,3,0,0,0,.
2016,STE,N,STE_N,STE_N_2016,STE_N_2016_T1,2,4,5,2,3.25,1.299038106,3,16,0,16,16,63,0,0,63,38,0,0,0,.
2016,STE,N,STE_N,STE_N_2016,STE_N_2016_T1,1,2,7,1,2.75,2.487468593,3,3,63,16,16,16,0,0,63,16,0,0,0,.
2016,STE,N,STE_N,STE_N_2016,STE_N_2016_T1,2,2,1,4,2.25,1.089724736,3,16,86,16,16,16,0,0,86,16,0,0,0,.
2016,STE,N,STE_N,STE_N_2016,STE_N_2016_T1,2,3,3,1,2.25,0.829156198,3,16,3,16,16,16,0,0,38,63,0,0,0,.
2016,STE,N,STE_N,STE_N_2016,STE_N_2016_T1,3,3,1,0,1.75,1.299038106,38,16,0,16,38,16,0,0,86,16,0,0,0,.
2016,STE,N,STE_N,STE_N_2016,STE_N_2016_T2,5,7,7,7,6.5,0.866025404,0,16,16,38,63,3,0,0,63,16,1.25,0,63,.
2016,STE,N,STE_N,STE_N_2016,STE_N_2016_T2,7,5,7,7,6.5,0.866025404,0,16,3,63,63,3,3,0,86,16,0,0,63,.
2016,STE,N,STE_N,STE_N_2016,STE_N_2016_T2,4,5,7,5,5.25,1.089724736,0,86,16,16,38,3,0,0,38,38,0,0,0,.
2016,STE,N,STE_N,STE_N_2016,STE_N_2016_T2,3,6,5,5,4.75,1.089724736,0,63,16,16,38,38,0,0,86,3,0,0,0,.
2016,STE,N,STE_N,STE_N_2016,STE_N_2016_T2,4,3,4,5,4,0.707106781,3,38,38,3,38,3,0,0,86,3,0,0,38,.
2016,STE,N,STE_N,STE_N_2016,STE_N_2016_T2,3,5,3,3,3.5,0.866025404,0,86,86,3,16,38,0,0,86,16,0,0,0,.
2016,STE,N,STE_N,STE_N_2016,STE_N_2016_T2,3,4,3,3,3.25,0.433012702,3,16,16,38,16,16,0,0,0,0,0,0,16,.
2016,STE,N,STE_N,STE_N_2016,STE_N_2016_T2,3,4,3,3,3.25,0.433012702,0,63,63,16,38,16,0,0,86,3,0,0,16,.
2016,STE,N,STE_N,STE_N_2016,STE_N_2016_T2,4,3,3,3,3.25,0.433012702,0,86,3,38,16,16,0,0,38,38,0,0,0,.
2016,STE,N,STE_N,STE_N_2016,STE_N_2016_T2,3,3,3,3,3,0,0,38,16,38,63,63,0,0,38,38,0.25,0,0,.
2016,STE,N,STE_N,STE_N_2016,STE_N_2016_T2,3,3,3,3,3,0,0,86,98,16,16,3,0,0,63,16,0,0,16,.
2016,STE,N,STE_N,STE_N_2016,STE_N_2016_T2,4,1,3,3,2.75,1.089724736,3,86,98,3,16,86,0,0,63,16,0.5,0,0,.
2016,STE,N,STE_N,STE_N_2016,STE_N_2016_T2,3,2,1,5,2.75,1.479019946,0,86,98,16,16,3,0,0,86,16,0.5,0,0,.
2016,STE,N,STE_N,STE_N_2016,STE_N_2016_T2,1,1,3,1,1.5,0.866025404,16,38,16,38,16,16,0,0,86,3,0,0,0,.
2016,STE,N,STE_N,STE_N_2016,STE_N_2016_T2,1,0,1,1,0.75,0.433012702,86,3,63,38,38,16,0,0,63,3,0,0,16,.
2016,STE,S,STE_S,STE_S_2016,STE_S_2016,10,9,9,7,8.75,1.089724736,0,16,0,16,63,38,0,0,63,38,0.25,0,38,.
2016,STE,S,STE_S,STE_S_2016,STE_S_2016,5,9,9,9,8,1.732050808,3,3,63,16,63,38,0,0,86,16,0,0,0,.
2016,STE,S,STE_S,STE_S_2016,STE_S_2016,7,6,9,9,7.75,1.299038106,0,3,38,63,86,63,0,0,98,3,0,0,16,.
2016,STE,S,STE_S,STE_S_2016,STE_S_2016,9,9,7,5,7.5,1.658312395,0,16,63,16,38,16,3,0,38,38,0,0,86,.
2016,STE,S,STE_S,STE_S_2016,STE_S_2016,7,9,6,7,7.25,1.089724736,0,0,38,63,86,0,0,0,86,3,0,0,16,.
2016,STE,S,STE_S,STE_S_2016,STE_S_2016,7,7,8,7,7.25,0.433012702,0,16,0,16,63,38,0,0,38,63,0,0,0,.
2016,STE,S,STE_S,STE_S_2016,STE_S_2016,7,5,7,7,6.5,0.866025404,0,3,0,3,63,38,0,0,63,38,0,0,3,.
2016,STE,S,STE_S,STE_S_2016,STE_S_2016,7,6,7,6,6.5,0.5,0,16,0,38,63,38,0,0,86,16,0,0,0,.
2016,STE,S,STE_S,STE_S_2016,STE_S_2016,5,4,6,10,6.25,2.277608395,0,38,3,38,63,16,0,0,16,86,0.25,0,0,.
2016,STE,S,STE_S,STE_S_2016,STE_S_2016,6,5,6,7,6,0.707106781,0,3,16,63,86,16,0,0,86,3,0,0,0,.
2016,STE,S,STE_S,STE_S_2016,STE_S_2016,7,5,5,7,6,1,0,3,0,38,38,16,0,0,63,16,0,0,0,.
2016,STE,S,STE_S,STE_S_2016,STE_S_2016,5,7,5,4,5.25,1.089724736,0,0,16,63,38,63,1,0,86,3,0,0,0,.
2016,STE,S,STE_S,STE_S_2016,STE_S_2016,4,5,5,6,5,0.707106781,0,16,98,63,86,16,0,0,86,3,0,0,0,.
2016,STE,S,STE_S,STE_S_2016,STE_S_2016,5,5,5,5,5,0,0,16,0,3,38,63,0,0,63,16,0,0,0,.
2016,STE,S,STE_S,STE_S_2016,STE_S_2016,5,5,5,5,5,0,0,63,0,38,63,16,0,0,63,38,1,0,0,.
2016,STE,S,STE_S,STE_S_2016,STE_S_2016,6,5,3,5,4.75,1.089724736,16,3,63,16,63,16,0,0,86,16,0.25,0,0,.
2016,STE,S,STE_S,STE_S_2016,STE_S_2016,6,5,5,3,4.75,1.089724736,0,0,0,16,63,38,16,0,16,86,0.5,0,38,.
2016,STE,S,STE_S,STE_S_2016,STE_S_2016,4,5,5,5,4.75,0.433012702,0,38,0,16,63,38,0,0,16,86,1,0,0,.
2016,STE,S,STE_S,STE_S_2016,STE_S_2016,6,5,5,3,4.75,1.089724736,0,38,0,16,63,38,0,0,63,16,0,0,16,.
2016,STE,S,STE_S,STE_S_2016,STE_S_2016,4,5,5,3,4.25,0.829156198,38,3,98,38,86,16,0,0,63,3,0,0,0,.
2016,STE,S,STE_S,STE_S_2016,STE_S_2016,5,3,3,5,4,1,1,16,38,16,63,38,0,0,16,86,0.75,0,0,.
2016,STE,S,STE_S,STE_S_2016,STE_S_2016,5,2,3,5,3.75,1.299038106,0,63,86,16,38,38,0,0,86,3,0,0,0,.
2016,STE,S,STE_S,STE_S_2016,STE_S_2016,5,3,2,4,3.5,1.118033989,0,16,63,63,16,16,0,0,86,3,0,0,16,.
2016,STE,S,STE_S,STE_S_2016,STE_S_2016,3,5,3,3,3.5,0.866025404,0,3,63,63,16,38,0,0,63,16,0,0,0,.
2016,STE,S,STE_S,STE_S_2016,STE_S_2016,4,3,2,3,3,0.707106781,0,86,0,0,38,63,0,0,86,3,0,0,0,.
2016,STE,S,STE_S,STE_S_2016,STE_S_2016,2,4,3,2,2.75,0.829156198,3,38,3,63,38,16,0,0,86,16,0,0,0,.
2016,STE,S,STE_S,STE_S_2016,STE_S_2016,2,2,2,3,2.25,0.433012702,16,38,16,16,38,16,3,0,63,16,0,0,0,.
2016,STE,S,STE_S,STE_S_2016,STE_S_2016,3,2,1,1,1.75,0.829156198,38,3,0,38,16,16,0,0,63,16,0,0,0,.
2016,STE,S,STE_S,STE_S_2016,STE_S_2016,2,3,0,2,1.75,1.089724736,16,38,0,16,16,38,0,0,63,38,0.25,0,38,.
2016,STE,S,STE_S,STE_S_2016,STE_S_2016,0,0,0,0,0,0,38,3,63,16,16,16,0,0,38,38,0.5,0,16,.
2016,STE,W,STE_W,STE_W_2016,STE_W_2016,14,17,10,12,13.25,2.586020108,0,0,98,16,38,0,63,0,3,98,4,0,86,.
2016,STE,W,STE_W,STE_W_2016,STE_W_2016,7,5,7,5,6,1,0,38,38,38,38,3,0,0,86,16,1.5,0,0,.
2016,STE,W,STE_W,STE_W_2016,STE_W_2016,3,7,5,3,4.5,1.658312395,3,38,86,16,38,16,0,0,86,3,0,2,0,.
2016,STE,W,STE_W,STE_W_2016,STE_W_2016,5,5,3,4,4.25,0.829156198,0,98,0,3,3,3,0,0,86,16,0.25,0,0,.
2016,STE,W,STE_W,STE_W_2016,STE_W_2016,2,5,3,7,4.25,1.920286437,0,63,3,16,16,38,0,0,86,16,2.25,0,0,.
2016,STE,W,STE_W,STE_W_2016,STE_W_2016,3,5,3,4,3.75,0.829156198,0,86,0,16,16,16,0,0,63,16,0,0,0,.
2016,STE,W,STE_W,STE_W_2016,STE_W_2016,3,5,3,3,3.5,0.866025404,1,63,3,16,16,3,0,0,3,86,0,2,0,.
2016,STE,W,STE_W,STE_W_2016,STE_W_2016,4,4,4,2,3.5,0.866025404,3,38,63,16,63,16,0,0,86,3,1,0,0,.
2016,STE,W,STE_W,STE_W_2016,STE_W_2016,2,5,5,2,3.5,1.5,16,38,38,16,16,16,0,0,86,3,0,0,0,.
2016,STE,W,STE_W,STE_W_2016,STE_W_2016,3,2,5,3,3.25,1.089724736,3,63,38,16,38,16,0,0,86,3,0,0,0,.
2016,STE,W,STE_W,STE_W_2016,STE_W_2016,3,4,5,1,3.25,1.479019946,63,38,86,16,16,38,0,0,98,3,0,2,0,.
2016,STE,W,STE_W,STE_W_2016,STE_W_2016,4,3,3,3,3.25,0.433012702,38,38,63,38,16,38,0,0,86,3,0,0,38,.
2016,STE,W,STE_W,STE_W_2016,STE_W_2016,4,2,3,3,3,0.707106781,0,86,0,0,3,16,0,0,63,16,0,0,0,.
2016,STE,W,STE_W,STE_W_2016,STE_W_2016,3,3,3,3,3,0,0,86,3,3,16,0,0,0,86,3,0,0,86,.
2016,STE,W,STE_W,STE_W_2016,STE_W_2016,4,2,3,3,3,0.707106781,0,63,3,16,3,63,0,0,63,38,0.5,0,0,.
2016,STE,W,STE_W,STE_W_2016,STE_W_2016,2,3,3,3,2.75,0.433012702,0,63,0,16,3,38,16,0,63,16,0,0,0,.
2016,STE,W,STE_W,STE_W_2016,STE_W_2016,3,2,3,3,2.75,0.433012702,3,38,3,16,63,16,0,0,63,16,0,0,0,.
2016,STE,W,STE_W,STE_W_2016,STE_W_2016,2,3,3,3,2.75,0.433012702,3,38,16,16,3,16,0,0,86,3,0,0,38,.
2016,STE,W,STE_W,STE_W_2016,STE_W_2016,2,3,2,3,2.5,0.5,0,86,0,3,3,3,0,0,1,98,1,0,0,.
2016,STE,W,STE_W,STE_W_2016,STE_W_2016,2,3,2,3,2.5,0.5,0,86,3,16,3,3,0,0,86,16,0.5,2,0,.
2016,STE,W,STE_W,STE_W_2016,STE_W_2016,4,3,2,1,2.5,1.118033989,0,63,16,16,3,38,0,0,86,3,0.75,0,0,.
2016,STE,W,STE_W,STE_W_2016,STE_W_2016,3,3,3,1,2.5,0.866025404,3,38,86,16,38,16,0,0,86,3,0,0,3,.
2016,STE,W,STE_W,STE_W_2016,STE_W_2016,3,2,3,2,2.5,0.5,3,16,16,38,3,16,0,0,86,3,0,2,63,.
2016,STE,W,STE_W,STE_W_2016,STE_W_2016,2,3,2,2,2.25,0.433012702,16,38,63,16,16,63,0,0,86,3,0,0,0,.
2016,STE,W,STE_W,STE_W_2016,STE_W_2016,2,2,2,2,2,0,16,38,63,16,3,3,0,0,86,3,0,0,98,.
2016,STE,W,STE_W,STE_W_2016,STE_W_2016,2,2,2,2,2,0,3,38,86,16,38,3,1,0,86,16,0,0,3,.
2016,STE,W,STE_W,STE_W_2016,STE_W_2016,1,2,2,2,1.75,0.433012702,16,16,86,16,63,16,0,0,86,3,0,0,0,.
2016,STE,W,STE_W,STE_W_2016,STE_W_2016,2,2,2,1,1.75,0.433012702,3,38,86,16,16,16,0,0,16,86,0.5,0,0,.
2016,STE,W,STE_W,STE_W_2016,STE_W_2016,2,1,1,2,1.5,0.5,63,16,63,16,16,3,0,0,86,3,0,0,3,.
2016,STE,W,STE_W,STE_W_2016,STE_W_2016,2,1,1,1,1.25,0.433012702,63,16,86,38,86,16,0,0,98,3,0,0,0,.
2015,235,C,235_C,235_C_2015,235_C_2015,5,4,5,4,4.5,0.577350269,3,3,0,16,86,3,0,0,86,16,1,0,1,.
2015,235,C,235_C,235_C_2015,235_C_2015,4,6,2,6,4.5,1.914854216,0,3,0,16,38,63,0,0,86,16,1,0,3,.
2015,235,C,235_C,235_C_2015,235_C_2015,6,4,4,4,4.5,1,3,16,0,38,63,1,1,0,3,86,1,0,1,.
2015,235,C,235_C,235_C_2015,235_C_2015,0,7,5,5,4.25,2.986078811,0,3,0,16,63,38,0,0,86,3,0,0,16,.
2015,235,C,235_C,235_C_2015,235_C_2015,4,3,6,4,4.25,1.258305739,0,3,98,63,38,0,0,0,86,3,0,0,0,.
2015,235,C,235_C,235_C_2015,235_C_2015,4,5,7,1,4.25,2.5,0,3,0,63,38,3,0,0,3,86,0,0,0,.
2015,235,C,235_C,235_C_2015,235_C_2015,4,5,3,4,4,0.816496581,3,16,0,16,63,16,0,0,3,63,0,0,1,.
2015,235,C,235_C,235_C_2015,235_C_2015,3,1,5,6,3.75,2.217355783,1,16,0,16,38,63,0,0,3,86,0,0,38,.
2015,235,C,235_C,235_C_2015,235_C_2015,2,5,6,1,3.5,2.380476143,3,3,3,16,38,63,0,0,86,3,0,0,0,.
2015,235,C,235_C,235_C_2015,235_C_2015,1,5,4,4,3.5,1.732050808,0,3,0,16,86,16,0,0,0,86,1,0,63,.
2015,235,C,235_C,235_C_2015,235_C_2015,2,4,2,4,3,1.154700538,0,3,0,16,63,3,0,0,0,98,1,0,0,.
2015,235,C,235_C,235_C_2015,235_C_2015,3,3,3,3,3,0,16,3,0,3,63,3,0,0,0,98,1,0,86,.
2015,235,C,235_C,235_C_2015,235_C_2015,2,5,3,1,2.75,1.707825128,0,3,0,38,16,63,0,0,3,86,1,0,16,.
2015,235,C,235_C,235_C_2015,235_C_2015,0,6,2,2,2.5,2.516611478,0,3,0,3,63,38,0,0,98,0,0,0,0,.
2015,235,C,235_C,235_C_2015,235_C_2015,3,1,3,2,2.25,0.957427108,0,16,0,38,63,3,0,0,3,86,1,0,63,.
2015,235,C,235_C,235_C_2015,235_C_2015,2,2,1,4,2.25,1.258305739,0,38,0,38,16,16,0,0,3,86,0,0,0,.
2015,235,C,235_C,235_C_2015,235_C_2015,3,2,2,2,2.25,0.5,3,16,0,16,38,16,0,0,86,3,0,0,1,.
2015,235,C,235_C,235_C_2015,235_C_2015,2,1,2,2,1.75,0.5,0,3,0,38,63,16,3,0,86,3,0,0,0,.
2015,235,C,235_C,235_C_2015,235_C_2015,1,3,1,2,1.75,0.957427108,0,16,0,16,38,63,3,0,3,86,0.5,0,38,.
2015,235,C,235_C,235_C_2015,235_C_2015,1,2,2,2,1.75,0.5,0,16,3,38,3,38,0,0,86,3,0,0,1,.
2015,235,C,235_C,235_C_2015,235_C_2015,2,2,1,1,1.5,0.577350269,0,1,0,16,3,86,1,0,86,3,0,0,0,.
2015,235,C,235_C,235_C_2015,235_C_2015,3,1,2,0,1.5,1.290994449,3,16,0,38,38,16,0,0,3,86,0.5,0,63,.
2015,235,C,235_C,235_C_2015,235_C_2015,1,0,1,4,1.5,1.732050808,0,16,0,16,63,16,0,0,16,86,0,0,38,.
2015,235,C,235_C,235_C_2015,235_C_2015,0,1,1,3,1.25,1.258305739,0,3,0,63,38,16,0,0,98,0,0,0,0,.
2015,235,C,235_C,235_C_2015,235_C_2015,2,1,1,1,1.25,0.5,0,63,0,16,3,3,0,0,0,98,1,0,16,.
2015,235,C,235_C,235_C_2015,235_C_2015,0,2,1,0,0.75,0.957427108,0,3,0,3,3,86,0,0,98,0,0,0,0,.
2015,235,C,235_C,235_C_2015,235_C_2015,1,0,1,1,0.75,0.5,0,86,0,3,1,3,0,0,86,3,0,0,0,.
2015,235,C,235_C,235_C_2015,235_C_2015,1,1,0,0,0.5,0.577350269,0,16,0,38,16,38,0,0,86,3,0,0,16,.
2015,235,C,235_C,235_C_2015,235_C_2015,0,0,1,0,0.25,0.5,0,3,0,16,16,38,0,0,16,3,0,0,0,.
2015,235,C,235_C,235_C_2015,235_C_2015,0,0,0,0,0,0,3,38,0,63,3,0,0,0,3,86,0.5,0,0,.
2015,235,N,235_N,235_N_2015,235_N_2015,7,11,11,7,9,2.309401077,0,0,0,0,86,38,0,0,86,3,0,0,0,.
2015,235,N,235_N,235_N_2015,235_N_2015,3,5,7,7,5.5,1.914854216,3,0,0,0,98,0,0,0,0,98,1,0,0,.
2015,235,N,235_N,235_N_2015,235_N_2015,4,5,10,3,5.5,3.109126351,16,0,98,1,63,16,0,0,98,3,0,0,0,.
2015,235,N,235_N,235_N_2015,235_N_2015,1,6,9,2,4.5,3.696845502,0,1,98,1,86,16,0,0,86,3,0,0,1,.
2015,235,N,235_N,235_N_2015,235_N_2015,4,4,5,4,4.25,0.5,0,0,0,3,86,38,0,0,16,86,0,0,1,.
2015,235,N,235_N,235_N_2015,235_N_2015,4,5,4,4,4.25,0.5,3,0,0,0,98,3,0,0,98,3,0,0,0,.
2015,235,N,235_N,235_N_2015,235_N_2015,3,4,5,3,3.75,0.957427108,1,0,0,0,98,0,0,0,98,3,0,0,1,.
2015,235,N,235_N,235_N_2015,235_N_2015,3,4,2,6,3.75,1.707825128,3,1,0,0,63,63,0,0,16,63,0,0,0,.
2015,235,N,235_N,235_N_2015,235_N_2015,4,3,4,4,3.75,0.5,3,0,0,0,98,0,0,0,98,0,0,0,0,.
2015,235,N,235_N,235_N_2015,235_N_2015,4,4,2,4,3.5,1,1,0,0,0,86,38,0,0,86,16,0,0,0,.
2015,235,N,235_N,235_N_2015,235_N_2015,3,4,4,3,3.5,0.577350269,0,0,98,1,86,38,0,0,86,3,0,0,0,.
2015,235,N,235_N,235_N_2015,235_N_2015,7,3,2,2,3.5,2.380476143,0,0,0,0,98,1,0,0,86,3,0,0,0,.
2015,235,N,235_N,235_N_2015,235_N_2015,4,5,2,2,3.25,1.5,3,3,3,38,63,0,0,0,98,0,0,0,0,.
2015,235,N,235_N,235_N_2015,235_N_2015,3,4,4,2,3.25,0.957427108,1,0,0,0,98,3,0,0,63,16,0,0,0,.
2015,235,N,235_N,235_N_2015,235_N_2015,6,2,2,2,3,2,1,0,0,0,98,16,0,0,3,86,0,0,0,.
2015,235,N,235_N,235_N_2015,235_N_2015,3,3,2,3,2.75,0.5,0,0,0,0,98,3,0,0,63,16,0,0,0,.
2015,235,N,235_N,235_N_2015,235_N_2015,3,3,3,2,2.75,0.5,1,0,0,0,98,3,0,0,98,3,0,0,0,.
2015,235,N,235_N,235_N_2015,235_N_2015,2,3,3,2,2.5,0.577350269,0,0,0,0,86,38,0,0,86,3,0,0,0,.
2015,235,N,235_N,235_N_2015,235_N_2015,2,2,4,2,2.5,1,3,0,0,0,98,16,0,0,86,3,0,0,0,.
2015,235,N,235_N,235_N_2015,235_N_2015,4,3,1,2,2.5,1.290994449,3,0,0,0,86,16,0,0,16,63,0,0,0,.
2015,235,N,235_N,235_N_2015,235_N_2015,2,2,2,2,2,0,1,0,0,0,86,16,0,0,86,16,0,0,0,.
2015,235,N,235_N,235_N_2015,235_N_2015,5,2,1,0,2,2.160246899,3,16,16,16,63,3,0,0,86,16,0,0,0,.
2015,235,N,235_N,235_N_2015,235_N_2015,0,0,8,0,2,4,3,16,0,38,38,16,0,0,86,16,0,0,3,.
2015,235,N,235_N,235_N_2015,235_N_2015,2,2,1,2,1.75,0.5,3,0,0,0,86,16,0,0,98,3,0,0,0,.
2015,235,N,235_N,235_N_2015,235_N_2015,1,2,3,1,1.75,0.957427108,1,0,0,3,63,38,0,0,86,3,0,1,0,.
2015,235,N,235_N,235_N_2015,235_N_2015,2,3,2,0,1.75,1.258305739,3,0,0,0,38,38,0,0,86,3,0,0,0,.
2015,235,N,235_N,235_N_2015,235_N_2015,2,2,2,0,1.5,1,3,0,0,0,16,63,0,0,86,16,0,0,0,.
2015,235,N,235_N,235_N_2015,235_N_2015,2,2,2,0,1.5,1,16,1,0,3,16,16,0,0,98,3,0,0,0,.
2015,235,N,235_N,235_N_2015,235_N_2015,2,2,1,0,1.25,0.957427108,0,16,0,3,38,3,0,0,63,16,0,0,0,.
2015,235,N,235_N,235_N_2015,235_N_2015,0,0,0,0,0,0,3,3,0,3,16,86,0,0,16,86,0,0,0,.
2015,235,S,235_S,235_S_2015,235_S_2015,9,10,9,11,9.75,0.957427108,0,0,0,16,86,0,0,0,3,0,0,0,16,.
2015,235,S,235_S,235_S_2015,235_S_2015,11,4,6,15,9,4.966554809,63,16,0,3,38,0,0,0,0,0,0,0,0,.
2015,235,S,235_S,235_S_2015,235_S_2015,9,9,8,6,8,1.414213562,3,3,0,3,86,0,0,0,0,0,0,0,0,.
2015,235,S,235_S,235_S_2015,235_S_2015,8,7,7,6,7,0.816496581,3,16,0,16,63,0,0,0,3,0,0,1,0,.
2015,235,S,235_S,235_S_2015,235_S_2015,5,5,5,9,6,2,3,16,0,3,86,0,0,0,3,0,0,0,3,.
2015,235,S,235_S,235_S_2015,235_S_2015,7,6,5,6,6,0.816496581,0,3,3,16,86,3,0,0,3,0,0,0,0,.
2015,235,S,235_S,235_S_2015,235_S_2015,8,5,5,3,5.25,2.061552813,0,3,3,38,38,3,0,0,1,0,0,0,0,.
2015,235,S,235_S,235_S_2015,235_S_2015,4,6,5,4,4.75,0.957427108,3,3,0,38,63,38,0,0,98,0,0,0,0,.
2015,235,S,235_S,235_S_2015,235_S_2015,5,3,3,5,4,1.154700538,0,3,63,86,16,0,0,0,16,0,0,0,0,.
2015,235,S,235_S,235_S_2015,235_S_2015,3,5,5,3,4,1.154700538,0,3,16,16,63,3,0,0,3,0,0,0,16,.
2015,235,S,235_S,235_S_2015,235_S_2015,2,7,3,3,3.75,2.217355783,0,3,0,63,38,16,0,0,98,0,0,1,0,.
2015,235,S,235_S,235_S_2015,235_S_2015,2,3,4,5,3.5,1.290994449,0,38,16,38,16,38,0,0,0,86,1,0,0,.
2015,235,S,235_S,235_S_2015,235_S_2015,2,4,4,4,3.5,1,1,16,3,16,63,1,0,0,38,0,0,1,3,.
2015,235,S,235_S,235_S_2015,235_S_2015,2,5,5,2,3.5,1.732050808,0,38,16,38,38,3,0,0,38,0,0,0,0,.
2015,235,S,235_S,235_S_2015,235_S_2015,3,3,2,1,2.25,0.957427108,0,38,0,63,3,0,0,0,38,0,0,0,0,.
2015,235,S,235_S,235_S_2015,235_S_2015,3,2,1,2,2,0.816496581,3,16,3,38,38,38,0,0,98,0,0,0,0,.
2015,235,S,235_S,235_S_2015,235_S_2015,3,1,3,1,2,1.154700538,3,16,0,38,16,16,0,0,98,0,0,0,0,.
2015,235,S,235_S,235_S_2015,235_S_2015,2,2,2,2,2,0,0,0,0,98,0,0,0,0,98,0,0,0,0,.
2015,235,S,235_S,235_S_2015,235_S_2015,0,0,6,0,1.5,3,3,3,0,16,3,86,0,0,98,0,0,0,0,.
2015,235,S,235_S,235_S_2015,235_S_2015,2,1,1,1,1.25,0.5,3,16,0,63,38,0,0,0,38,0,0,0,98,.
2015,235,S,235_S,235_S_2015,235_S_2015,2,1,0,2,1.25,0.957427108,3,3,3,16,38,38,0,0,98,0,0,0,3,.
2015,235,S,235_S,235_S_2015,235_S_2015,1,4,0,0,1.25,1.892969449,0,16,3,16,38,63,0,0,98,0,0,0,1,.
2015,235,S,235_S,235_S_2015,235_S_2015,0,1,2,1,1,0.816496581,3,16,0,63,16,38,0,0,86,0,0,0,3,.
2015,235,S,235_S,235_S_2015,235_S_2015,1,1,1,1,1,0,0,3,0,38,3,63,0,0,98,0,0,0,0,.
2015,235,S,235_S,235_S_2015,235_S_2015,1,1,1,1,1,0,0,16,0,38,16,38,0,0,98,0,0,0,0,.
2015,235,S,235_S,235_S_2015,235_S_2015,1,1,0,1,0.75,0.5,0,16,0,16,38,63,0,0,86,0,0,0,0,.
2015,235,S,235_S,235_S_2015,235_S_2015,0,0,1,1,0.5,0.577350269,0,16,0,16,1,63,0,0,98,0,0,0,0,.
2015,235,S,235_S,235_S_2015,235_S_2015,0,0,0,0,0,0,0,16,0,38,1,63,0,0,63,0,0,0,0,.
2015,235,S,235_S,235_S_2015,235_S_2015,0,0,0,0,0,0,0,16,0,63,1,63,0,0,98,0,0,1,0,.
2015,235,S,235_S,235_S_2015,235_S_2015,0,0,0,0,0,0,3,3,0,63,3,16,0,0,86,16,0,0,0,.
2015,BSH,C,BSH_C,BSH_C_2015,BSH_C_2015,15,14,4,10,10.75,4.991659711,16,0,98,16,38,1,0,0,1,98,2,0,0,.
2015,BSH,C,BSH_C,BSH_C_2015,BSH_C_2015,11,7,7,9,8.5,1.914854216,3,0,0,0,63,38,0,0,16,86,0,0,0,.
2015,BSH,C,BSH_C,BSH_C_2015,BSH_C_2015,4,6,15,4,7.25,5.251983752,3,0,0,1,16,16,0,0,1,98,0.5,1,0,.
2015,BSH,C,BSH_C,BSH_C_2015,BSH_C_2015,8,8,7,5,7,1.414213562,0,0,0,3,63,3,0,0,0,98,2,2,0,.
2015,BSH,C,BSH_C,BSH_C_2015,BSH_C_2015,4,3,6,15,7,5.477225575,0,0,98,1,63,38,0,0,16,63,0,0,3,.
2015,BSH,C,BSH_C,BSH_C_2015,BSH_C_2015,6,6,5,6,5.75,0.5,3,0,98,16,86,3,0,0,38,63,0,0,0,.
2015,BSH,C,BSH_C,BSH_C_2015,BSH_C_2015,7,1,5,5,4.5,2.516611478,3,0,0,0,38,0,0,0,1,98,0,0,38,.
2015,BSH,C,BSH_C,BSH_C_2015,BSH_C_2015,5,5,4,3,4.25,0.957427108,0,0,0,0,86,3,0,0,3,98,1,0,0,.
2015,BSH,C,BSH_C,BSH_C_2015,BSH_C_2015,2,1,7,6,4,2.943920289,3,63,98,16,16,38,0,0,3,86,1,0,0,.
2015,BSH,C,BSH_C,BSH_C_2015,BSH_C_2015,4,4,4,3,3.75,0.5,3,0,0,0,86,63,0,0,3,86,1,0,0,.
2015,BSH,C,BSH_C,BSH_C_2015,BSH_C_2015,2,0,6,5,3.25,2.753785274,3,0,0,0,63,1,0,0,16,63,0,0,0,.
2015,BSH,C,BSH_C,BSH_C_2015,BSH_C_2015,0,4,6,3,3.25,2.5,16,0,0,0,63,0,0,0,16,63,1,0,3,.
2015,BSH,C,BSH_C,BSH_C_2015,BSH_C_2015,4,3,3,2,3,0.816496581,3,3,0,0,38,3,3,0,3,86,0,0,0,.
2015,BSH,C,BSH_C,BSH_C_2015,BSH_C_2015,8,1,1,2,3,3.366501646,3,0,0,0,63,38,0,0,16,63,1,0,3,.
2015,BSH,C,BSH_C,BSH_C_2015,BSH_C_2015,3,3,2,3,2.75,0.5,98,0,0,3,3,0,0,0,3,86,1,2,16,.
2015,BSH,C,BSH_C,BSH_C_2015,BSH_C_2015,2,2,4,3,2.75,0.957427108,1,0,0,0,38,63,0,0,3,86,0,0,1,.
2015,BSH,C,BSH_C,BSH_C_2015,BSH_C_2015,2,2,2,4,2.5,1,38,3,0,0,63,1,0,0,86,3,0,0,16,.
2015,BSH,C,BSH_C,BSH_C_2015,BSH_C_2015,1,0,8,0,2.25,3.862210075,16,0,0,0,38,1,0,0,16,86,1,0,0,.
2015,BSH,C,BSH_C,BSH_C_2015,BSH_C_2015,6,1,1,1,2.25,2.5,3,0,3,98,3,3,0,0,16,63,1,2,0,.
2015,BSH,C,BSH_C,BSH_C_2015,BSH_C_2015,3,1,1,3,2,1.154700538,3,0,98,1,38,38,0,0,3,86,0,0,1,.
2015,BSH,C,BSH_C,BSH_C_2015,BSH_C_2015,2,2,2,1,1.75,0.5,3,0,0,0,98,3,0,0,63,16,0,0,0,.
2015,BSH,C,BSH_C,BSH_C_2015,BSH_C_2015,2,1,2,2,1.75,0.5,1,0,0,0,63,38,0,0,0,98,1,0,0,.
2015,BSH,C,BSH_C,BSH_C_2015,BSH_C_2015,2,1,2,2,1.75,0.5,16,0,0,0,16,38,0,0,3,98,2,0,1,.
2015,BSH,C,BSH_C,BSH_C_2015,BSH_C_2015,2,2,2,1,1.75,0.5,3,0,0,1,38,16,0,0,3,86,1,0,3,.
2015,BSH,C,BSH_C,BSH_C_2015,BSH_C_2015,1,1,3,1,1.5,1,63,0,0,0,16,3,0,0,3,86,1,0,1,.
2015,BSH,C,BSH_C,BSH_C_2015,BSH_C_2015,1,1,2,1,1.25,0.5,63,0,0,0,38,1,0,0,3,86,1,0,0,.
2015,BSH,C,BSH_C,BSH_C_2015,BSH_C_2015,1,1,3,0,1.25,1.258305739,3,0,0,0,38,16,0,0,3,86,1,0,0,.
2015,BSH,C,BSH_C,BSH_C_2015,BSH_C_2015,1,1,1,1,1,0,3,0,0,0,63,3,0,0,16,86,1,0,0,.
2015,BSH,C,BSH_C,BSH_C_2015,BSH_C_2015,1,0,0,0,0.25,0.5,16,0,0,0,16,3,0,0,1,98,3,0,0,.
2015,BSH,C,BSH_C,BSH_C_2015,BSH_C_2015,0,1,0,0,0.25,0.5,38,0,38,3,38,16,0,0,3,98,1,2,0,.
2015,BSH,N,BSH_N,BSH_N_2015,BSH_N_2015,5,5,5,9,6,2,0,63,0,38,63,0,0,0,86,3,0,0,0,.
2015,BSH,N,BSH_N,BSH_N_2015,BSH_N_2015,4,6,2,8,5,2.581988897,0,38,0,38,38,16,0,0,3,86,3,0,0,.
2015,BSH,N,BSH_N,BSH_N_2015,BSH_N_2015,4,4,7,4,4.75,1.5,0,63,0,0,16,38,0,0,3,86,0.5,0,1,.
2015,BSH,N,BSH_N,BSH_N_2015,BSH_N_2015,5,4,4,4,4.25,0.5,0,63,0,0,16,1,0,0,1,98,3,0,0,.
2015,BSH,N,BSH_N,BSH_N_2015,BSH_N_2015,4,5,4,3,4,0.816496581,0,38,0,0,3,38,0,0,3,86,0,0,0,.
2015,BSH,N,BSH_N,BSH_N_2015,BSH_N_2015,4,5,2,4,3.75,1.258305739,0,38,0,3,38,16,0,0,3,86,1,0,0,.
2015,BSH,N,BSH_N,BSH_N_2015,BSH_N_2015,4,2,4,5,3.75,1.258305739,0,3,98,16,63,38,0,0,98,0,0,0,0,.
2015,BSH,N,BSH_N,BSH_N_2015,BSH_N_2015,3,4,3,4,3.5,0.577350269,0,38,0,3,3,86,0,0,16,63,0,0,0,.
2015,BSH,N,BSH_N,BSH_N_2015,BSH_N_2015,3,2,3,6,3.5,1.732050808,0,38,3,16,3,1,38,0,3,86,0,0,0,.
2015,BSH,N,BSH_N,BSH_N_2015,BSH_N_2015,4,4,4,2,3.5,1,1,38,0,3,63,38,0,0,1,98,0.5,0,0,.
2015,BSH,N,BSH_N,BSH_N_2015,BSH_N_2015,3,4,3,3,3.25,0.5,0,63,0,0,3,38,0,0,3,86,1,0,0,.
2015,BSH,N,BSH_N,BSH_N_2015,BSH_N_2015,2,5,2,4,3.25,1.5,0,38,38,3,38,3,0,0,1,98,1,0,1,.
2015,BSH,N,BSH_N,BSH_N_2015,BSH_N_2015,3,2,4,4,3.25,0.957427108,0,16,0,16,38,1,0,0,38,63,1,0,0,.
2015,BSH,N,BSH_N,BSH_N_2015,BSH_N_2015,3,2,2,4,2.75,0.957427108,0,38,0,16,38,16,0,0,3,86,0,0,0,.
2015,BSH,N,BSH_N,BSH_N_2015,BSH_N_2015,2,2,4,3,2.75,0.957427108,0,38,98,1,63,3,0,0,3,86,2,0,0,.
2015,BSH,N,BSH_N,BSH_N_2015,BSH_N_2015,3,3,3,2,2.75,0.5,0,38,0,1,63,1,0,0,16,63,1,0,0,.
2015,BSH,N,BSH_N,BSH_N_2015,BSH_N_2015,3,2,1,4,2.5,1.290994449,3,38,0,3,38,38,0,0,0,98,0.5,0,1,.
2015,BSH,N,BSH_N,BSH_N_2015,BSH_N_2015,1,2,5,2,2.5,1.732050808,0,16,0,1,63,3,0,0,86,16,1,0,0,.
2015,BSH,N,BSH_N,BSH_N_2015,BSH_N_2015,2,2,4,2,2.5,1,0,63,0,3,38,1,0,0,16,63,0.5,0,0,.
2015,BSH,N,BSH_N,BSH_N_2015,BSH_N_2015,3,2,2,2,2.25,0.5,0,63,0,0,16,16,0,0,3,86,1,0,0,.
2015,BSH,N,BSH_N,BSH_N_2015,BSH_N_2015,3,2,2,2,2.25,0.5,0,63,0,0,38,16,0,0,3,98,2,0,0,.
2015,BSH,N,BSH_N,BSH_N_2015,BSH_N_2015,2,2,3,2,2.25,0.5,0,38,0,0,38,3,0,0,3,86,1,0,0,.
2015,BSH,N,BSH_N,BSH_N_2015,BSH_N_2015,2,2,3,2,2.25,0.5,0,63,0,0,38,3,0,0,3,86,1,0,0,.
2015,BSH,N,BSH_N,BSH_N_2015,BSH_N_2015,2,3,3,1,2.25,0.957427108,0,63,0,3,38,0,0,0,1,98,1,0,0,.
2015,BSH,N,BSH_N,BSH_N_2015,BSH_N_2015,3,1,2,2,2,0.816496581,0,63,0,0,3,16,0,0,3,86,0.5,0,0,.
2015,BSH,N,BSH_N,BSH_N_2015,BSH_N_2015,2,2,2,2,2,0,1,63,0,0,3,16,0,0,3,86,2,0,0,.
2015,BSH,N,BSH_N,BSH_N_2015,BSH_N_2015,2,1,2,2,1.75,0.5,0,86,0,1,3,3,0,0,16,86,0,0,0,.
2015,BSH,N,BSH_N,BSH_N_2015,BSH_N_2015,2,2,1,2,1.75,0.5,0,38,0,16,16,38,0,0,3,86,1,0,0,.
2015,BSH,N,BSH_N,BSH_N_2015,BSH_N_2015,2,1,2,2,1.75,0.5,3,38,0,0,63,0,0,0,1,98,1,0,0,.
2015,BSH,N,BSH_N,BSH_N_2015,BSH_N_2015,2,2,1,1,1.5,0.577350269,0,63,0,0,3,3,0,0,1,98,1,0,0,.
2015,BSH,S,BSH_S,BSH_S_2015,BSH_S_2015,15,9,6,6,9,4.242640687,0,0,98,1,63,0,1,0,3,86,0.5,0,0,.
2015,BSH,S,BSH_S,BSH_S_2015,BSH_S_2015,7,7,8,7,7.25,0.5,3,0,98,38,86,1,0,0,98,0,0,0,0,.
2015,BSH,S,BSH_S,BSH_S_2015,BSH_S_2015,8,7,7,6,7,0.816496581,0,0,38,63,38,38,0,0,98,0,0,0,0,.
2015,BSH,S,BSH_S,BSH_S_2015,BSH_S_2015,6,4,11,7,7,2.943920289,0,0,38,86,3,0,0,0,1,98,2,0,38,.
2015,BSH,S,BSH_S,BSH_S_2015,BSH_S_2015,3,6,8,7,6,2.160246899,3,0,86,38,38,1,0,0,38,63,1,0,0,.
2015,BSH,S,BSH_S,BSH_S_2015,BSH_S_2015,6,4,9,4,5.75,2.362907813,3,0,0,0,38,63,0,0,3,86,0,0,1,.
2015,BSH,S,BSH_S,BSH_S_2015,BSH_S_2015,6,5,7,5,5.75,0.957427108,3,1,0,0,63,16,0,0,3,98,1,0,0,.
2015,BSH,S,BSH_S,BSH_S_2015,BSH_S_2015,4,8,6,5,5.75,1.707825128,3,0,0,0,63,3,0,0,3,86,0.5,0,3,.
2015,BSH,S,BSH_S,BSH_S_2015,BSH_S_2015,4,6,8,4,5.5,1.914854216,3,0,0,3,63,0,0,0,38,63,0,2,0,.
2015,BSH,S,BSH_S,BSH_S_2015,BSH_S_2015,3,6,6,5,5,1.414213562,0,0,0,38,16,38,0,0,16,86,0,0,16,.
2015,BSH,S,BSH_S,BSH_S_2015,BSH_S_2015,3,4,6,5,4.5,1.290994449,3,1,0,3,63,38,0,0,3,86,0.5,2,3,.
2015,BSH,S,BSH_S,BSH_S_2015,BSH_S_2015,4,4,5,5,4.5,0.577350269,3,0,0,0,16,86,0,0,16,86,0,0,1,.
2015,BSH,S,BSH_S,BSH_S_2015,BSH_S_2015,4,4,6,3,4.25,1.258305739,0,0,0,0,98,16,0,0,16,86,0,0,0,.
2015,BSH,S,BSH_S,BSH_S_2015,BSH_S_2015,6,4,5,1,4,2.160246899,3,3,98,16,63,38,0,0,86,16,0,0,3,.
2015,BSH,S,BSH_S,BSH_S_2015,BSH_S_2015,3,5,4,3,3.75,0.957427108,3,0,0,0,63,0,0,0,3,86,2,0,1,.
2015,BSH,S,BSH_S,BSH_S_2015,BSH_S_2015,1,1,9,2,3.25,3.862210075,3,3,0,1,63,38,0,0,86,16,0,0,0,.
2015,BSH,S,BSH_S,BSH_S_2015,BSH_S_2015,5,2,4,2,3.25,1.5,0,0,98,63,38,1,0,0,1,98,2,0,0,.
2015,BSH,S,BSH_S,BSH_S_2015,BSH_S_2015,4,2,3,4,3.25,0.957427108,3,0,0,3,63,3,0,0,3,98,1,1,1,.
2015,BSH,S,BSH_S,BSH_S_2015,BSH_S_2015,2,3,4,3,3,0.816496581,16,0,0,0,86,16,0,0,3,86,0,0,0,.
2015,BSH,S,BSH_S,BSH_S_2015,BSH_S_2015,4,4,1,3,3,1.414213562,3,0,0,3,63,1,0,0,1,98,3,1,1,.
2015,BSH,S,BSH_S,BSH_S_2015,BSH_S_2015,3,4,2,2,2.75,0.957427108,3,1,0,0,38,63,0,0,3,98,0.5,0,0,.
2015,BSH,S,BSH_S,BSH_S_2015,BSH_S_2015,6,4,0,0,2.5,3,1,0,0,0,63,16,0,0,1,98,0,0,0,.
2015,BSH,S,BSH_S,BSH_S_2015,BSH_S_2015,2,3,3,2,2.5,0.577350269,3,0,0,3,86,38,0,0,16,86,0,0,0,.
2015,BSH,S,BSH_S,BSH_S_2015,BSH_S_2015,1,2,2,4,2.25,1.258305739,16,0,0,3,38,38,0,0,3,86,1,0,3,.
2015,BSH,S,BSH_S,BSH_S_2015,BSH_S_2015,2,3,1,2,2,0.816496581,3,0,0,0,16,86,0,0,63,16,0,0,0,.
2015,BSH,S,BSH_S,BSH_S_2015,BSH_S_2015,2,2,2,2,2,0,16,0,0,0,3,86,0,0,1,98,1,0,3,.
2015,BSH,S,BSH_S,BSH_S_2015,BSH_S_2015,0,2,1,2,1.25,0.957427108,3,0,0,3,38,16,0,0,38,63,2,2,0,.
2015,BSH,S,BSH_S,BSH_S_2015,BSH_S_2015,2,0,1,1,1,0.816496581,16,0,0,1,38,38,0,0,16,63,1,0,3,.
2015,BSH,S,BSH_S,BSH_S_2015,BSH_S_2015,0,0,2,1,0.75,0.957427108,3,0,0,1,38,0,0,0,3,98,1,1,0,.
2015,BSH,S,BSH_S,BSH_S_2015,BSH_S_2015,0,0,1,1,0.5,0.577350269,3,0,0,0,38,3,0,0,38,63,0,0,0,.
2015,DUN,C,DUN_C,DUN_C_2015,DUN_C_2015,13,10,10,16,12.25,2.872281323,0,0,38,86,63,0,0,0,3,98,2.5,0,0,.
2015,DUN,C,DUN_C,DUN_C_2015,DUN_C_2015,9,17,3,8,9.25,5.795112884,0,3,38,86,38,63,0,0,0,86,1.5,0,3,.
2015,DUN,C,DUN_C,DUN_C_2015,DUN_C_2015,13,9,3,10,8.75,4.193248542,3,0,3,38,16,38,0,0,0,86,3,0,3,.
2015,DUN,C,DUN_C,DUN_C_2015,DUN_C_2015,9,7,9,10,8.75,1.258305739,0,0,38,86,3,0,0,0,3,98,2.75,0,0,.
2015,DUN,C,DUN_C,DUN_C_2015,DUN_C_2015,7,7,10,10,8.5,1.732050808,0,0,98,16,1,86,0,0,1,98,9.5,0,98,.
2015,DUN,C,DUN_C,DUN_C_2015,DUN_C_2015,9,11,6,7,8.25,2.217355783,0,0,86,16,16,63,0,0,0,98,8.75,0,0,.
2015,DUN,C,DUN_C,DUN_C_2015,DUN_C_2015,7,8,9,9,8.25,0.957427108,16,0,38,86,16,16,3,0,1,98,5.75,0,86,.
2015,DUN,C,DUN_C,DUN_C_2015,DUN_C_2015,9,9,6,9,8.25,1.5,0,0,0,16,38,38,0,0,1,98,8,0,86,.
2015,DUN,C,DUN_C,DUN_C_2015,DUN_C_2015,8,7,9,8,8,0.816496581,0,0,0,98,38,16,0,0,63,16,0,0,0,.
2015,DUN,C,DUN_C,DUN_C_2015,DUN_C_2015,9,4,11,7,7.75,2.986078811,0,0,86,38,3,86,0,0,0,86,8,0,0,.
2015,DUN,C,DUN_C,DUN_C_2015,DUN_C_2015,7,6,6,9,7,1.414213562,0,0,3,63,16,38,0,0,3,98,1.75,1,0,.
2015,DUN,C,DUN_C,DUN_C_2015,DUN_C_2015,6,8,9,5,7,1.825741858,16,0,63,16,3,86,0,0,0,86,1.75,1,0,.
2015,DUN,C,DUN_C,DUN_C_2015,DUN_C_2015,6,9,5,8,7,1.825741858,0,0,3,86,3,38,0,0,3,98,3.5,0,0,.
2015,DUN,C,DUN_C,DUN_C_2015,DUN_C_2015,7,8,7,5,6.75,1.258305739,0,0,38,86,38,16,0,0,0,98,4,0,38,.
2015,DUN,C,DUN_C,DUN_C_2015,DUN_C_2015,4,9,5,8,6.5,2.380476143,0,0,98,3,16,63,0,0,1,86,0.75,0,16,.
2015,DUN,C,DUN_C,DUN_C_2015,DUN_C_2015,5,11,5,5,6.5,3,0,0,86,16,16,38,0,0,0,98,8,0,86,.
2015,DUN,C,DUN_C,DUN_C_2015,DUN_C_2015,7,5,7,5,6,1.154700538,0,3,63,86,3,38,0,0,0,86,6.75,0,0,.
2015,DUN,C,DUN_C,DUN_C_2015,DUN_C_2015,7,7,5,5,6,1.154700538,0,1,0,63,3,86,0,0,1,98,3.75,1,0,.
2015,DUN,C,DUN_C,DUN_C_2015,DUN_C_2015,4,4,7,9,6,2.449489743,0,0,98,86,16,63,0,0,0,98,6.5,0,38,.
2015,DUN,C,DUN_C,DUN_C_2015,DUN_C_2015,4,5,6,9,6,2.160246899,3,0,98,3,3,38,0,0,0,98,12.5,0,0,.
2015,DUN,C,DUN_C,DUN_C_2015,DUN_C_2015,5,4,5,9,5.75,2.217355783,0,38,63,63,0,3,0,0,1,98,5.5,0,0,.
2015,DUN,C,DUN_C,DUN_C_2015,DUN_C_2015,7,5,4,7,5.75,1.5,16,0,0,38,0,38,0,0,0,98,10.5,0,0,.
2015,DUN,C,DUN_C,DUN_C_2015,DUN_C_2015,5,6,7,5,5.75,0.957427108,0,0,0,63,0,38,0,0,0,98,10.5,0,0,.
2015,DUN,C,DUN_C,DUN_C_2015,DUN_C_2015,11,4,3,4,5.5,3.696845502,16,0,63,16,16,86,0,0,0,98,11,0,0,.
2015,DUN,C,DUN_C,DUN_C_2015,DUN_C_2015,5,4,5,5,4.75,0.5,0,0,98,63,0,86,0,0,0,98,13,0,0,.
2015,DUN,C,DUN_C,DUN_C_2015,DUN_C_2015,5,6,3,4,4.5,1.290994449,0,0,63,38,0,38,0,0,0,98,12.5,0,0,.
2015,DUN,C,DUN_C,DUN_C_2015,DUN_C_2015,5,3,4,3,3.75,0.957427108,0,0,3,38,16,63,0,0,0,98,4.25,0,86,.
2015,DUN,C,DUN_C,DUN_C_2015,DUN_C_2015,3,3,4,4,3.5,0.577350269,0,0,3,98,0,63,0,0,0,98,9.5,0,0,.
2015,DUN,C,DUN_C,DUN_C_2015,DUN_C_2015,4,3,3,4,3.5,0.577350269,3,0,63,38,16,38,0,0,0,98,10,0,86,.
2015,DUN,C,DUN_C,DUN_C_2015,DUN_C_2015,3,3,3,3,3,0,0,0,16,98,0,63,0,0,0,63,2,0,0,.
2015,DUN,E,DUN_E,DUN_E_2015,DUN_E_2015,13,20,20,20,18.25,3.5,0,0,0,3,86,0,0,0,16,86,0,0,0,.
2015,DUN,E,DUN_E,DUN_E_2015,DUN_E_2015,10,15,13,10,12,2.449489743,0,0,38,86,38,0,0,0,1,98,3.25,0,0,.
2015,DUN,E,DUN_E,DUN_E_2015,DUN_E_2015,5,11,15,10,10.25,4.11298756,0,38,3,63,16,0,0,0,3,98,2.5,0,0,.
2015,DUN,E,DUN_E,DUN_E_2015,DUN_E_2015,4,13,9,10,9,3.741657387,3,0,3,16,38,0,0,0,16,63,0.75,0,0,.
2015,DUN,E,DUN_E,DUN_E_2015,DUN_E_2015,11,6,14,5,9,4.242640687,0,0,86,98,16,3,0,0,1,98,1.25,0,0,.
2015,DUN,E,DUN_E,DUN_E_2015,DUN_E_2015,6,9,9,10,8.5,1.732050808,16,0,0,86,3,16,0,0,1,98,2,0,63,.
2015,DUN,E,DUN_E,DUN_E_2015,DUN_E_2015,7,7,10,10,8.5,1.732050808,16,0,3,86,3,38,0,0,3,98,0.25,2,0,.
2015,DUN,E,DUN_E,DUN_E_2015,DUN_E_2015,7,7,9,10,8.25,1.5,38,0,38,16,63,16,0,0,1,98,0.5,2,16,.
2015,DUN,E,DUN_E,DUN_E_2015,DUN_E_2015,7,8,8,9,8,0.816496581,98,0,16,16,38,3,0,0,3,98,5.25,2,38,.
2015,DUN,E,DUN_E,DUN_E_2015,DUN_E_2015,9,8,7,7,7.75,0.957427108,0,3,0,16,86,0,0,0,3,98,4,2,16,.
2015,DUN,E,DUN_E,DUN_E_2015,DUN_E_2015,7,11,7,6,7.75,2.217355783,3,0,86,86,63,3,0,0,16,86,0.5,2,0,.
2015,DUN,E,DUN_E,DUN_E_2015,DUN_E_2015,7,7,6,10,7.5,1.732050808,86,0,16,38,16,3,0,0,3,98,0,1,98,.
2015,DUN,E,DUN_E,DUN_E_2015,DUN_E_2015,9,9,6,6,7.5,1.732050808,3,3,86,98,16,0,0,0,3,98,8.5,0,38,.
2015,DUN,E,DUN_E,DUN_E_2015,DUN_E_2015,9,6,9,5,7.25,2.061552813,63,1,3,38,16,1,0,0,3,98,1,2,16,.
2015,DUN,E,DUN_E,DUN_E_2015,DUN_E_2015,4,9,10,5,7,2.943920289,0,0,16,86,38,0,0,0,1,98,2.5,0,0,.
2015,DUN,E,DUN_E,DUN_E_2015,DUN_E_2015,7,9,6,6,7,1.414213562,0,0,16,63,63,1,0,0,3,98,2,2,3,.
2015,DUN,E,DUN_E,DUN_E_2015,DUN_E_2015,5,7,9,7,7,1.632993162,0,3,86,98,3,16,0,0,1,98,0.5,0,0,.
2015,DUN,E,DUN_E,DUN_E_2015,DUN_E_2015,5,7,9,7,7,1.632993162,0,0,86,98,3,16,0,0,0,98,5.25,2,0,.
2015,DUN,E,DUN_E,DUN_E_2015,DUN_E_2015,5,7,7,6,6.25,0.957427108,38,0,3,38,1,38,0,0,1,98,1.5,2,0,.
2015,DUN,E,DUN_E,DUN_E_2015,DUN_E_2015,5,7,7,5,6,1.154700538,16,0,86,86,3,63,0,0,1,98,1.75,0,0,.
2015,DUN,E,DUN_E,DUN_E_2015,DUN_E_2015,4,9,6,4,5.75,2.362907813,0,0,86,98,38,3,0,0,3,98,2.25,2,38,.
2015,DUN,E,DUN_E,DUN_E_2015,DUN_E_2015,5,7,5,5,5.5,1,3,1,98,98,16,3,0,0,3,98,1.25,2,86,.
2015,DUN,E,DUN_E,DUN_E_2015,DUN_E_2015,5,5,5,6,5.25,0.5,38,0,63,38,16,16,0,0,3,98,6,1,63,.
2015,DUN,E,DUN_E,DUN_E_2015,DUN_E_2015,7,5,5,4,5.25,1.258305739,0,0,3,98,3,16,0,0,3,98,4.25,2,0,.
2015,DUN,E,DUN_E,DUN_E_2015,DUN_E_2015,5,5,5,6,5.25,0.5,0,0,63,63,16,63,0,0,1,98,0.25,2,0,.
2015,DUN,E,DUN_E,DUN_E_2015,DUN_E_2015,5,5,5,5,5,0,16,0,3,63,16,63,0,0,3,98,2.5,1,0,.
2015,DUN,E,DUN_E,DUN_E_2015,DUN_E_2015,5,5,5,4,4.75,0.5,0,3,86,63,16,38,0,0,1,98,0.5,1,0,.
2015,DUN,E,DUN_E,DUN_E_2015,DUN_E_2015,5,4,4,4,4.25,0.5,86,0,0,63,16,3,0,0,16,86,0.5,2,38,.
2015,DUN,E,DUN_E,DUN_E_2015,DUN_E_2015,4,4,5,3,4,0.816496581,0,0,98,86,3,38,0,0,3,98,0.5,0,0,.
2015,DUN,E,DUN_E,DUN_E_2015,DUN_E_2015,5,4,3,3,3.75,0.957427108,0,0,3,98,16,16,0,0,3,98,1.75,2,0,.
2015,DUN,W,DUN_W,DUN_W_2015,DUN_W_2015,9,7,5,6,6.75,1.707825128,3,3,16,98,16,16,0,0,0,98,6.75,0,38,.
2015,DUN,W,DUN_W,DUN_W_2015,DUN_W_2015,7,9,5,6,6.75,1.707825128,38,0,3,86,3,38,0,0,16,63,0,0,0,.
2015,DUN,W,DUN_W,DUN_W_2015,DUN_W_2015,6,5,6,9,6.5,1.732050808,3,3,3,63,16,63,0,0,1,98,8.75,0,16,.
2015,DUN,W,DUN_W,DUN_W_2015,DUN_W_2015,8,5,7,5,6.25,1.5,86,0,98,16,16,0,0,0,3,98,0.25,2,86,.
2015,DUN,W,DUN_W,DUN_W_2015,DUN_W_2015,6,7,5,5,5.75,0.957427108,16,0,38,38,16,63,0,0,1,98,4.75,2,0,.
2015,DUN,W,DUN_W,DUN_W_2015,DUN_W_2015,6,6,5,6,5.75,0.5,16,0,98,16,16,86,0,0,0,98,1,1,86,.
2015,DUN,W,DUN_W,DUN_W_2015,DUN_W_2015,6,6,5,6,5.75,0.5,0,0,98,63,0,86,0,0,0,98,0.75,0,0,.
2015,DUN,W,DUN_W,DUN_W_2015,DUN_W_2015,7,5,5,6,5.75,0.957427108,16,3,38,86,3,38,0,0,1,98,0.75,1,0,.
2015,DUN,W,DUN_W,DUN_W_2015,DUN_W_2015,5,4,5,7,5.25,1.258305739,16,3,86,86,16,3,0,0,1,98,1.5,2,0,.
2015,DUN,W,DUN_W,DUN_W_2015,DUN_W_2015,7,5,4,5,5.25,1.258305739,38,0,38,38,3,38,0,0,3,98,0.5,0,98,.
2015,DUN,W,DUN_W,DUN_W_2015,DUN_W_2015,9,5,4,3,5.25,2.62995564,0,0,63,16,16,38,0,0,16,86,1,0,0,.
2015,DUN,W,DUN_W,DUN_W_2015,DUN_W_2015,6,5,5,5,5.25,0.5,16,0,63,63,16,38,0,0,3,98,2.5,0,0,.
2015,DUN,W,DUN_W,DUN_W_2015,DUN_W_2015,5,5,5,5,5,0,63,0,63,16,3,86,0,0,1,98,2.5,2,0,.
2015,DUN,W,DUN_W,DUN_W_2015,DUN_W_2015,7,3,5,5,5,1.632993162,38,0,63,63,3,38,0,0,1,98,2.25,0,0,.
2015,DUN,W,DUN_W,DUN_W_2015,DUN_W_2015,3,3,10,3,4.75,3.5,16,3,98,86,16,16,0,0,3,98,9,1,0,.
2015,DUN,W,DUN_W,DUN_W_2015,DUN_W_2015,5,4,5,5,4.75,0.5,16,0,3,63,16,3,0,0,1,98,1,0,98,.
2015,DUN,W,DUN_W,DUN_W_2015,DUN_W_2015,5,4,5,5,4.75,0.5,86,0,0,3,16,3,0,0,1,98,5,0,63,.
2015,DUN,W,DUN_W,DUN_W_2015,DUN_W_2015,5,5,5,4,4.75,0.5,16,0,98,16,38,63,0,0,3,98,0.75,0,0,.
2015,DUN,W,DUN_W,DUN_W_2015,DUN_W_2015,3,5,4,6,4.5,1.290994449,0,3,98,63,3,63,0,0,0,86,2.5,0,0,.
2015,DUN,W,DUN_W,DUN_W_2015,DUN_W_2015,6,3,5,4,4.5,1.290994449,0,0,98,86,3,63,0,0,0,98,7.25,0,0,.
2015,DUN,W,DUN_W,DUN_W_2015,DUN_W_2015,4,4,5,5,4.5,0.577350269,86,3,38,3,3,16,0,0,3,98,3,2,0,.
2015,DUN,W,DUN_W,DUN_W_2015,DUN_W_2015,5,5,5,3,4.5,1,3,0,63,86,16,16,0,0,16,86,0,1,16,.
2015,DUN,W,DUN_W,DUN_W_2015,DUN_W_2015,4,5,5,4,4.5,0.577350269,38,3,16,38,38,16,0,0,3,98,3,0,98,.
2015,DUN,W,DUN_W,DUN_W_2015,DUN_W_2015,4,4,5,4,4.25,0.5,86,0,86,16,16,3,0,0,3,98,0.75,1,3,.
2015,DUN,W,DUN_W,DUN_W_2015,DUN_W_2015,4,4,5,4,4.25,0.5,86,0,63,3,3,16,0,0,3,98,4.5,1,0,.
2015,DUN,W,DUN_W,DUN_W_2015,DUN_W_2015,5,4,3,5,4.25,0.957427108,3,16,16,86,1,38,0,0,0,98,5.25,1,0,.
2015,DUN,W,DUN_W,DUN_W_2015,DUN_W_2015,3,5,5,3,4,1.154700538,16,3,98,63,16,16,0,0,1,98,6,0,86,.
2015,DUN,W,DUN_W,DUN_W_2015,DUN_W_2015,5,3,3,5,4,1.154700538,38,0,86,38,3,38,0,0,0,98,3,0,63,.
2015,DUN,W,DUN_W,DUN_W_2015,DUN_W_2015,3,5,3,4,3.75,0.957427108,0,0,98,86,3,38,0,0,3,98,3.5,1,0,.
2015,DUN,W,DUN_W,DUN_W_2015,DUN_W_2015,5,4,3,3,3.75,0.957427108,86,0,63,16,3,3,0,0,1,98,0.75,2,0,.
2015,GIL,C,GIL_C,GIL_C_2015,GIL_C_2015,4,5,5,3,4.25,0.957427108,0,16,98,38,38,0,0,0,86,3,0,0,3,.
2015,GIL,C,GIL_C,GIL_C_2015,GIL_C_2015,2,6,4,2,3.5,1.914854216,0,16,63,38,86,16,0,0,86,16,0,0,63,.
2015,GIL,C,GIL_C,GIL_C_2015,GIL_C_2015,5,2,2,1,2.5,1.732050808,3,0,98,3,38,63,0,0,86,3,0,0,38,.
2015,GIL,C,GIL_C,GIL_C_2015,GIL_C_2015,3,2,2,1,2,0.816496581,16,0,98,3,63,3,0,0,86,16,0,0,86,.
2015,GIL,C,GIL_C,GIL_C_2015,GIL_C_2015,4,1,1,1,1.75,1.5,0,63,38,16,3,0,0,0,86,3,0,0,3,.
2015,GIL,C,GIL_C,GIL_C_2015,GIL_C_2015,3,2,0,1,1.5,1.290994449,0,16,63,16,38,3,0,0,86,16,1,2,16,.
2015,GIL,C,GIL_C,GIL_C_2015,GIL_C_2015,3,1,1,0,1.25,1.258305739,0,63,98,16,16,1,1,0,16,86,0.5,0,3,.
2015,GIL,C,GIL_C,GIL_C_2015,GIL_C_2015,1,1,2,1,1.25,0.5,16,0,98,16,38,16,0,0,86,16,0,1,38,.
2015,GIL,C,GIL_C,GIL_C_2015,GIL_C_2015,1,1,3,0,1.25,1.258305739,0,3,3,86,16,16,0,0,86,16,0,2,16,.
2015,GIL,C,GIL_C,GIL_C_2015,GIL_C_2015,2,1,1,1,1.25,0.5,38,0,98,3,38,3,1,0,86,3,0,0,38,.
2015,GIL,C,GIL_C,GIL_C_2015,GIL_C_2015,1,1,1,1,1,0,0,0,98,38,63,3,0,0,86,16,0,2,38,.
2015,GIL,C,GIL_C,GIL_C_2015,GIL_C_2015,1,1,1,1,1,0,0,86,98,3,3,3,0,0,38,86,2,0,1,.
2015,GIL,C,GIL_C,GIL_C_2015,GIL_C_2015,1,1,1,1,1,0,16,0,38,16,63,16,0,0,98,3,0,0,16,.
2015,GIL,C,GIL_C,GIL_C_2015,GIL_C_2015,1,0,2,1,1,0.816496581,3,0,16,86,63,0,0,0,86,0,0,2,16,.
2015,GIL,C,GIL_C,GIL_C_2015,GIL_C_2015,3,1,0,0,1,1.414213562,16,0,16,63,16,3,0,0,86,3,0,2,16,.
2015,GIL,C,GIL_C,GIL_C_2015,GIL_C_2015,1,1,0,1,0.75,0.5,38,0,63,38,16,16,0,0,86,16,0,0,3,.
2015,GIL,C,GIL_C,GIL_C_2015,GIL_C_2015,1,1,0,0,0.5,0.577350269,3,0,98,63,38,3,0,0,86,16,1,0,38,.
2015,GIL,C,GIL_C,GIL_C_2015,GIL_C_2015,1,0,0,1,0.5,0.577350269,1,0,63,86,3,38,0,0,86,3,0,0,3,.
2015,GIL,C,GIL_C,GIL_C_2015,GIL_C_2015,0,0,0,2,0.5,1,16,0,63,63,16,3,0,0,86,3,0,0,16,.
2015,GIL,C,GIL_C,GIL_C_2015,GIL_C_2015,0,0,1,0,0.25,0.5,86,0,98,16,16,3,0,0,86,16,0,0,3,.
2015,GIL,C,GIL_C,GIL_C_2015,GIL_C_2015,0,1,0,0,0.25,0.5,86,0,98,3,16,3,0,0,86,3,0,0,16,.
2015,GIL,C,GIL_C,GIL_C_2015,GIL_C_2015,0,0,0,1,0.25,0.5,16,0,3,86,3,3,0,0,86,3,0,0,0,.
2015,GIL,C,GIL_C,GIL_C_2015,GIL_C_2015,0,1,0,0,0.25,0.5,86,0,16,16,16,3,1,0,86,3,0.5,2,3,.
2015,GIL,C,GIL_C,GIL_C_2015,GIL_C_2015,0,0,0,0,0,0,38,0,86,38,16,16,0,0,86,3,0,1,3,.
2015,GIL,C,GIL_C,GIL_C_2015,GIL_C_2015,0,0,0,0,0,0,86,0,98,3,16,3,0,0,86,3,0,0,3,.
2015,GIL,C,GIL_C,GIL_C_2015,GIL_C_2015,0,0,0,0,0,0,63,0,98,16,16,16,0,0,86,16,0,2,16,.
2015,GIL,C,GIL_C,GIL_C_2015,GIL_C_2015,0,0,0,0,0,0,98,0,86,3,3,3,0,0,86,16,0.5,0,3,.
2015,GIL,C,GIL_C,GIL_C_2015,GIL_C_2015,0,0,0,0,0,0,86,0,0,3,3,3,0,0,86,3,0,2,3,.
2015,GIL,C,GIL_C,GIL_C_2015,GIL_C_2015,0,0,0,0,0,0,16,0,16,38,3,3,0,0,86,3,0,0,3,.
2015,GIL,C,GIL_C,GIL_C_2015,GIL_C_2015,0,0,0,0,0,0,63,0,3,0,3,1,0,0,86,3,0,0,1,.
2015,GIL,C,GIL_C,GIL_C_2015,GIL_C_2015,0,0,0,0,0,0,63,0,16,38,3,3,0,0,63,3,0,1,3,.
2015,GIL,N,GIL_N,GIL_N_2015,GIL_N_2015,5,1,2,3,2.75,1.707825128,38,0,63,16,63,3,0,0,63,38,0.5,2,38,.
2015,GIL,N,GIL_N,GIL_N_2015,GIL_N_2015,3,4,2,2,2.75,0.957427108,38,0,98,16,63,0,0,0,63,16,0,0,63,.
2015,GIL,N,GIL_N,GIL_N_2015,GIL_N_2015,3,0,2,1,1.5,1.290994449,0,1,3,38,38,3,0,0,16,63,1,0,3,.
2015,GIL,N,GIL_N,GIL_N_2015,GIL_N_2015,1,1,1,1,1,0,0,38,63,16,38,3,0,0,86,16,0.5,0,16,.
2015,GIL,N,GIL_N,GIL_N_2015,GIL_N_2015,0,1,1,2,1,0.816496581,0,38,38,38,38,3,0,0,86,3,0,0,3,.
2015,GIL,N,GIL_N,GIL_N_2015,GIL_N_2015,2,1,0,1,1,0.816496581,0,0,3,38,38,3,0,0,63,16,0,2,16,.
2015,GIL,N,GIL_N,GIL_N_2015,GIL_N_2015,1,1,1,1,1,0,3,0,16,16,63,16,0,0,38,38,1,0,38,.
2015,GIL,N,GIL_N,GIL_N_2015,GIL_N_2015,1,0,1,1,0.75,0.5,0,0,16,38,38,16,3,0,63,38,0,2,16,.
2015,GIL,N,GIL_N,GIL_N_2015,GIL_N_2015,1,1,0,1,0.75,0.5,86,0,86,3,16,16,0,0,86,16,0.5,0,16,.
2015,GIL,N,GIL_N,GIL_N_2015,GIL_N_2015,0,1,0,1,0.5,0.577350269,38,0,98,16,38,16,0,0,86,16,0,1,3,.
2015,GIL,N,GIL_N,GIL_N_2015,GIL_N_2015,0,0,1,1,0.5,0.577350269,63,0,63,16,16,3,0,0,86,16,0,2,16,.
2015,GIL,N,GIL_N,GIL_N_2015,GIL_N_2015,0,0,1,1,0.5,0.577350269,86,0,38,16,16,3,0,0,86,16,0.5,2,3,.
2015,GIL,N,GIL_N,GIL_N_2015,GIL_N_2015,1,0,0,1,0.5,0.577350269,98,0,38,16,3,3,0,0,86,16,0,2,1,.
2015,GIL,N,GIL_N,GIL_N_2015,GIL_N_2015,0,0,1,0,0.25,0.5,1,3,86,16,16,1,0,0,86,3,0,0,16,.
2015,GIL,N,GIL_N,GIL_N_2015,GIL_N_2015,0,0,1,0,0.25,0.5,86,0,63,3,16,16,0,0,86,3,0.5,0,3,.
2015,GIL,N,GIL_N,GIL_N_2015,GIL_N_2015,0,0,0,0,0,0,63,0,0,3,86,16,16,0,86,38,0.5,0,1,.
2015,GIL,N,GIL_N,GIL_N_2015,GIL_N_2015,0,0,0,0,0,0,86,3,98,3,16,3,0,0,86,16,0,0,0,.
2015,GIL,N,GIL_N,GIL_N_2015,GIL_N_2015,0,0,0,0,0,0,86,0,86,3,16,3,0,0,63,16,0,1,3,.
2015,GIL,N,GIL_N,GIL_N_2015,GIL_N_2015,0,0,0,0,0,0,86,0,98,3,16,3,0,0,86,16,0,0,0,.
2015,GIL,N,GIL_N,GIL_N_2015,GIL_N_2015,0,0,0,0,0,0,86,0,16,3,16,1,0,0,86,3,0,2,3,.
2015,GIL,N,GIL_N,GIL_N_2015,GIL_N_2015,0,0,0,0,0,0,3,3,63,38,16,3,0,0,86,16,0.75,2,3,.
2015,GIL,N,GIL_N,GIL_N_2015,GIL_N_2015,0,0,0,0,0,0,86,0,0,0,16,3,0,0,86,3,0,0,16,.
2015,GIL,N,GIL_N,GIL_N_2015,GIL_N_2015,0,0,0,0,0,0,86,0,98,3,16,3,0,0,86,16,0,0,0,.
2015,GIL,N,GIL_N,GIL_N_2015,GIL_N_2015,0,0,0,0,0,0,86,0,98,3,16,3,0,0,86,16,0,0,3,.
2015,GIL,N,GIL_N,GIL_N_2015,GIL_N_2015,0,0,0,0,0,0,86,0,98,16,1,3,0,0,86,3,0,0,1,.
2015,GIL,N,GIL_N,GIL_N_2015,GIL_N_2015,0,0,0,0,0,0,86,0,98,3,16,3,0,0,63,16,0.5,0,16,.
2015,GIL,N,GIL_N,GIL_N_2015,GIL_N_2015,0,0,0,0,0,0,86,0,3,16,3,3,0,0,86,3,0.25,0,3,.
2015,GIL,N,GIL_N,GIL_N_2015,GIL_N_2015,0,0,0,0,0,0,86,0,98,3,3,3,0,0,86,16,0,0,3,.
2015,GIL,N,GIL_N,GIL_N_2015,GIL_N_2015,0,0,0,0,0,0,86,0,0,16,16,3,0,0,86,16,0,0,16,.
2015,GIL,S,GIL_S,GIL_S_2015,GIL_S_2015,5,8,8,6,6.75,1.5,0,63,0,16,63,3,0,0,63,38,0,0,38,.
2015,GIL,S,GIL_S,GIL_S_2015,GIL_S_2015,3,2,1,7,3.25,2.62995564,0,63,16,16,38,16,0,0,3,86,1.5,0,38,.
2015,GIL,S,GIL_S,GIL_S_2015,GIL_S_2015,2,4,2,3,2.75,0.957427108,0,38,0,16,63,0,1,0,16,86,0,0,63,.
2015,GIL,S,GIL_S,GIL_S_2015,GIL_S_2015,1,1,5,1,2,2,0,86,63,16,38,3,0,0,16,63,0,0,38,.
2015,GIL,S,GIL_S,GIL_S_2015,GIL_S_2015,1,1,2,2,1.5,0.577350269,0,86,0,16,63,0,0,0,86,3,2.5,0,38,.
2015,GIL,S,GIL_S,GIL_S_2015,GIL_S_2015,1,1,3,1,1.5,1,0,63,0,16,38,0,1,0,63,16,0,0,1,.
2015,GIL,S,GIL_S,GIL_S_2015,GIL_S_2015,2,1,2,1,1.5,0.577350269,0,86,38,16,86,3,0,0,16,86,1.5,0,98,.
2015,GIL,S,GIL_S,GIL_S_2015,GIL_S_2015,1,1,3,1,1.5,1,0,86,0,3,38,0,63,0,63,63,1.5,0,38,.
2015,GIL,S,GIL_S,GIL_S_2015,GIL_S_2015,2,1,1,2,1.5,0.577350269,0,86,0,3,16,0,0,0,16,63,2,0,0,.
2015,GIL,S,GIL_S,GIL_S_2015,GIL_S_2015,1,2,1,1,1.25,0.5,16,63,86,16,16,16,1,0,3,63,1.5,0,16,.
2015,GIL,S,GIL_S,GIL_S_2015,GIL_S_2015,2,1,1,1,1.25,0.5,0,86,0,3,3,0,0,0,16,38,1,0,0,.
2015,GIL,S,GIL_S,GIL_S_2015,GIL_S_2015,1,1,1,1,1,0,0,86,98,3,3,3,0,0,38,86,2,0,1,.
2015,GIL,S,GIL_S,GIL_S_2015,GIL_S_2015,1,1,1,1,1,0,0,63,16,38,3,0,0,0,16,86,1,0,3,.
2015,GIL,S,GIL_S,GIL_S_2015,GIL_S_2015,1,1,1,1,1,0,0,63,0,38,16,3,1,0,3,86,1,0,1,.
2015,GIL,S,GIL_S,GIL_S_2015,GIL_S_2015,0,1,1,2,1,0.816496581,0,86,0,3,16,0,63,0,86,16,0,0,3,.
2015,GIL,S,GIL_S,GIL_S_2015,GIL_S_2015,1,1,1,1,1,0,0,86,0,3,16,0,0,0,38,63,0,0,0,.
2015,GIL,S,GIL_S,GIL_S_2015,GIL_S_2015,1,1,1,1,1,0,0,86,0,0,16,0,0,0,38,63,0.5,0,0,.
2015,GIL,S,GIL_S,GIL_S_2015,GIL_S_2015,1,1,1,1,1,0,0,63,0,3,16,38,0,0,16,63,0,0,0,.
2015,GIL,S,GIL_S,GIL_S_2015,GIL_S_2015,1,1,1,1,1,0,3,38,98,3,3,38,0,0,16,86,1,0,0,.
2015,GIL,S,GIL_S,GIL_S_2015,GIL_S_2015,1,2,1,0,1,0.816496581,3,63,63,16,3,16,0,0,63,16,0,0,0,.
2015,GIL,S,GIL_S,GIL_S_2015,GIL_S_2015,1,1,1,1,1,0,0,38,16,86,38,16,0,0,16,86,0.5,0,38,.
2015,GIL,S,GIL_S,GIL_S_2015,GIL_S_2015,1,1,1,0,0.75,0.5,0,86,38,16,3,16,0,0,16,86,1,0,3,.
2015,GIL,S,GIL_S,GIL_S_2015,GIL_S_2015,2,1,0,0,0.75,0.957427108,0,63,0,16,16,38,0,0,16,86,0,0,0,.
2015,GIL,S,GIL_S,GIL_S_2015,GIL_S_2015,1,1,0,1,0.75,0.5,16,16,0,16,16,38,0,0,63,38,0,0,3,.
2015,GIL,S,GIL_S,GIL_S_2015,GIL_S_2015,0,1,1,1,0.75,0.5,0,86,86,3,16,38,1,0,16,63,0.5,0,3,.
2015,GIL,S,GIL_S,GIL_S_2015,GIL_S_2015,1,1,0,1,0.75,0.5,0,86,0,0,3,0,0,0,63,16,0,0,0,.
2015,GIL,S,GIL_S,GIL_S_2015,GIL_S_2015,1,1,0,0,0.5,0.577350269,0,86,0,0,3,1,0,0,38,63,0,0,1,.
2015,GIL,S,GIL_S,GIL_S_2015,GIL_S_2015,1,0,0,0,0.25,0.5,0,38,0,38,16,16,0,0,16,86,0.5,0,0,.
2015,GIL,S,GIL_S,GIL_S_2015,GIL_S_2015,0,0,0,0,0,0,0,86,0,0,3,3,0,0,38,63,0,0,3,.
2015,GIL,S,GIL_S,GIL_S_2015,GIL_S_2015,0,0,0,0,0,0,63,16,98,3,3,16,0,0,16,63,0,0,1,.
2015,KLN,C,KLN_C,KLN_C_2015,KLN_C_2015,5,3,3,7,4.5,1.914854216,0,3,0,98,3,3,3,0,38,38,0,0,16,.
2015,KLN,C,KLN_C,KLN_C_2015,KLN_C_2015,3,5,3,4,3.75,0.957427108,16,38,86,16,38,38,0,0,38,38,1,0,86,.
2015,KLN,C,KLN_C,KLN_C_2015,KLN_C_2015,2,5,2,5,3.5,1.732050808,0,16,16,16,63,63,0,0,38,38,0,0,0,.
2015,KLN,C,KLN_C,KLN_C_2015,KLN_C_2015,3,4,3,3,3.25,0.5,63,16,0,38,38,3,0,0,16,86,0,2,16,.
2015,KLN,C,KLN_C,KLN_C_2015,KLN_C_2015,3,3,4,3,3.25,0.5,86,16,0,0,16,0,0,0,16,86,0,0,0,.
2015,KLN,C,KLN_C,KLN_C_2015,KLN_C_2015,4,3,2,3,3,0.816496581,63,3,0,3,16,3,0,0,38,63,0,2,63,.
2015,KLN,C,KLN_C,KLN_C_2015,KLN_C_2015,2,3,3,3,2.75,0.5,0,38,3,38,16,63,0,0,16,86,1.5,0,0,.
2015,KLN,C,KLN_C,KLN_C_2015,KLN_C_2015,3,2,3,2,2.5,0.577350269,16,63,0,3,16,16,0,0,16,86,0,0,0,.
2015,KLN,C,KLN_C,KLN_C_2015,KLN_C_2015,3,2,3,2,2.5,0.577350269,63,3,0,3,38,3,0,0,38,63,0,0,38,.
2015,KLN,C,KLN_C,KLN_C_2015,KLN_C_2015,2,2,4,2,2.5,1,38,38,0,3,16,16,0,0,3,98,1.5,0,38,.
2015,KLN,C,KLN_C,KLN_C_2015,KLN_C_2015,3,2,3,2,2.5,0.577350269,16,38,0,3,16,63,0,0,38,63,0,0,3,.
2015,KLN,C,KLN_C,KLN_C_2015,KLN_C_2015,3,2,2,3,2.5,0.577350269,63,16,0,3,3,16,0,0,16,86,0,0,38,.
2015,KLN,C,KLN_C,KLN_C_2015,KLN_C_2015,2,2,2,3,2.25,0.5,63,3,0,3,16,16,0,0,38,63,1.5,0,38,.
2015,KLN,C,KLN_C,KLN_C_2015,KLN_C_2015,1,2,3,3,2.25,0.957427108,38,16,16,16,16,16,0,0,38,63,0,2,38,.
2015,KLN,C,KLN_C,KLN_C_2015,KLN_C_2015,1,3,2,3,2.25,0.957427108,38,63,0,3,16,16,0,0,16,86,3.25,0,63,.
2015,KLN,C,KLN_C,KLN_C_2015,KLN_C_2015,3,1,2,2,2,0.816496581,3,16,16,63,3,38,0,0,16,63,0,0,16,.
2015,KLN,C,KLN_C,KLN_C_2015,KLN_C_2015,3,2,1,2,2,0.816496581,38,38,0,3,3,63,0,0,38,63,0,0,38,.
2015,KLN,C,KLN_C,KLN_C_2015,KLN_C_2015,2,2,2,2,2,0,63,16,0,3,3,63,0,0,38,63,0,0,3,.
2015,KLN,C,KLN_C,KLN_C_2015,KLN_C_2015,2,1,3,2,2,0.816496581,38,16,38,3,16,63,0,0,16,86,4,0,63,.
2015,KLN,C,KLN_C,KLN_C_2015,KLN_C_2015,1,4,2,1,2,1.414213562,16,3,0,38,3,86,0,0,63,16,0,0,16,.
2015,KLN,C,KLN_C,KLN_C_2015,KLN_C_2015,2,1,2,2,1.75,0.5,63,1,0,3,16,3,0,0,16,86,0,2,86,.
2015,KLN,C,KLN_C,KLN_C_2015,KLN_C_2015,2,2,1,2,1.75,0.5,63,3,0,3,16,38,0,0,38,63,1,0,0,.
2015,KLN,C,KLN_C,KLN_C_2015,KLN_C_2015,2,2,2,1,1.75,0.5,63,3,98,3,3,16,0,0,63,38,1,0,0,.
2015,KLN,C,KLN_C,KLN_C_2015,KLN_C_2015,3,1,1,2,1.75,0.957427108,38,3,0,3,16,63,0,0,16,86,0.75,0,86,.
2015,KLN,C,KLN_C,KLN_C_2015,KLN_C_2015,1,2,2,2,1.75,0.5,63,0,0,0,38,16,0,0,38,63,0,0,38,.
2015,KLN,C,KLN_C,KLN_C_2015,KLN_C_2015,2,2,2,1,1.75,0.5,38,16,0,3,3,63,0,0,38,63,0.25,0,0,.
2015,KLN,C,KLN_C,KLN_C_2015,KLN_C_2015,1,1,2,2,1.5,0.577350269,38,16,98,16,16,16,0,0,38,63,2.5,0,38,.
2015,KLN,C,KLN_C,KLN_C_2015,KLN_C_2015,1,2,2,1,1.5,0.577350269,38,16,0,16,3,63,0,0,16,86,0.25,0,63,.
2015,KLN,C,KLN_C,KLN_C_2015,KLN_C_2015,1,2,2,1,1.5,0.577350269,3,16,0,38,3,86,0,0,16,63,0,0,0,.
2015,KLN,C,KLN_C,KLN_C_2015,KLN_C_2015,1,1,1,1,1,0,3,38,3,16,3,86,0,0,63,16,0,0,0,.
2015,KLN,E,KLN_E,KLN_E_2015,KLN_E_2015,4,4,5,5,4.5,0.577350269,0,3,38,86,38,0,0,0,38,16,0,0,0,.
2015,KLN,E,KLN_E,KLN_E_2015,KLN_E_2015,4,5,3,4,4,0.816496581,38,16,0,3,63,3,0,0,3,98,4.5,2,86,.
2015,KLN,E,KLN_E,KLN_E_2015,KLN_E_2015,3,3,5,4,3.75,0.957427108,0,38,3,63,16,0,0,0,16,63,0,0,0,.
2015,KLN,E,KLN_E,KLN_E_2015,KLN_E_2015,2,3,5,5,3.75,1.5,0,63,63,38,16,16,0,0,16,86,0,0,63,.
2015,KLN,E,KLN_E,KLN_E_2015,KLN_E_2015,3,4,4,3,3.5,0.577350269,0,63,0,38,3,1,0,0,3,98,0.75,0,0,.
2015,KLN,E,KLN_E,KLN_E_2015,KLN_E_2015,3,3,4,3,3.25,0.5,0,86,0,38,16,0,0,0,3,98,0,0,0,.
2015,KLN,E,KLN_E,KLN_E_2015,KLN_E_2015,2,4,3,4,3.25,0.957427108,0,86,3,3,38,3,0,0,16,86,0,0,16,.
2015,KLN,E,KLN_E,KLN_E_2015,KLN_E_2015,3,3,3,3,3,0,0,86,0,16,16,3,0,0,16,86,2,0,0,.
2015,KLN,E,KLN_E,KLN_E_2015,KLN_E_2015,3,3,2,3,2.75,0.5,38,16,0,63,16,0,0,0,0,98,3,0,0,.
2015,KLN,E,KLN_E,KLN_E_2015,KLN_E_2015,3,2,3,3,2.75,0.5,38,63,86,16,16,16,0,0,3,98,0.75,0,38,.
2015,KLN,E,KLN_E,KLN_E_2015,KLN_E_2015,3,2,2,3,2.5,0.577350269,0,86,0,38,3,0,0,0,3,98,3.25,0,0,.
2015,KLN,E,KLN_E,KLN_E_2015,KLN_E_2015,2,2,3,3,2.5,0.577350269,0,86,0,16,16,3,0,0,3,98,0.25,0,0,.
2015,KLN,E,KLN_E,KLN_E_2015,KLN_E_2015,3,2,2,3,2.5,0.577350269,0,86,0,16,3,3,0,0,16,86,2,0,0,.
2015,KLN,E,KLN_E,KLN_E_2015,KLN_E_2015,3,2,2,3,2.5,0.577350269,0,38,16,38,16,0,0,0,3,98,1.75,0,0,.
2015,KLN,E,KLN_E,KLN_E_2015,KLN_E_2015,3,2,2,3,2.5,0.577350269,0,63,0,16,16,3,0,0,3,98,6,0,0,.
2015,KLN,E,KLN_E,KLN_E_2015,KLN_E_2015,4,2,2,2,2.5,1,0,86,0,16,16,38,0,0,3,98,0.75,0,0,.
2015,KLN,E,KLN_E,KLN_E_2015,KLN_E_2015,2,3,3,2,2.5,0.577350269,0,86,0,16,3,3,0,0,0,98,10.5,0,0,.
2015,KLN,E,KLN_E,KLN_E_2015,KLN_E_2015,2,2,3,2,2.25,0.5,0,86,0,16,16,0,0,0,16,86,1.75,0,0,.
2015,KLN,E,KLN_E,KLN_E_2015,KLN_E_2015,2,2,2,3,2.25,0.5,0,63,0,16,16,3,0,0,3,86,1,0,0,.
2015,KLN,E,KLN_E,KLN_E_2015,KLN_E_2015,1,3,3,2,2.25,0.957427108,0,63,16,16,16,38,0,0,16,86,0,0,3,.
2015,KLN,E,KLN_E,KLN_E_2015,KLN_E_2015,2,2,2,2,2,0,63,38,0,3,3,16,0,0,3,98,0.25,0,0,.
2015,KLN,E,KLN_E,KLN_E_2015,KLN_E_2015,2,2,2,2,2,0,16,63,3,16,16,1,0,0,16,86,2.25,0,63,.
2015,KLN,E,KLN_E,KLN_E_2015,KLN_E_2015,3,1,2,2,2,0.816496581,38,16,16,3,3,38,0,0,16,86,0,0,0,.
2015,KLN,E,KLN_E,KLN_E_2015,KLN_E_2015,2,3,1,1,1.75,0.957427108,3,16,0,16,3,98,0,0,16,38,0,0,16,.
2015,KLN,E,KLN_E,KLN_E_2015,KLN_E_2015,2,2,1,1,1.5,0.577350269,38,16,3,16,16,38,0,0,3,98,0.5,2,86,.
2015,KLN,E,KLN_E,KLN_E_2015,KLN_E_2015,2,1,2,1,1.5,0.577350269,0,63,0,16,1,3,0,0,3,98,0.75,0,0,.
2015,KLN,E,KLN_E,KLN_E_2015,KLN_E_2015,1,1,2,2,1.5,0.577350269,16,38,3,38,3,16,0,0,16,86,0,0,86,.
2015,KLN,E,KLN_E,KLN_E_2015,KLN_E_2015,1,1,2,2,1.5,0.577350269,3,38,0,16,3,86,0,0,16,86,2,0,0,.
2015,KLN,E,KLN_E,KLN_E_2015,KLN_E_2015,1,2,2,1,1.5,0.577350269,16,16,0,3,16,86,0,0,38,16,0,0,0,.
2015,KLN,E,KLN_E,KLN_E_2015,KLN_E_2015,1,1,1,1,1,0,0,38,63,16,3,63,0,0,3,98,1,0,0,.
2015,KLN,W,KLN_W,KLN_W_2015,KLN_W_2015,1,7,2,10,5,4.242640687,3,86,3,16,16,3,0,0,38,38,0,0,63,.
2015,KLN,W,KLN_W,KLN_W_2015,KLN_W_2015,3,6,2,3,3.5,1.732050808,0,86,0,3,38,38,0,0,38,63,0.25,0,0,.
2015,KLN,W,KLN_W,KLN_W_2015,KLN_W_2015,1,4,1,5,2.75,2.061552813,3,3,0,63,3,38,0,0,86,16,0,0,0,.
2015,KLN,W,KLN_W,KLN_W_2015,KLN_W_2015,1,3,3,3,2.5,1,16,63,0,16,63,16,0,0,86,16,0,0,63,.
2015,KLN,W,KLN_W,KLN_W_2015,KLN_W_2015,3,5,1,1,2.5,1.914854216,0,98,0,3,16,16,0,0,38,63,0,0,0,.
2015,KLN,W,KLN_W,KLN_W_2015,KLN_W_2015,2,3,2,2,2.25,0.5,38,16,0,3,38,63,0,0,63,38,0,0,0,.
2015,KLN,W,KLN_W,KLN_W_2015,KLN_W_2015,1,4,3,1,2.25,1.5,0,63,0,16,38,38,0,0,38,38,0,0,0,.
2015,KLN,W,KLN_W,KLN_W_2015,KLN_W_2015,2,2,1,3,2,0.816496581,1,63,0,3,16,38,0,0,86,16,0,0,0,.
2015,KLN,W,KLN_W,KLN_W_2015,KLN_W_2015,2,3,2,1,2,0.816496581,16,38,98,3,16,63,0,0,38,38,0,0,38,.
2015,KLN,W,KLN_W,KLN_W_2015,KLN_W_2015,2,3,1,2,2,0.816496581,3,63,0,16,3,63,0,0,38,63,0,0,0,.
2015,KLN,W,KLN_W,KLN_W_2015,KLN_W_2015,2,2,1,2,1.75,0.5,16,63,3,3,16,16,0,0,38,38,0,2,0,.
2015,KLN,W,KLN_W,KLN_W_2015,KLN_W_2015,2,2,1,2,1.75,0.5,1,16,0,38,16,3,0,0,63,38,0,0,0,.
2015,KLN,W,KLN_W,KLN_W_2015,KLN_W_2015,3,1,1,1,1.5,1,0,38,3,16,38,16,0,0,38,63,0,0,0,.
2015,KLN,W,KLN_W,KLN_W_2015,KLN_W_2015,1,1,3,1,1.5,1,38,16,0,38,63,16,0,0,38,16,0,0,63,.
2015,KLN,W,KLN_W,KLN_W_2015,KLN_W_2015,1,2,2,1,1.5,0.577350269,16,63,16,3,38,16,0,0,38,63,0,0,63,.
2015,KLN,W,KLN_W,KLN_W_2015,KLN_W_2015,1,1,2,2,1.5,0.577350269,0,38,0,3,16,86,0,0,38,16,0,0,0,.
2015,KLN,W,KLN_W,KLN_W_2015,KLN_W_2015,1,3,1,1,1.5,1,16,16,86,3,16,38,0,0,38,63,0,0,0,.
2015,KLN,W,KLN_W,KLN_W_2015,KLN_W_2015,2,2,1,1,1.5,0.577350269,38,3,38,3,16,63,0,0,63,16,0,0,63,.
2015,KLN,W,KLN_W,KLN_W_2015,KLN_W_2015,2,2,1,1,1.5,0.577350269,16,16,0,16,16,38,0,0,63,16,0,0,38,.
2015,KLN,W,KLN_W,KLN_W_2015,KLN_W_2015,1,1,1,2,1.25,0.5,38,3,63,3,16,3,0,0,86,16,0,2,38,.
2015,KLN,W,KLN_W,KLN_W_2015,KLN_W_2015,1,1,2,1,1.25,0.5,16,3,63,3,38,16,0,0,38,63,0,0,3,.
2015,KLN,W,KLN_W,KLN_W_2015,KLN_W_2015,1,1,2,1,1.25,0.5,16,16,0,3,3,86,0,0,38,16,0,0,0,.
2015,KLN,W,KLN_W,KLN_W_2015,KLN_W_2015,1,1,1,1,1,0,16,86,3,3,16,16,0,0,16,86,0,0,0,.
2015,KLN,W,KLN_W,KLN_W_2015,KLN_W_2015,1,1,1,1,1,0,16,38,38,3,38,16,0,0,38,38,0,1,3,.
2015,KLN,W,KLN_W,KLN_W_2015,KLN_W_2015,1,1,1,1,1,0,63,3,0,38,16,3,0,0,63,16,0,0,0,.
2015,KLN,W,KLN_W,KLN_W_2015,KLN_W_2015,1,1,1,1,1,0,63,0,98,3,38,0,0,0,63,38,0,0,38,.
2015,KLN,W,KLN_W,KLN_W_2015,KLN_W_2015,1,1,1,1,1,0,16,16,0,16,16,86,0,0,63,38,0,1,0,.
2015,KLN,W,KLN_W,KLN_W_2015,KLN_W_2015,1,1,1,1,1,0,16,3,0,3,16,86,0,0,63,16,0,0,0,.
2015,KLN,W,KLN_W,KLN_W_2015,KLN_W_2015,1,1,1,1,1,0,0,63,0,3,16,63,0,0,38,16,0,0,0,.
2015,KLN,W,KLN_W,KLN_W_2015,KLN_W_2015,1,1,1,1,1,0,0,16,0,3,16,98,0,0,63,3,0,0,0,.
2015,KLT,E,KLT_E,KLT_E_2015,KLT_E_2015,11,10,15,15,12.75,2.62995564,16,0,0,38,86,0,0,0,3,98,2,0,38,.
2015,KLT,E,KLT_E,KLT_E_2015,KLT_E_2015,16,13,11,11,12.75,2.362907813,0,0,3,38,38,0,38,0,16,86,1.25,0,0,.
2015,KLT,E,KLT_E,KLT_E_2015,KLT_E_2015,6,14,15,10,11.25,4.11298756,0,3,0,38,63,0,1,0,3,98,0,0,3,.
2015,KLT,E,KLT_E,KLT_E_2015,KLT_E_2015,9,7,7,20,10.75,6.238322424,0,0,0,86,63,0,0,0,1,98,1.5,0,0,.
2015,KLT,E,KLT_E,KLT_E_2015,KLT_E_2015,9,14,12,7,10.5,3.109126351,0,0,0,86,63,0,16,0,0,98,0.75,0,86,.
2015,KLT,E,KLT_E,KLT_E_2015,KLT_E_2015,9,8,13,9,9.75,2.217355783,3,0,0,16,63,16,0,0,3,98,0.25,0,63,.
2015,KLT,E,KLT_E,KLT_E_2015,KLT_E_2015,10,9,9,8,9,0.816496581,16,0,0,38,86,38,0,0,3,98,3,0,63,.
2015,KLT,E,KLT_E,KLT_E_2015,KLT_E_2015,9,9,8,8,8.5,0.577350269,38,0,0,16,63,0,0,0,3,98,9.75,0,86,.
2015,KLT,E,KLT_E,KLT_E_2015,KLT_E_2015,10,10,7,7,8.5,1.732050808,0,0,3,38,86,0,0,0,0,98,1.75,0,0,.
2015,KLT,E,KLT_E,KLT_E_2015,KLT_E_2015,7,6,7,9,7.25,1.258305739,0,0,0,63,38,0,3,0,0,98,2.25,0,16,.
2015,KLT,E,KLT_E,KLT_E_2015,KLT_E_2015,6,6,7,9,7,1.414213562,16,0,0,3,63,38,0,0,3,98,0.5,0,16,.
2015,KLT,E,KLT_E,KLT_E_2015,KLT_E_2015,7,7,7,6,6.75,0.5,0,0,0,63,86,0,16,0,0,98,2.5,0,0,.
2015,KLT,E,KLT_E,KLT_E_2015,KLT_E_2015,5,3,10,6,6,2.943920289,38,0,0,1,16,3,0,0,3,98,8.5,0,86,.
2015,KLT,E,KLT_E,KLT_E_2015,KLT_E_2015,4,4,6,10,6,2.828427125,0,0,0,38,16,0,16,0,3,98,1.75,0,3,.
2015,KLT,E,KLT_E,KLT_E_2015,KLT_E_2015,7,5,5,6,5.75,0.957427108,38,0,0,3,63,0,0,0,0,98,8,0,98,.
2015,KLT,E,KLT_E,KLT_E_2015,KLT_E_2015,5,4,6,7,5.5,1.290994449,3,0,0,38,86,0,0,0,1,98,1,0,86,.
2015,KLT,E,KLT_E,KLT_E_2015,KLT_E_2015,6,4,7,5,5.5,1.290994449,63,0,0,0,16,0,38,0,3,98,5.5,0,16,.
2015,KLT,E,KLT_E,KLT_E_2015,KLT_E_2015,5,6,5,5,5.25,0.5,63,0,0,0,16,1,0,0,3,98,4,0,38,.
2015,KLT,E,KLT_E,KLT_E_2015,KLT_E_2015,5,5,5,5,5,0,3,0,0,16,38,3,0,0,1,98,6.5,0,86,.
2015,KLT,E,KLT_E,KLT_E_2015,KLT_E_2015,5,5,5,5,5,0,16,0,0,3,38,3,16,0,3,98,1,0,86,.
2015,KLT,E,KLT_E,KLT_E_2015,KLT_E_2015,3,7,6,3,4.75,2.061552813,16,0,0,3,16,0,0,0,3,98,3,2,0,.
2015,KLT,E,KLT_E,KLT_E_2015,KLT_E_2015,5,3,5,5,4.5,1,16,0,0,3,38,38,0,0,0,98,0.75,0,86,.
2015,KLT,E,KLT_E,KLT_E_2015,KLT_E_2015,5,4,4,5,4.5,0.577350269,38,0,0,38,0,0,0,0,3,98,4.25,1,0,.
2015,KLT,E,KLT_E,KLT_E_2015,KLT_E_2015,4,5,3,5,4.25,0.957427108,38,3,0,3,38,3,0,0,16,86,1.25,0,63,.
2015,KLT,E,KLT_E,KLT_E_2015,KLT_E_2015,4,4,4,4,4,0,63,0,0,0,3,1,0,0,3,98,7.75,0,0,.
2015,KLT,E,KLT_E,KLT_E_2015,KLT_E_2015,5,4,4,3,4,0.816496581,0,0,0,63,3,38,0,0,3,98,3,0,16,.
2015,KLT,E,KLT_E,KLT_E_2015,KLT_E_2015,3,7,3,3,4,2,0,0,3,38,38,38,0,0,16,86,0,0,16,.
2015,KLT,E,KLT_E,KLT_E_2015,KLT_E_2015,3,5,3,3,3.5,1,3,0,0,63,3,16,0,0,16,86,1.25,0,0,.
2015,KLT,E,KLT_E,KLT_E_2015,KLT_E_2015,3,4,2,3,3,0.816496581,16,0,0,3,3,0,0,0,16,86,2.25,0,3,.
2015,KLT,E,KLT_E,KLT_E_2015,KLT_E_2015,2,3,4,3,3,0.816496581,3,3,16,16,16,16,0,0,16,86,0,0,0,.
2015,KLT,S,KLT_S,KLT_S_2015,KLT_S_2015,15,20,20,20,18.75,2.5,0,0,63,16,86,0,0,0,38,63,0,0,0,.
2015,KLT,S,KLT_S,KLT_S_2015,KLT_S_2015,8,18,18,16,15,4.760952286,0,0,98,63,63,0,38,0,3,98,1,0,0,.
2015,KLT,S,KLT_S,KLT_S_2015,KLT_S_2015,11,11,9,9,10,1.154700538,0,0,0,38,38,38,0,0,3,98,0.5,0,0,.
2015,KLT,S,KLT_S,KLT_S_2015,KLT_S_2015,8,9,16,6,9.75,4.34932945,38,0,98,16,63,0,0,0,0,98,4.25,0,63,.
2015,KLT,S,KLT_S,KLT_S_2015,KLT_S_2015,9,11,10,7,9.25,1.707825128,0,16,3,86,3,0,0,0,16,86,5.5,0,0,.
2015,KLT,S,KLT_S,KLT_S_2015,KLT_S_2015,8,9,10,8,8.75,0.957427108,0,3,63,63,63,0,0,0,0,98,2,0,63,.
2015,KLT,S,KLT_S,KLT_S_2015,KLT_S_2015,11,8,8,8,8.75,1.5,1,0,0,63,63,0,0,0,0,98,3.75,0,16,.
2015,KLT,S,KLT_S,KLT_S_2015,KLT_S_2015,14,7,7,7,8.75,3.5,0,0,0,38,63,3,0,0,3,98,2.25,0,16,.
2015,KLT,S,KLT_S,KLT_S_2015,KLT_S_2015,12,7,7,6,8,2.708012802,0,0,0,86,3,0,3,0,0,98,4.5,0,0,.
2015,KLT,S,KLT_S,KLT_S_2015,KLT_S_2015,7,6,9,7,7.25,1.258305739,0,16,3,86,16,0,0,0,0,98,1.5,0,63,.
2015,KLT,S,KLT_S,KLT_S_2015,KLT_S_2015,6,7,9,7,7.25,1.258305739,0,0,0,86,3,0,16,0,0,98,2,0,0,.
2015,KLT,S,KLT_S,KLT_S_2015,KLT_S_2015,5,7,7,9,7,1.632993162,38,3,0,3,16,0,0,0,0,98,3.75,2,3,.
2015,KLT,S,KLT_S,KLT_S_2015,KLT_S_2015,6,7,6,8,6.75,0.957427108,38,0,0,3,63,16,0,0,0,98,2.52,2,3,.
2015,KLT,S,KLT_S,KLT_S_2015,KLT_S_2015,6,8,8,5,6.75,1.5,16,0,0,16,38,0,0,0,16,86,0.75,0,0,.
2015,KLT,S,KLT_S,KLT_S_2015,KLT_S_2015,6,6,6,6,6,0,63,1,0,3,16,0,0,0,0,98,11.25,2,0,.
2015,KLT,S,KLT_S,KLT_S_2015,KLT_S_2015,4,4,10,5,5.75,2.872281323,38,0,0,3,3,3,0,0,0,98,9,0,63,.
2015,KLT,S,KLT_S,KLT_S_2015,KLT_S_2015,6,6,5,5,5.5,0.577350269,38,3,38,3,38,0,0,0,0,98,7,2,16,.
2015,KLT,S,KLT_S,KLT_S_2015,KLT_S_2015,6,6,6,4,5.5,1,38,3,0,3,38,3,0,0,0,98,8.25,0,3,.
2015,KLT,S,KLT_S,KLT_S_2015,KLT_S_2015,5,5,6,6,5.5,0.577350269,0,0,0,38,16,0,86,0,0,98,4,0,0,.
2015,KLT,S,KLT_S,KLT_S_2015,KLT_S_2015,4,5,7,6,5.5,1.290994449,63,0,0,16,3,3,0,0,0,98,1,0,16,.
2015,KLT,S,KLT_S,KLT_S_2015,KLT_S_2015,5,6,5,5,5.25,0.5,38,0,0,0,16,16,0,0,0,98,3,0,16,.
2015,KLT,S,KLT_S,KLT_S_2015,KLT_S_2015,4,5,5,6,5,0.816496581,38,0,0,3,38,3,0,0,0,98,6,0,0,.
2015,KLT,S,KLT_S,KLT_S_2015,KLT_S_2015,5,7,4,3,4.75,1.707825128,63,3,0,3,16,3,0,0,0,98,17.5,2,3,.
2015,KLT,S,KLT_S,KLT_S_2015,KLT_S_2015,5,5,5,4,4.75,0.5,16,0,0,38,38,3,0,0,16,86,1.75,0,0,.
2015,KLT,S,KLT_S,KLT_S_2015,KLT_S_2015,4,4,5,5,4.5,0.577350269,0,0,0,86,0,0,0,0,0,98,3.25,0,0,.
2015,KLT,S,KLT_S,KLT_S_2015,KLT_S_2015,5,5,4,3,4.25,0.957427108,38,0,0,3,16,0,0,0,0,98,9.25,2,3,.
2015,KLT,S,KLT_S,KLT_S_2015,KLT_S_2015,5,3,4,4,4,0.816496581,38,0,0,3,3,3,0,0,0,98,8,1,98,.
2015,KLT,S,KLT_S,KLT_S_2015,KLT_S_2015,3,6,3,3,3.75,1.5,3,0,0,16,16,3,0,0,3,98,2.75,0,0,.
2015,KLT,S,KLT_S,KLT_S_2015,KLT_S_2015,4,4,2,4,3.5,1,16,0,0,38,3,3,0,0,0,98,2.25,0,0,.
2015,KLT,S,KLT_S,KLT_S_2015,KLT_S_2015,3,3,5,3,3.5,1,16,0,98,86,16,0,0,0,1,98,3.5,0,16,.
2015,KLT,W,KLT_W,KLT_W_2015,KLT_W_2015,16,20,17,15,17,2.160246899,0,0,0,63,63,0,0,0,16,86,1.25,0,16,.
2015,KLT,W,KLT_W,KLT_W_2015,KLT_W_2015,17,16,16,18,16.75,0.957427108,3,0,0,16,86,0,38,0,3,98,0,0,16,.
2015,KLT,W,KLT_W,KLT_W_2015,KLT_W_2015,16,16,14,12,14.5,1.914854216,0,0,0,38,86,0,0,0,0,98,5,0,16,.
2015,KLT,W,KLT_W,KLT_W_2015,KLT_W_2015,15,11,10,12,12,2.160246899,16,0,0,16,86,16,0,0,3,98,3.75,0,63,.
2015,KLT,W,KLT_W,KLT_W_2015,KLT_W_2015,11,10,12,12,11.25,0.957427108,38,0,0,3,63,63,0,0,3,98,2.5,0,98,.
2015,KLT,W,KLT_W,KLT_W_2015,KLT_W_2015,11,9,11,12,10.75,1.258305739,0,0,0,3,86,0,16,0,16,86,0,0,38,.
2015,KLT,W,KLT_W,KLT_W_2015,KLT_W_2015,9,7,11,11,9.5,1.914854216,16,0,0,3,38,16,0,0,16,86,0,0,16,.
2015,KLT,W,KLT_W,KLT_W_2015,KLT_W_2015,8,9,9,10,9,0.816496581,16,0,0,3,63,0,0,0,3,98,8,0,16,.
2015,KLT,W,KLT_W,KLT_W_2015,KLT_W_2015,10,11,8,7,9,1.825741858,16,0,0,16,63,16,0,0,3,98,4,0,86,.
2015,KLT,W,KLT_W,KLT_W_2015,KLT_W_2015,6,5,5,16,8,5.354126135,0,0,0,63,16,0,0,0,0,98,1.5,0,38,.
2015,KLT,W,KLT_W,KLT_W_2015,KLT_W_2015,8,7,9,6,7.5,1.290994449,16,0,0,3,86,0,0,0,3,98,2.5,0,98,.
2015,KLT,W,KLT_W,KLT_W_2015,KLT_W_2015,6,8,8,6,7,1.154700538,16,0,0,3,3,3,86,0,0,98,7.25,0,16,.
2015,KLT,W,KLT_W,KLT_W_2015,KLT_W_2015,6,7,6,8,6.75,0.957427108,63,0,0,3,16,38,0,0,0,98,2.25,0,98,.
2015,KLT,W,KLT_W,KLT_W_2015,KLT_W_2015,5,5,7,9,6.5,1.914854216,38,0,0,3,16,16,0,0,0,98,16.25,0,63,.
2015,KLT,W,KLT_W,KLT_W_2015,KLT_W_2015,7,5,4,9,6.25,2.217355783,38,0,0,3,16,16,0,0,1,98,3.75,0,38,.
2015,KLT,W,KLT_W,KLT_W_2015,KLT_W_2015,6,6,6,6,6,0,63,0,98,1,38,0,0,0,0,98,2,0,98,.
2015,KLT,W,KLT_W,KLT_W_2015,KLT_W_2015,6,7,5,6,6,0.816496581,38,0,0,3,3,1,0,0,0,98,4.5,0,16,.
2015,KLT,W,KLT_W,KLT_W_2015,KLT_W_2015,5,5,6,5,5.25,0.5,3,0,0,38,63,0,0,0,3,98,2.5,0,86,.
2015,KLT,W,KLT_W,KLT_W_2015,KLT_W_2015,5,6,4,5,5,0.816496581,38,0,0,0,16,38,0,0,0,98,27,0,98,.
2015,KLT,W,KLT_W,KLT_W_2015,KLT_W_2015,5,5,5,5,5,0,63,0,0,0,3,0,0,0,0,98,7,0,16,.
2015,KLT,W,KLT_W,KLT_W_2015,KLT_W_2015,5,6,4,5,5,0.816496581,63,0,0,0,3,16,0,0,0,98,4.25,0,3,.
2015,KLT,W,KLT_W,KLT_W_2015,KLT_W_2015,4,5,5,5,4.75,0.5,16,0,0,0,16,16,0,0,0,98,6.25,0,16,.
2015,KLT,W,KLT_W,KLT_W_2015,KLT_W_2015,5,5,4,5,4.75,0.5,86,0,0,0,16,0,0,0,3,98,7.5,0,63,.
2015,KLT,W,KLT_W,KLT_W_2015,KLT_W_2015,4,5,5,3,4.25,0.957427108,86,0,0,3,3,1,0,0,0,98,6,0,16,.
2015,KLT,W,KLT_W,KLT_W_2015,KLT_W_2015,4,3,3,6,4,1.414213562,63,0,0,3,3,3,0,0,98,3,2.5,1,3,.
2015,KLT,W,KLT_W,KLT_W_2015,KLT_W_2015,4,5,4,3,4,0.816496581,38,0,0,3,0,1,86,0,16,86,1.25,0,16,.
2015,KLT,W,KLT_W,KLT_W_2015,KLT_W_2015,4,3,3,4,3.5,0.577350269,3,0,0,63,3,0,0,0,0,98,0.75,0,86,.
2015,KLT,W,KLT_W,KLT_W_2015,KLT_W_2015,3,4,3,3,3.25,0.5,3,0,0,38,16,0,0,0,1,98,2.5,2,0,.
2015,KLT,W,KLT_W,KLT_W_2015,KLT_W_2015,3,3,3,3,3,0,63,0,0,3,0,1,0,0,0,98,3.25,0,38,.
2015,KLT,W,KLT_W,KLT_W_2015,KLT_W_2015,3,3,3,3,3,0,38,0,86,3,16,0,0,0,98,3,17.5,0,0,.
2015,LTR,C,LTR_C,LTR_C_2015,LTR_C_2015,5,7,7,9,7,1.632993162,0,16,86,38,63,16,16,0,63,16,0,1,3,.
2015,LTR,C,LTR_C,LTR_C_2015,LTR_C_2015,7,8,4,8,6.75,1.892969449,3,0,98,38,63,16,3,0,63,16,0,2,3,.
2015,LTR,C,LTR_C,LTR_C_2015,LTR_C_2015,7,5,4,8,6,1.825741858,0,0,0,38,38,0,38,0,86,16,0,2,86,.
2015,LTR,C,LTR_C,LTR_C_2015,LTR_C_2015,3,10,5,3,5.25,3.304037934,16,38,63,38,16,16,0,0,16,63,0,2,16,.
2015,LTR,C,LTR_C,LTR_C_2015,LTR_C_2015,5,7,5,3,5,1.632993162,0,38,86,38,38,16,0,0,63,16,0,0,16,.
2015,LTR,C,LTR_C,LTR_C_2015,LTR_C_2015,7,6,3,4,5,1.825741858,86,0,16,16,63,38,0,0,63,3,0,1,3,.
2015,LTR,C,LTR_C,LTR_C_2015,LTR_C_2015,3,7,5,4,4.75,1.707825128,3,16,98,16,38,16,16,0,63,3,0,1,0,.
2015,LTR,C,LTR_C,LTR_C_2015,LTR_C_2015,5,3,5,5,4.5,1,0,16,38,38,63,63,0,0,63,3,0,0,0,.
2015,LTR,C,LTR_C,LTR_C_2015,LTR_C_2015,5,5,4,3,4.25,0.957427108,3,63,98,38,16,3,0,0,16,38,0,0,0,.
2015,LTR,C,LTR_C,LTR_C_2015,LTR_C_2015,4,8,2,3,4.25,2.62995564,0,16,16,86,16,38,16,0,38,38,0,0,0,.
2015,LTR,C,LTR_C,LTR_C_2015,LTR_C_2015,1,6,5,4,4,2.160246899,0,38,38,16,38,38,3,0,86,3,0,0,38,.
2015,LTR,C,LTR_C,LTR_C_2015,LTR_C_2015,7,3,2,2,3.5,2.380476143,0,0,16,38,38,38,0,0,98,3,0,0,0,.
2015,LTR,C,LTR_C,LTR_C_2015,LTR_C_2015,6,1,3,4,3.5,2.081665999,16,0,16,38,38,16,16,0,86,3,0,0,16,.
2015,LTR,C,LTR_C,LTR_C_2015,LTR_C_2015,3,3,3,4,3.25,0.5,0,86,3,3,16,16,0,0,38,38,0,0,0,.
2015,LTR,C,LTR_C,LTR_C_2015,LTR_C_2015,1,1,7,3,3,2.828427125,38,0,98,3,3,38,3,0,86,16,0,1,0,.
2015,LTR,C,LTR_C,LTR_C_2015,LTR_C_2015,3,3,3,3,3,0,86,16,0,0,3,3,0,0,63,16,0,0,0,.
2015,LTR,C,LTR_C,LTR_C_2015,LTR_C_2015,2,4,3,3,3,0.816496581,16,16,3,38,38,0,16,0,38,16,0,2,0,.
2015,LTR,C,LTR_C,LTR_C_2015,LTR_C_2015,3,2,4,3,3,0.816496581,0,98,0,3,3,3,0,0,3,3,0,0,0,.
2015,LTR,C,LTR_C,LTR_C_2015,LTR_C_2015,2,3,4,2,2.75,0.957427108,63,0,38,16,38,3,16,0,63,38,0,2,3,.
2015,LTR,C,LTR_C,LTR_C_2015,LTR_C_2015,2,5,2,1,2.5,1.732050808,3,3,3,16,38,16,0,0,86,16,0,2,0,.
2015,LTR,C,LTR_C,LTR_C_2015,LTR_C_2015,3,2,2,3,2.5,0.577350269,38,0,38,16,38,0,16,0,63,38,0,2,0,.
2015,LTR,C,LTR_C,LTR_C_2015,LTR_C_2015,2,3,1,2,2,0.816496581,63,3,0,3,38,16,0,0,98,3,0,2,0,.
2015,LTR,C,LTR_C,LTR_C_2015,LTR_C_2015,2,2,1,3,2,0.816496581,63,0,86,16,16,38,3,0,63,16,0,1,63,.
2015,LTR,C,LTR_C,LTR_C_2015,LTR_C_2015,3,1,1,1,1.5,1,38,0,86,3,16,3,0,0,86,16,0,1,16,.
2015,LTR,C,LTR_C,LTR_C_2015,LTR_C_2015,1,2,2,1,1.5,0.577350269,16,0,38,16,3,38,0,0,86,16,0,2,38,.
2015,LTR,C,LTR_C,LTR_C_2015,LTR_C_2015,2,1,1,1,1.25,0.5,0,86,98,3,3,3,0,0,16,86,0,0,0,.
2015,LTR,C,LTR_C,LTR_C_2015,LTR_C_2015,1,2,1,1,1.25,0.5,38,0,38,16,16,38,0,0,86,16,0,0,0,.
2015,LTR,C,LTR_C,LTR_C_2015,LTR_C_2015,2,1,1,1,1.25,0.5,38,0,63,16,16,3,0,0,86,16,0,2,0,.
2015,LTR,C,LTR_C,LTR_C_2015,LTR_C_2015,1,1,1,1,1,0,0,63,0,3,3,3,0,0,63,38,0,0,0,.
2015,LTR,C,LTR_C,LTR_C_2015,LTR_C_2015,0,0,0,1,0.25,0.5,3,3,16,38,16,16,0,0,63,16,0,2,3,.
2015,LTR,E,LTR_E,LTR_E_2015,LTR_E_2015,12,7,7,9,8.75,2.362907813,0,3,38,38,86,16,0,0,86,3,0,0,0,.
2015,LTR,E,LTR_E,LTR_E_2015,LTR_E_2015,9,6,8,9,8,1.414213562,0,16,38,86,63,3,1,0,63,16,0,0,3,.
2015,LTR,E,LTR_E,LTR_E_2015,LTR_E_2015,5,7,9,10,7.75,2.217355783,3,0,38,63,38,3,0,0,98,3,0,2,3,.
2015,LTR,E,LTR_E,LTR_E_2015,LTR_E_2015,1,13,6,5,6.25,4.991659711,3,0,38,16,63,16,0,0,86,3,0,1,3,.
2015,LTR,E,LTR_E,LTR_E_2015,LTR_E_2015,6,5,5,5,5.25,0.5,3,16,0,3,63,16,1,0,98,3,0,2,0,.
2015,LTR,E,LTR_E,LTR_E_2015,LTR_E_2015,7,5,3,3,4.5,1.914854216,16,0,98,3,63,16,0,0,86,16,0,0,0,.
2015,LTR,E,LTR_E,LTR_E_2015,LTR_E_2015,4,7,3,3,4.25,1.892969449,16,16,98,16,38,16,3,0,98,3,0,1,3,.
2015,LTR,E,LTR_E,LTR_E_2015,LTR_E_2015,3,4,5,5,4.25,0.957427108,16,0,38,38,38,0,0,0,98,3,0,0,3,.
2015,LTR,E,LTR_E,LTR_E_2015,LTR_E_2015,2,3,9,3,4.25,3.201562119,16,0,63,16,63,38,0,0,98,3,0,2,63,.
2015,LTR,E,LTR_E,LTR_E_2015,LTR_E_2015,2,2,2,11,4.25,4.5,3,63,63,16,63,38,3,0,63,16,0,0,16,.
2015,LTR,E,LTR_E,LTR_E_2015,LTR_E_2015,6,4,3,4,4.25,1.258305739,16,0,63,3,63,16,38,0,86,16,0,0,16,.
2015,LTR,E,LTR_E,LTR_E_2015,LTR_E_2015,1,3,7,4,3.75,2.5,3,0,16,63,38,16,0,0,63,16,0,0,0,.
2015,LTR,E,LTR_E,LTR_E_2015,LTR_E_2015,3,2,3,6,3.5,1.732050808,0,16,16,16,38,38,0,0,86,3,0,1,16,.
2015,LTR,E,LTR_E,LTR_E_2015,LTR_E_2015,3,5,2,3,3.25,1.258305739,0,0,16,63,38,38,0,0,38,3,0,0,0,.
2015,LTR,E,LTR_E,LTR_E_2015,LTR_E_2015,4,1,2,5,3,1.825741858,16,0,38,16,16,63,0,0,86,3,0,2,16,.
2015,LTR,E,LTR_E,LTR_E_2015,LTR_E_2015,2,1,2,7,3,2.708012802,16,0,0,16,3,3,0,0,86,16,0,1,0,.
2015,LTR,E,LTR_E,LTR_E_2015,LTR_E_2015,2,6,1,3,3,2.160246899,3,0,3,38,63,3,16,0,86,3,0,2,0,.
2015,LTR,E,LTR_E,LTR_E_2015,LTR_E_2015,7,1,1,3,3,2.828427125,3,0,16,63,38,16,0,0,63,3,0,2,38,.
2015,LTR,E,LTR_E,LTR_E_2015,LTR_E_2015,2,6,1,1,2.5,2.380476143,0,1,63,38,38,16,0,0,98,3,0,2,3,.
2015,LTR,E,LTR_E,LTR_E_2015,LTR_E_2015,1,1,2,5,2.25,1.892969449,3,3,3,63,16,16,0,0,63,3,0,1,16,.
2015,LTR,E,LTR_E,LTR_E_2015,LTR_E_2015,1,3,1,4,2.25,1.5,16,0,16,38,63,38,0,0,63,16,0,1,3,.
2015,LTR,E,LTR_E,LTR_E_2015,LTR_E_2015,5,2,1,1,2.25,1.892969449,0,16,38,86,38,38,0,0,16,86,0,0,0,.
2015,LTR,E,LTR_E,LTR_E_2015,LTR_E_2015,1,2,3,2,2,0.816496581,0,0,86,38,38,63,0,0,38,3,0,0,0,.
2015,LTR,E,LTR_E,LTR_E_2015,LTR_E_2015,2,2,2,1,1.75,0.5,0,86,0,16,3,1,38,0,38,38,0,0,0,.
2015,LTR,E,LTR_E,LTR_E_2015,LTR_E_2015,1,2,2,2,1.75,0.5,3,3,16,63,38,16,0,0,63,16,0,2,1,.
2015,LTR,E,LTR_E,LTR_E_2015,LTR_E_2015,2,2,1,2,1.75,0.5,3,3,16,86,16,16,0,0,63,16,0,0,0,.
2015,LTR,E,LTR_E,LTR_E_2015,LTR_E_2015,2,1,1,2,1.5,0.577350269,0,38,98,16,3,16,0,0,38,63,0,0,0,.
2015,LTR,E,LTR_E,LTR_E_2015,LTR_E_2015,1,1,2,2,1.5,0.577350269,16,3,0,16,3,16,0,0,98,3,0,2,0,.
2015,LTR,E,LTR_E,LTR_E_2015,LTR_E_2015,1,1,1,2,1.25,0.5,3,0,38,16,3,63,0,0,98,3,0,2,0,.
2015,LTR,E,LTR_E,LTR_E_2015,LTR_E_2015,1,1,1,1,1,0,16,3,16,38,16,3,0,0,86,16,0,2,3,.
2015,LTR,W,LTR_W,LTR_W_2015,LTR_W_2015,4,5,7,5,5.25,1.258305739,86,3,98,16,16,0,1,0,38,38,0,0,0,.
2015,LTR,W,LTR_W,LTR_W_2015,LTR_W_2015,4,5,4,4,4.25,0.5,16,63,86,16,16,0,0,0,38,38,0,1,0,.
2015,LTR,W,LTR_W,LTR_W_2015,LTR_W_2015,1,2,3,10,4,4.082482905,3,38,38,38,16,16,0,0,16,63,0,0,0,.
2015,LTR,W,LTR_W,LTR_W_2015,LTR_W_2015,4,3,3,4,3.5,0.577350269,38,1,16,16,16,38,16,0,38,38,0,0,3,.
2015,LTR,W,LTR_W,LTR_W_2015,LTR_W_2015,3,3,3,4,3.25,0.5,16,0,38,63,16,16,3,0,63,16,0,2,38,.
2015,LTR,W,LTR_W,LTR_W_2015,LTR_W_2015,3,2,3,4,3,0.816496581,16,38,63,16,16,3,0,0,38,38,0.25,2,86,.
2015,LTR,W,LTR_W,LTR_W_2015,LTR_W_2015,3,4,2,3,3,0.816496581,3,86,86,16,38,38,0,0,16,86,0,0,0,.
2015,LTR,W,LTR_W,LTR_W_2015,LTR_W_2015,1,2,6,2,2.75,2.217355783,63,16,63,3,16,3,3,0,86,16,0,2,86,.
2015,LTR,W,LTR_W,LTR_W_2015,LTR_W_2015,2,3,3,3,2.75,0.5,38,16,16,3,16,38,0,0,38,38,0,0,16,.
2015,LTR,W,LTR_W,LTR_W_2015,LTR_W_2015,4,4,1,2,2.75,1.5,63,3,63,3,3,16,16,0,63,38,0,0,16,.
2015,LTR,W,LTR_W,LTR_W_2015,LTR_W_2015,2,2,3,2,2.25,0.5,63,0,38,3,16,3,0,0,86,16,0,1,16,.
2015,LTR,W,LTR_W,LTR_W_2015,LTR_W_2015,3,2,2,2,2.25,0.5,86,3,98,3,16,16,0,0,38,38,0,1,16,.
2015,LTR,W,LTR_W,LTR_W_2015,LTR_W_2015,2,3,1,2,2,0.816496581,38,16,38,16,16,16,0,0,38,38,0,2,86,.
2015,LTR,W,LTR_W,LTR_W_2015,LTR_W_2015,2,2,3,1,2,0.816496581,38,3,98,3,16,16,0,0,98,3,0,0,0,.
2015,LTR,W,LTR_W,LTR_W_2015,LTR_W_2015,2,1,2,2,1.75,0.5,38,16,3,16,16,16,0,0,38,38,0,1,0,.
2015,LTR,W,LTR_W,LTR_W_2015,LTR_W_2015,1,2,1,3,1.75,0.957427108,16,3,86,38,16,16,0,0,86,16,0,1,63,.
2015,LTR,W,LTR_W,LTR_W_2015,LTR_W_2015,1,2,2,2,1.75,0.5,63,0,38,16,3,16,3,0,38,16,0,2,16,.
2015,LTR,W,LTR_W,LTR_W_2015,LTR_W_2015,1,3,2,1,1.75,0.957427108,38,16,86,3,16,16,0,0,38,63,0,0,0,.
2015,LTR,W,LTR_W,LTR_W_2015,LTR_W_2015,1,2,1,2,1.5,0.577350269,63,3,63,3,3,3,0,0,86,16,0,1,0,.
2015,LTR,W,LTR_W,LTR_W_2015,LTR_W_2015,1,1,3,1,1.5,1,16,0,98,3,16,63,0,0,63,3,0,0,63,.
2015,LTR,W,LTR_W,LTR_W_2015,LTR_W_2015,2,1,1,2,1.5,0.577350269,16,16,63,3,1,38,0,0,63,16,0,1,0,.
2015,LTR,W,LTR_W,LTR_W_2015,LTR_W_2015,1,2,1,1,1.25,0.5,63,3,63,16,3,3,0,0,63,16,0,2,0,.
2015,LTR,W,LTR_W,LTR_W_2015,LTR_W_2015,1,2,1,1,1.25,0.5,38,16,38,16,3,3,0,0,63,38,0,2,0,.
2015,LTR,W,LTR_W,LTR_W_2015,LTR_W_2015,1,2,1,1,1.25,0.5,38,0,38,3,16,16,0,3,63,38,0,1,63,.
2015,LTR,W,LTR_W,LTR_W_2015,LTR_W_2015,2,1,1,1,1.25,0.5,0,3,0,63,3,38,0,0,38,38,0,0,0,.
2015,LTR,W,LTR_W,LTR_W_2015,LTR_W_2015,2,1,1,1,1.25,0.5,63,0,63,16,38,38,0,0,98,3,0,0,98,.
2015,LTR,W,LTR_W,LTR_W_2015,LTR_W_2015,1,1,1,2,1.25,0.5,63,3,98,16,16,16,0,0,38,38,0,1,63,.
2015,LTR,W,LTR_W,LTR_W_2015,LTR_W_2015,1,1,1,1,1,0,3,3,38,38,16,16,16,0,63,38,0,0,1,.
2015,LTR,W,LTR_W,LTR_W_2015,LTR_W_2015,1,1,1,1,1,0,0,16,63,3,0,3,0,0,63,16,0,2,0,.
2015,LTR,W,LTR_W,LTR_W_2015,LTR_W_2015,1,1,1,1,1,0,38,0,3,16,16,38,0,0,98,3,0,0,0,.
2015,PAW,E,PAW_E,PAW_E_2015,PAW_E_2015,14,8,5,7,8.5,3.872983346,16,0,86,3,38,0,38,0,0,98,1,0,38,.
2015,PAW,E,PAW_E,PAW_E_2015,PAW_E_2015,9,7,6,7,7.25,1.258305739,16,0,0,0,86,0,0,0,1,98,2,0,63,.
2015,PAW,E,PAW_E,PAW_E_2015,PAW_E_2015,8,10,4,5,6.75,2.753785274,38,0,98,3,63,0,0,0,1,98,1,0,3,.
2015,PAW,E,PAW_E,PAW_E_2015,PAW_E_2015,8,3,7,6,6,2.160246899,16,0,86,3,63,16,0,0,1,98,1,0,38,.
2015,PAW,E,PAW_E,PAW_E_2015,PAW_E_2015,11,5,4,4,6,3.366501646,38,0,98,3,63,16,3,0,0,98,3,0,63,.
2015,PAW,E,PAW_E,PAW_E_2015,PAW_E_2015,6,6,5,4,5.25,0.957427108,38,0,98,16,63,0,3,0,0,98,10,0,16,.
2015,PAW,E,PAW_E,PAW_E_2015,PAW_E_2015,6,6,5,4,5.25,0.957427108,16,0,0,0,38,3,63,0,0,98,2,0,38,.
2015,PAW,E,PAW_E,PAW_E_2015,PAW_E_2015,3,5,4,8,5,2.160246899,38,0,0,0,63,0,0,0,0,98,1,0,38,.
2015,PAW,E,PAW_E,PAW_E_2015,PAW_E_2015,3,5,6,6,5,1.414213562,3,0,0,0,63,0,38,0,1,98,1,0,63,.
2015,PAW,E,PAW_E,PAW_E_2015,PAW_E_2015,5,6,5,4,5,0.816496581,16,0,98,16,63,0,0,0,0,98,8,0,3,.
2015,PAW,E,PAW_E,PAW_E_2015,PAW_E_2015,5,5,5,5,5,0,3,0,98,3,86,1,0,0,1,98,1,1,38,.
2015,PAW,E,PAW_E,PAW_E_2015,PAW_E_2015,5,4,5,5,4.75,0.5,16,0,0,0,86,3,0,0,1,98,2,0,63,.
2015,PAW,E,PAW_E,PAW_E_2015,PAW_E_2015,6,4,4,5,4.75,0.957427108,38,0,0,0,63,0,3,0,1,98,1,0,38,.
2015,PAW,E,PAW_E,PAW_E_2015,PAW_E_2015,6,4,5,4,4.75,0.957427108,38,0,0,0,63,0,1,0,0,98,7,0,63,.
2015,PAW,E,PAW_E,PAW_E_2015,PAW_E_2015,4,6,4,5,4.75,0.957427108,38,0,0,1,38,0,16,0,1,98,5,0,16,.
2015,PAW,E,PAW_E,PAW_E_2015,PAW_E_2015,4,4,6,5,4.75,0.957427108,38,0,0,3,63,1,3,0,1,0,2,0,86,.
2015,PAW,E,PAW_E,PAW_E_2015,PAW_E_2015,3,2,7,7,4.75,2.62995564,16,0,0,0,86,0,0,0,1,98,6,0,38,.
2015,PAW,E,PAW_E,PAW_E_2015,PAW_E_2015,4,2,6,6,4.5,1.914854216,63,0,98,16,3,0,0,0,3,86,2,0,0,.
2015,PAW,E,PAW_E,PAW_E_2015,PAW_E_2015,4,4,4,5,4.25,0.5,3,0,98,3,86,0,0,0,0,98,5,0,63,.
2015,PAW,E,PAW_E,PAW_E_2015,PAW_E_2015,4,4,4,5,4.25,0.5,16,0,0,3,86,0,0,0,0,98,4,0,38,.
2015,PAW,E,PAW_E,PAW_E_2015,PAW_E_2015,4,5,4,4,4.25,0.5,16,0,0,3,16,0,63,0,0,98,3,0,98,.
2015,PAW,E,PAW_E,PAW_E_2015,PAW_E_2015,2,9,3,2,4,3.366501646,38,0,0,3,16,38,3,0,0,98,1,0,1,.
2015,PAW,E,PAW_E,PAW_E_2015,PAW_E_2015,4,3,5,4,4,0.816496581,63,0,0,0,38,1,0,0,0,98,12,0,1,.
2015,PAW,E,PAW_E,PAW_E_2015,PAW_E_2015,6,2,3,5,4,1.825741858,16,0,98,16,38,16,0,0,1,98,1,0,16,.
2015,PAW,E,PAW_E,PAW_E_2015,PAW_E_2015,4,6,2,4,4,1.632993162,38,0,0,0,16,0,63,0,0,98,1,0,16,.
2015,PAW,E,PAW_E,PAW_E_2015,PAW_E_2015,4,3,3,3,3.25,0.5,38,0,0,3,3,0,63,0,0,98,4,0,1,.
2015,PAW,E,PAW_E,PAW_E_2015,PAW_E_2015,3,3,4,3,3.25,0.5,3,0,0,0,38,0,63,0,0,98,6,0,86,.
2015,PAW,E,PAW_E,PAW_E_2015,PAW_E_2015,2,2,4,3,2.75,0.957427108,63,0,0,0,38,0,3,0,1,98,1,0,63,.
2015,PAW,E,PAW_E,PAW_E_2015,PAW_E_2015,3,2,2,3,2.5,0.577350269,86,0,98,3,3,0,0,0,0,98,4,0,16,.
2015,PAW,E,PAW_E,PAW_E_2015,PAW_E_2015,2,2,3,3,2.5,0.577350269,16,0,0,0,86,0,0,0,1,98,2,0,63,.
2015,PAW,N,PAW_N,PAW_N_2015,PAW_N_2015,10,11,10,8,9.75,1.258305739,0,0,0,3,38,16,16,0,1,98,3,0,1,.
2015,PAW,N,PAW_N,PAW_N_2015,PAW_N_2015,6,15,9,9,9.75,3.774917218,16,0,0,0,86,0,3,0,1,98,1,0,3,.
2015,PAW,N,PAW_N,PAW_N_2015,PAW_N_2015,9,8,9,7,8.25,0.957427108,3,0,0,63,38,0,3,0,1,98,2,0,0,.
2015,PAW,N,PAW_N,PAW_N_2015,PAW_N_2015,8,7,9,7,7.75,0.957427108,38,0,98,3,38,0,0,0,1,98,1,0,3,.
2015,PAW,N,PAW_N,PAW_N_2015,PAW_N_2015,9,9,7,6,7.75,1.5,16,0,0,0,63,0,3,0,1,98,5,0,16,.
2015,PAW,N,PAW_N,PAW_N_2015,PAW_N_2015,10,8,7,6,7.75,1.707825128,38,0,0,0,63,0,0,0,1,98,4,0,1,.
2015,PAW,N,PAW_N,PAW_N_2015,PAW_N_2015,8,8,7,7,7.5,0.577350269,3,0,0,0,86,0,0,0,1,98,1,0,0,.
2015,PAW,N,PAW_N,PAW_N_2015,PAW_N_2015,5,9,6,8,7,1.825741858,38,0,98,3,63,3,0,0,1,98,1,0,1,.
2015,PAW,N,PAW_N,PAW_N_2015,PAW_N_2015,8,6,6,7,6.75,0.957427108,38,0,98,3,63,0,3,0,3,86,1,0,0,.
2015,PAW,N,PAW_N,PAW_N_2015,PAW_N_2015,6,7,8,5,6.5,1.290994449,3,0,98,38,38,0,0,0,1,98,10,0,3,.
2015,PAW,N,PAW_N,PAW_N_2015,PAW_N_2015,6,6,7,6,6.25,0.5,16,0,0,0,86,0,0,0,1,98,1,0,38,.
2015,PAW,N,PAW_N,PAW_N_2015,PAW_N_2015,6,8,4,6,6,1.632993162,16,1,0,0,63,0,0,0,1,98,3,0,3,.
2015,PAW,N,PAW_N,PAW_N_2015,PAW_N_2015,6,6,6,6,6,0,63,0,0,0,16,0,0,0,1,98,3,0,0,.
2015,PAW,N,PAW_N,PAW_N_2015,PAW_N_2015,5,6,6,5,5.5,0.577350269,63,0,0,0,16,0,38,0,1,98,3,0,1,.
2015,PAW,N,PAW_N,PAW_N_2015,PAW_N_2015,4,6,6,6,5.5,1,3,0,98,1,86,0,0,0,1,98,0,0,1,.
2015,PAW,N,PAW_N,PAW_N_2015,PAW_N_2015,6,6,5,4,5.25,0.957427108,16,0,63,16,63,0,3,0,1,98,2,0,1,.
2015,PAW,N,PAW_N,PAW_N_2015,PAW_N_2015,2,4,5,9,5,2.943920289,16,0,0,0,38,0,16,0,0,98,1,0,16,.
2015,PAW,N,PAW_N,PAW_N_2015,PAW_N_2015,5,5,6,4,5,0.816496581,63,0,0,0,38,0,0,0,1,98,4,0,0,.
2015,PAW,N,PAW_N,PAW_N_2015,PAW_N_2015,6,5,4,5,5,0.816496581,63,0,0,3,38,0,0,0,1,98,3,0,1,.
2015,PAW,N,PAW_N,PAW_N_2015,PAW_N_2015,4,5,7,4,5,1.414213562,38,0,0,0,38,16,38,0,1,98,2,0,1,.
2015,PAW,N,PAW_N,PAW_N_2015,PAW_N_2015,5,5,4,5,4.75,0.5,3,0,98,38,63,0,0,0,0,98,8,0,1,.
2015,PAW,N,PAW_N,PAW_N_2015,PAW_N_2015,6,4,4,5,4.75,0.957427108,38,0,86,16,16,0,16,0,38,63,0,0,0,.
2015,PAW,N,PAW_N,PAW_N_2015,PAW_N_2015,4,4,5,6,4.75,0.957427108,16,0,63,3,63,0,3,0,1,98,2,0,3,.
2015,PAW,N,PAW_N,PAW_N_2015,PAW_N_2015,5,6,4,4,4.75,0.957427108,16,0,98,3,63,0,1,0,1,98,1,0,16,.
2015,PAW,N,PAW_N,PAW_N_2015,PAW_N_2015,2,5,6,6,4.75,1.892969449,16,0,0,0,63,0,1,0,1,98,3,0,0,.
2015,PAW,N,PAW_N,PAW_N_2015,PAW_N_2015,4,5,4,5,4.5,0.577350269,63,0,0,0,38,0,0,0,1,98,3,0,1,.
2015,PAW,N,PAW_N,PAW_N_2015,PAW_N_2015,4,4,5,4,4.25,0.5,63,0,98,3,38,0,0,0,1,98,1,0,3,.
2015,PAW,N,PAW_N,PAW_N_2015,PAW_N_2015,4,4,4,4,4,0,38,0,98,3,38,0,0,0,0,98,4,0,0,.
2015,PAW,N,PAW_N,PAW_N_2015,PAW_N_2015,4,4,4,3,3.75,0.5,63,0,98,16,38,0,0,0,1,98,4,0,38,.
2015,PAW,N,PAW_N,PAW_N_2015,PAW_N_2015,4,3,4,3,3.5,0.577350269,38,0,0,3,38,0,0,0,1,98,2,0,0,.
2015,PAW,S,PAW_S,PAW_S_2015,PAW_S_2015,9,9,12,20,12.5,5.196152423,0,0,0,0,98,0,0,0,0,98,3,0,1,.
2015,PAW,S,PAW_S,PAW_S_2015,PAW_S_2015,9,11,9,13,10.5,1.914854216,3,0,98,3,86,0,0,0,0,98,1,0,63,.
2015,PAW,S,PAW_S,PAW_S_2015,PAW_S_2015,9,11,10,10,10,0.816496581,3,0,98,3,86,0,0,0,1,98,2,0,0,.
2015,PAW,S,PAW_S,PAW_S_2015,PAW_S_2015,8,10,10,10,9.5,1,3,0,98,38,86,0,0,0,3,98,1,0,1,.
2015,PAW,S,PAW_S,PAW_S_2015,PAW_S_2015,7,9,8,10,8.5,1.290994449,38,0,0,0,38,0,0,0,0,98,2,0,63,.
2015,PAW,S,PAW_S,PAW_S_2015,PAW_S_2015,8,9,8,9,8.5,0.577350269,3,0,0,16,86,0,0,0,0,98,0,0,0,.
2015,PAW,S,PAW_S,PAW_S_2015,PAW_S_2015,8,9,9,7,8.25,0.957427108,38,0,0,0,63,0,0,0,0,98,5,0,63,.
2015,PAW,S,PAW_S,PAW_S_2015,PAW_S_2015,9,10,6,8,8.25,1.707825128,0,0,98,16,86,0,0,0,1,98,2,0,0,.
2015,PAW,S,PAW_S,PAW_S_2015,PAW_S_2015,8,8,8,8,8,0,3,0,98,16,86,0,0,0,0,98,5,0,3,.
2015,PAW,S,PAW_S,PAW_S_2015,PAW_S_2015,8,8,8,7,7.75,0.5,3,0,98,16,63,0,0,0,1,98,4,0,1,.
2015,PAW,S,PAW_S,PAW_S_2015,PAW_S_2015,6,6,15,4,7.75,4.924428901,38,0,0,0,63,0,0,0,1,98,4,0,16,.
2015,PAW,S,PAW_S,PAW_S_2015,PAW_S_2015,6,9,6,8,7.25,1.5,3,0,0,63,38,0,0,0,1,98,3,0,0,.
2015,PAW,S,PAW_S,PAW_S_2015,PAW_S_2015,7,10,4,8,7.25,2.5,16,0,0,0,86,3,0,0,1,98,2,0,38,.
2015,PAW,S,PAW_S,PAW_S_2015,PAW_S_2015,7,6,8,7,7,0.816496581,16,0,0,0,0,0,16,0,1,98,3,0,0,.
2015,PAW,S,PAW_S,PAW_S_2015,PAW_S_2015,9,6,6,7,7,1.414213562,16,0,98,16,63,0,0,0,0,98,7,0,0,.
2015,PAW,S,PAW_S,PAW_S_2015,PAW_S_2015,6,6,6,9,6.75,1.5,38,0,0,0,86,1,1,0,0,98,5,0,3,.
2015,PAW,S,PAW_S,PAW_S_2015,PAW_S_2015,2,9,8,7,6.5,3.109126351,63,0,0,16,16,1,0,0,1,98,2,0,16,.
2015,PAW,S,PAW_S,PAW_S_2015,PAW_S_2015,5,5,6,6,5.5,0.577350269,63,0,0,0,16,0,0,0,0,98,5,0,38,.
2015,PAW,S,PAW_S,PAW_S_2015,PAW_S_2015,5,5,6,5,5.25,0.5,86,0,0,0,16,0,0,0,1,98,3,0,3,.
2015,PAW,S,PAW_S,PAW_S_2015,PAW_S_2015,6,6,5,4,5.25,0.957427108,3,0,98,3,86,0,0,0,0,98,5,0,0,.
2015,PAW,S,PAW_S,PAW_S_2015,PAW_S_2015,3,4,5,8,5,2.160246899,63,0,0,0,16,3,0,0,3,86,3,0,38,.
2015,PAW,S,PAW_S,PAW_S_2015,PAW_S_2015,5,4,4,6,4.75,0.957427108,63,0,0,0,38,0,0,0,0,0,6,0,1,.
2015,PAW,S,PAW_S,PAW_S_2015,PAW_S_2015,5,4,5,5,4.75,0.5,3,0,98,3,86,0,0,0,1,98,2,0,3,.
2015,PAW,S,PAW_S,PAW_S_2015,PAW_S_2015,4,5,4,6,4.75,0.957427108,63,0,0,0,38,0,0,0,1,98,3,0,16,.
2015,PAW,S,PAW_S,PAW_S_2015,PAW_S_2015,4,4,5,5,4.5,0.577350269,63,0,0,0,38,0,0,0,0,98,3,0,63,.
2015,PAW,S,PAW_S,PAW_S_2015,PAW_S_2015,4,5,4,4,4.25,0.5,38,0,0,0,63,0,0,0,1,98,1,0,1,.
2015,PAW,S,PAW_S,PAW_S_2015,PAW_S_2015,4,4,4,4,4,0,38,0,0,0,63,0,0,3,1,98,7,0,16,.
2015,PAW,S,PAW_S,PAW_S_2015,PAW_S_2015,3,4,3,3,3.25,0.5,38,0,3,3,63,0,0,0,0,98,3,0,16,.
2015,PAW,S,PAW_S,PAW_S_2015,PAW_S_2015,2,3,6,1,3,2.160246899,16,0,98,3,63,0,0,0,0,98,4,0,16,.
2015,PAW,S,PAW_S,PAW_S_2015,PAW_S_2015,2,2,3,4,2.75,0.957427108,63,0,0,0,38,0,0,0,1,98,2,0,0,.
2015,PYN,N,PYN_N,PYN_N_2015,PYN_N_2015,5,2,4,10,5.25,3.403429643,38,38,98,38,16,16,0,0,3,98,4,0,0,.
2015,PYN,N,PYN_N,PYN_N_2015,PYN_N_2015,3,5,3,9,5,2.828427125,1,86,86,16,3,16,0,0,0,63,1.25,0,0,.
2015,PYN,N,PYN_N,PYN_N_2015,PYN_N_2015,2,13,2,3,5,5.354126135,3,63,86,16,3,63,0,0,3,98,0.25,2,0,.
2015,PYN,N,PYN_N,PYN_N_2015,PYN_N_2015,1,1,4,11,4.25,4.716990566,0,16,16,38,16,63,3,0,38,63,0,0,0,.
2015,PYN,N,PYN_N,PYN_N_2015,PYN_N_2015,4,5,5,3,4.25,0.957427108,1,38,86,16,3,38,38,0,1,98,7.5,1,0,.
2015,PYN,N,PYN_N,PYN_N_2015,PYN_N_2015,3,7,3,3,4,2,0,86,98,3,38,3,16,0,3,98,0.75,0,0,.
2015,PYN,N,PYN_N,PYN_N_2015,PYN_N_2015,3,4,4,4,3.75,0.5,0,16,16,98,16,0,0,0,16,16,1,0,0,.
2015,PYN,N,PYN_N,PYN_N_2015,PYN_N_2015,3,3,2,3,2.75,0.5,16,38,38,16,16,38,0,0,3,98,4.5,2,98,.
2015,PYN,N,PYN_N,PYN_N_2015,PYN_N_2015,3,2,3,3,2.75,0.5,3,63,63,3,0,63,0,0,0,98,1.75,0,0,.
2015,PYN,N,PYN_N,PYN_N_2015,PYN_N_2015,3,2,3,3,2.75,0.5,0,16,86,63,16,3,0,0,16,86,0.25,0,0,.
2015,PYN,N,PYN_N,PYN_N_2015,PYN_N_2015,5,2,2,2,2.75,1.5,3,86,0,16,3,16,0,0,16,86,1.25,0,0,.
2015,PYN,N,PYN_N,PYN_N_2015,PYN_N_2015,2,2,3,3,2.5,0.577350269,0,86,86,16,3,63,0,0,0,98,1.25,0,98,.
2015,PYN,N,PYN_N,PYN_N_2015,PYN_N_2015,2,3,3,2,2.5,0.577350269,3,16,16,63,3,38,0,0,3,98,2.5,2,0,.
2015,PYN,N,PYN_N,PYN_N_2015,PYN_N_2015,3,2,2,3,2.5,0.577350269,16,38,38,38,3,16,0,0,16,63,0,0,0,.
2015,PYN,N,PYN_N,PYN_N_2015,PYN_N_2015,2,2,3,3,2.5,0.577350269,0,38,63,63,3,3,16,0,16,86,0,0,0,.
2015,PYN,N,PYN_N,PYN_N_2015,PYN_N_2015,4,2,2,2,2.5,1,0,86,98,16,16,38,0,0,3,98,2.25,0,0,.
2015,PYN,N,PYN_N,PYN_N_2015,PYN_N_2015,3,2,2,2,2.25,0.5,0,86,86,3,16,38,0,0,3,98,2.25,0,98,.
2015,PYN,N,PYN_N,PYN_N_2015,PYN_N_2015,2,2,2,2,2,0,3,63,86,16,3,3,0,0,3,98,0,0,0,.
2015,PYN,N,PYN_N,PYN_N_2015,PYN_N_2015,2,1,2,2,1.75,0.5,0,38,86,16,0,98,0,0,0,98,0.25,0,0,.
2015,PYN,N,PYN_N,PYN_N_2015,PYN_N_2015,2,1,2,2,1.75,0.5,3,38,63,16,3,38,0,0,16,86,0.5,0,0,.
2015,PYN,N,PYN_N,PYN_N_2015,PYN_N_2015,2,2,2,1,1.75,0.5,0,3,86,86,16,38,0,0,3,98,0,0,1,.
2015,PYN,N,PYN_N,PYN_N_2015,PYN_N_2015,1,1,1,3,1.5,1,0,63,98,16,0,16,3,0,3,98,0,0,0,.
2015,PYN,N,PYN_N,PYN_N_2015,PYN_N_2015,1,1,3,1,1.5,1,3,16,16,63,3,63,0,0,3,98,0,0,0,.
2015,PYN,N,PYN_N,PYN_N_2015,PYN_N_2015,2,1,1,1,1.25,0.5,3,38,38,16,16,38,0,0,3,98,0,1,86,.
2015,PYN,N,PYN_N,PYN_N_2015,PYN_N_2015,1,1,1,2,1.25,0.5,0,86,86,16,3,38,0,0,3,98,5.25,0,0,.
2015,PYN,N,PYN_N,PYN_N_2015,PYN_N_2015,1,1,2,1,1.25,0.5,16,38,16,16,3,63,0,0,16,86,0.25,0,0,.
2015,PYN,N,PYN_N,PYN_N_2015,PYN_N_2015,1,2,1,1,1.25,0.5,16,38,98,16,3,86,0,0,3,98,1,0,0,.
2015,PYN,N,PYN_N,PYN_N_2015,PYN_N_2015,1,1,1,1,1,0,0,63,86,16,3,63,0,0,16,86,0,0,0,.
2015,PYN,N,PYN_N,PYN_N_2015,PYN_N_2015,1,1,1,1,1,0,16,16,16,63,1,38,0,0,16,86,1.5,0,0,.
2015,PYN,N,PYN_N,PYN_N_2015,PYN_N_2015,1,1,1,1,1,0,0,16,0,38,16,16,0,0,86,16,0,0,0,.
2015,PYN,S,PYN_S,PYN_S_2015,PYN_S_2015,3,3,3,3,3,0,0,16,0,3,16,86,0,0,16,3,0,2,0,.
2015,PYN,S,PYN_S,PYN_S_2015,PYN_S_2015,1,2,6,2,2.75,2.217355783,0,3,0,63,38,63,0,0,63,3,0,0,0,.
2015,PYN,S,PYN_S,PYN_S_2015,PYN_S_2015,2,3,3,3,2.75,0.5,0,63,0,3,16,63,0,0,16,63,0,0,0,.
2015,PYN,S,PYN_S,PYN_S_2015,PYN_S_2015,3,2,2,3,2.5,0.577350269,0,38,86,16,3,63,0,0,16,16,0,0,0,.
2015,PYN,S,PYN_S,PYN_S_2015,PYN_S_2015,3,2,3,2,2.5,0.577350269,16,63,63,16,16,16,3,0,38,38,0,1,63,.
2015,PYN,S,PYN_S,PYN_S_2015,PYN_S_2015,2,2,2,3,2.25,0.5,0,38,63,16,16,63,0,0,16,38,0,0,0,.
2015,PYN,S,PYN_S,PYN_S_2015,PYN_S_2015,2,3,1,2,2,0.816496581,16,3,16,86,1,63,0,0,38,16,0,2,0,.
2015,PYN,S,PYN_S,PYN_S_2015,PYN_S_2015,3,1,1,2,1.75,0.957427108,3,86,38,3,1,63,1,0,3,98,0,0,0,.
2015,PYN,S,PYN_S,PYN_S_2015,PYN_S_2015,1,2,2,1,1.5,0.577350269,0,16,16,38,16,63,0,0,3,38,0,0,0,.
2015,PYN,S,PYN_S,PYN_S_2015,PYN_S_2015,2,1,1,2,1.5,0.577350269,3,38,38,38,16,16,16,0,16,86,0.75,0,38,.
2015,PYN,S,PYN_S,PYN_S_2015,PYN_S_2015,1,1,2,1,1.25,0.5,0,3,3,86,1,38,0,0,16,63,0,0,0,.
2015,PYN,S,PYN_S,PYN_S_2015,PYN_S_2015,1,1,2,1,1.25,0.5,0,16,16,38,3,63,0,0,16,16,0,0,0,.
2015,PYN,S,PYN_S,PYN_S_2015,PYN_S_2015,1,1,2,1,1.25,0.5,3,3,16,86,3,38,0,0,38,16,0,0,86,.
2015,PYN,S,PYN_S,PYN_S_2015,PYN_S_2015,1,2,1,1,1.25,0.5,16,3,3,86,3,38,0,0,63,16,0,2,0,.
2015,PYN,S,PYN_S,PYN_S_2015,PYN_S_2015,1,1,2,1,1.25,0.5,3,3,16,86,1,63,0,0,38,16,0,0,0,.
2015,PYN,S,PYN_S,PYN_S_2015,PYN_S_2015,1,1,1,1,1,0,16,3,16,86,3,63,0,0,63,16,0,2,98,.
2015,PYN,S,PYN_S,PYN_S_2015,PYN_S_2015,1,1,1,1,1,0,3,16,3,38,3,86,0,0,16,38,0,0,0,.
2015,PYN,S,PYN_S,PYN_S_2015,PYN_S_2015,1,1,1,1,1,0,3,3,3,86,3,38,0,0,63,16,0,0,86,.
2015,PYN,S,PYN_S,PYN_S_2015,PYN_S_2015,1,1,1,1,1,0,38,16,38,38,3,38,0,0,63,16,0,2,0,.
2015,PYN,S,PYN_S,PYN_S_2015,PYN_S_2015,1,1,1,1,1,0,3,3,63,38,3,86,0,0,63,16,0,2,0,.
2015,PYN,S,PYN_S,PYN_S_2015,PYN_S_2015,1,1,1,1,1,0,3,3,16,86,1,63,0,0,38,16,0,0,0,.
2015,PYN,S,PYN_S,PYN_S_2015,PYN_S_2015,1,1,1,1,1,0,16,3,16,86,3,63,0,0,63,16,0,2,98,.
2015,PYN,S,PYN_S,PYN_S_2015,PYN_S_2015,1,1,1,1,1,0,16,38,3,38,3,38,0,0,63,16,0,2,0,.
2015,PYN,S,PYN_S,PYN_S_2015,PYN_S_2015,1,1,1,1,1,0,16,3,16,86,3,38,0,0,63,16,0,2,0,.
2015,PYN,S,PYN_S,PYN_S_2015,PYN_S_2015,1,1,1,1,1,0,16,38,16,16,3,63,0,0,16,38,0,0,0,.
2015,PYN,S,PYN_S,PYN_S_2015,PYN_S_2015,1,1,1,1,1,0,16,3,3,86,3,38,0,0,63,16,0,0,0,.
2015,PYN,S,PYN_S,PYN_S_2015,PYN_S_2015,1,1,1,1,1,0,3,3,16,63,3,63,0,0,38,3,0,1,0,.
2015,PYN,S,PYN_S,PYN_S_2015,PYN_S_2015,1,1,1,1,1,0,3,16,3,63,3,38,0,0,63,16,0,1,98,.
2015,PYN,S,PYN_S,PYN_S_2015,PYN_S_2015,1,1,1,1,1,0,38,16,0,16,1,63,0,0,86,16,0,1,98,.
2015,PYN,S,PYN_S,PYN_S_2015,PYN_S_2015,1,1,1,1,1,0,3,16,63,38,3,63,1,0,38,63,0,1,0,.
2015,PYN,W,PYN_W,PYN_W_2015,PYN_W_2015,7,7,7,7,7,0,0,3,63,86,16,0,16,0,16,86,0,0,0,.
2015,PYN,W,PYN_W,PYN_W_2015,PYN_W_2015,4,4,8,3,4.75,2.217355783,0,86,0,38,16,38,0,0,16,86,2.25,2,0,.
2015,PYN,W,PYN_W,PYN_W_2015,PYN_W_2015,4,3,3,6,4,1.414213562,38,16,16,16,3,63,0,0,16,16,3.5,0,0,.
2015,PYN,W,PYN_W,PYN_W_2015,PYN_W_2015,2,2,5,5,3.5,1.732050808,3,38,63,16,16,63,0,0,16,86,0.5,0,86,.
2015,PYN,W,PYN_W,PYN_W_2015,PYN_W_2015,3,3,3,3,3,0,1,16,86,38,63,38,0,0,0,98,1,2,0,.
2015,PYN,W,PYN_W,PYN_W_2015,PYN_W_2015,3,3,3,3,3,0,38,3,86,38,16,63,0,0,16,86,0.25,0,0,.
2015,PYN,W,PYN_W,PYN_W_2015,PYN_W_2015,2,3,3,3,2.75,0.5,0,3,16,86,0,86,0,0,16,86,1.25,2,0,.
2015,PYN,W,PYN_W,PYN_W_2015,PYN_W_2015,3,2,2,4,2.75,0.957427108,0,86,63,16,16,16,0,0,16,86,0,0,0,.
2015,PYN,W,PYN_W,PYN_W_2015,PYN_W_2015,1,3,5,1,2.5,1.914854216,3,16,16,63,3,38,0,0,38,38,0,1,0,.
2015,PYN,W,PYN_W,PYN_W_2015,PYN_W_2015,3,2,3,2,2.5,0.577350269,16,16,38,38,16,86,0,0,3,98,0.5,2,38,.
2015,PYN,W,PYN_W,PYN_W_2015,PYN_W_2015,3,2,2,3,2.5,0.577350269,3,63,0,16,38,86,0,0,16,63,0,0,16,.
2015,PYN,W,PYN_W,PYN_W_2015,PYN_W_2015,3,2,2,2,2.25,0.5,16,16,63,38,3,16,0,0,16,86,0.75,2,3,.
2015,PYN,W,PYN_W,PYN_W_2015,PYN_W_2015,2,2,3,1,2,0.816496581,3,63,86,16,3,63,0,0,3,98,0.75,0,63,.
2015,PYN,W,PYN_W,PYN_W_2015,PYN_W_2015,2,3,2,1,2,0.816496581,1,63,86,16,16,16,0,0,38,63,3.25,0,0,.
2015,PYN,W,PYN_W,PYN_W_2015,PYN_W_2015,2,2,2,2,2,0,3,63,38,16,16,16,0,0,16,86,1,0,0,.
2015,PYN,W,PYN_W,PYN_W_2015,PYN_W_2015,2,2,2,2,2,0,3,38,16,38,16,63,0,0,38,63,0,2,0,.
2015,PYN,W,PYN_W,PYN_W_2015,PYN_W_2015,2,2,2,2,2,0,3,16,38,63,3,63,0,0,16,86,2.25,0,0,.
2015,PYN,W,PYN_W,PYN_W_2015,PYN_W_2015,2,2,2,2,2,0,38,16,86,16,38,38,0,0,16,86,0,2,16,.
2015,PYN,W,PYN_W,PYN_W_2015,PYN_W_2015,2,3,1,2,2,0.816496581,0,86,63,16,38,16,3,0,3,98,2,0,63,.
2015,PYN,W,PYN_W,PYN_W_2015,PYN_W_2015,2,1,2,2,1.75,0.5,16,16,38,16,16,63,0,0,16,86,1,2,38,.
2015,PYN,W,PYN_W,PYN_W_2015,PYN_W_2015,2,2,1,2,1.75,0.5,38,3,86,16,3,63,0,0,38,63,1,0,16,.
2015,PYN,W,PYN_W,PYN_W_2015,PYN_W_2015,2,2,1,2,1.75,0.5,3,63,0,16,16,63,3,0,16,86,1.75,0,16,.
2015,PYN,W,PYN_W,PYN_W_2015,PYN_W_2015,1,2,1,2,1.5,0.577350269,16,3,3,86,38,38,0,0,63,38,0,0,0,.
2015,PYN,W,PYN_W,PYN_W_2015,PYN_W_2015,1,1,1,2,1.25,0.5,3,63,98,16,3,38,0,0,63,38,0,2,16,.
2015,PYN,W,PYN_W,PYN_W_2015,PYN_W_2015,2,1,1,1,1.25,0.5,3,38,86,16,16,63,0,0,63,38,0,0,3,.
2015,PYN,W,PYN_W,PYN_W_2015,PYN_W_2015,1,1,1,2,1.25,0.5,3,16,16,63,16,38,0,0,16,63,0,0,0,.
2015,PYN,W,PYN_W,PYN_W_2015,PYN_W_2015,1,1,2,1,1.25,0.5,3,16,16,63,3,63,0,0,38,63,0,2,0,.
2015,PYN,W,PYN_W,PYN_W_2015,PYN_W_2015,1,1,2,1,1.25,0.5,3,16,38,16,16,86,0,0,3,98,0.75,0,0,.
2015,PYN,W,PYN_W,PYN_W_2015,PYN_W_2015,1,1,1,1,1,0,3,16,38,38,38,38,0,0,63,38,0,0,0,.
2015,PYN,W,PYN_W,PYN_W_2015,PYN_W_2015,1,1,1,1,1,0,0,16,38,38,16,38,0,0,63,38,0,0,16,.
2015,PYS,N,PYS_N,PYS_N_2015,PYS_N_2015,6,7,6,7,6.5,0.577350269,0,3,63,16,16,16,63,0,16,0,0,0,0,.
2015,PYS,N,PYS_N,PYS_N_2015,PYS_N_2015,6,4,5,4,4.75,0.957427108,3,16,3,16,63,0,0,0,3,0,0,0,16,.
2015,PYS,N,PYS_N,PYS_N_2015,PYS_N_2015,5,3,5,5,4.5,1,3,38,0,16,16,38,3,0,0,0,0,0,0,.
2015,PYS,N,PYS_N,PYS_N_2015,PYS_N_2015,4,5,5,3,4.25,0.957427108,0,3,0,16,3,63,0,0,3,0,0,0,0,.
2015,PYS,N,PYS_N,PYS_N_2015,PYS_N_2015,3,2,7,3,3.75,2.217355783,0,16,0,63,38,16,0,0,3,0,0,0,16,.
2015,PYS,N,PYS_N,PYS_N_2015,PYS_N_2015,3,3,4,4,3.5,0.577350269,16,38,16,16,0,16,0,0,0,86,2,1,0,.
2015,PYS,N,PYS_N,PYS_N_2015,PYS_N_2015,5,3,3,2,3.25,1.258305739,0,38,0,3,0,63,0,0,3,0,0,0,0,.
2015,PYS,N,PYS_N,PYS_N_2015,PYS_N_2015,3,3,3,4,3.25,0.5,3,38,0,16,16,3,0,0,16,0,0,0,0,.
2015,PYS,N,PYS_N,PYS_N_2015,PYS_N_2015,3,3,4,3,3.25,0.5,16,38,0,16,16,16,0,0,3,0,0,0,0,.
2015,PYS,N,PYS_N,PYS_N_2015,PYS_N_2015,4,3,3,2,3,0.816496581,3,16,0,3,1,63,0,0,0,0,0,0,0,.
2015,PYS,N,PYS_N,PYS_N_2015,PYS_N_2015,1,1,1,9,3,4,0,38,63,16,3,38,0,0,38,0,0,0,0,.
2015,PYS,N,PYS_N,PYS_N_2015,PYS_N_2015,3,3,3,3,3,0,1,16,3,38,3,63,16,0,1,0,0,0,0,.
2015,PYS,N,PYS_N,PYS_N_2015,PYS_N_2015,3,3,3,3,3,0,16,38,0,16,38,38,0,0,0,0,0,0,0,.
2015,PYS,N,PYS_N,PYS_N_2015,PYS_N_2015,3,3,3,3,3,0,16,38,16,38,16,16,0,0,1,0,0,0,0,.
2015,PYS,N,PYS_N,PYS_N_2015,PYS_N_2015,3,2,4,2,2.75,0.957427108,3,3,16,63,38,3,0,0,3,0,0,0,0,.
2015,PYS,N,PYS_N,PYS_N_2015,PYS_N_2015,3,3,2,3,2.75,0.5,1,16,0,63,3,1,0,0,1,0,0,0,0,.
2015,PYS,N,PYS_N,PYS_N_2015,PYS_N_2015,2,3,2,2,2.25,0.5,0,63,98,3,3,16,0,0,3,0,0,0,0,.
2015,PYS,N,PYS_N,PYS_N_2015,PYS_N_2015,2,3,2,2,2.25,0.5,0,38,0,3,3,38,0,0,3,0,0,0,0,.
2015,PYS,N,PYS_N,PYS_N_2015,PYS_N_2015,2,2,2,3,2.25,0.5,1,63,0,0,3,3,0,0,3,0,0,0,38,.
2015,PYS,N,PYS_N,PYS_N_2015,PYS_N_2015,2,1,3,3,2.25,0.957427108,3,16,0,16,16,38,0,0,3,0,0,0,0,.
2015,PYS,N,PYS_N,PYS_N_2015,PYS_N_2015,2,2,2,3,2.25,0.5,3,38,0,3,0,38,16,0,3,0,0,0,0,.
2015,PYS,N,PYS_N,PYS_N_2015,PYS_N_2015,3,2,2,1,2,0.816496581,16,16,0,38,16,3,0,0,0,0,0,0,0,.
2015,PYS,N,PYS_N,PYS_N_2015,PYS_N_2015,3,1,3,1,2,1.154700538,0,16,0,3,3,63,0,0,3,0,0,0,0,.
2015,PYS,N,PYS_N,PYS_N_2015,PYS_N_2015,3,1,1,2,1.75,0.957427108,16,16,3,38,0,38,0,0,16,0,0,0,0,.
2015,PYS,N,PYS_N,PYS_N_2015,PYS_N_2015,2,1,1,2,1.5,0.577350269,0,16,0,3,16,63,0,0,3,0,0,0,0,.
2015,PYS,N,PYS_N,PYS_N_2015,PYS_N_2015,3,1,1,1,1.5,1,3,63,0,3,16,38,0,0,3,0,0,0,63,.
2015,PYS,N,PYS_N,PYS_N_2015,PYS_N_2015,2,1,1,2,1.5,0.577350269,16,16,0,16,16,38,0,0,16,0,0,0,0,.
2015,PYS,N,PYS_N,PYS_N_2015,PYS_N_2015,2,2,1,1,1.5,0.577350269,0,38,0,3,3,63,0,0,3,0,0,0,0,.
2015,PYS,N,PYS_N,PYS_N_2015,PYS_N_2015,2,1,1,1,1.25,0.5,3,16,3,16,16,38,0,0,63,0,0,0,0,.
2015,PYS,N,PYS_N,PYS_N_2015,PYS_N_2015,1,1,1,1,1,0,0,38,0,3,3,38,0,0,16,0,0,0,0,.
2015,PYS,S,PYS_S,PYS_S_2015,PYS_S_2015,5,6,7,5,5.75,0.957427108,0,63,86,16,3,0,0,0,16,0,0,0,0,.
2015,PYS,S,PYS_S,PYS_S_2015,PYS_S_2015,5,5,7,5,5.5,1,3,86,0,0,0,3,0,0,0,86,5,0,0,.
2015,PYS,S,PYS_S,PYS_S_2015,PYS_S_2015,2,5,5,7,4.75,2.061552813,3,38,3,38,3,38,0,0,0,86,1,1,86,.
2015,PYS,S,PYS_S,PYS_S_2015,PYS_S_2015,5,5,4,3,4.25,0.957427108,16,16,38,16,3,16,0,0,3,63,1,1,0,.
2015,PYS,S,PYS_S,PYS_S_2015,PYS_S_2015,4,5,3,5,4.25,0.957427108,0,63,0,3,3,16,0,0,0,86,2,0,86,.
2015,PYS,S,PYS_S,PYS_S_2015,PYS_S_2015,3,3,5,6,4.25,1.5,16,16,38,38,16,3,0,0,1,86,3,0,16,.
2015,PYS,S,PYS_S,PYS_S_2015,PYS_S_2015,3,5,5,3,4,1.154700538,16,16,3,38,3,38,0,0,3,86,1,0,63,.
2015,PYS,S,PYS_S,PYS_S_2015,PYS_S_2015,5,3,4,4,4,0.816496581,1,86,0,3,3,0,0,0,3,86,1,0,86,.
2015,PYS,S,PYS_S,PYS_S_2015,PYS_S_2015,3,5,3,5,4,1.154700538,16,3,3,38,3,38,0,0,0,86,1,0,3,.
2015,PYS,S,PYS_S,PYS_S_2015,PYS_S_2015,3,5,4,3,3.75,0.957427108,1,38,16,16,16,16,0,0,3,86,1,1,16,.
2015,PYS,S,PYS_S,PYS_S_2015,PYS_S_2015,3,3,4,5,3.75,0.957427108,3,63,0,3,16,16,0,0,3,86,3,1,3,.
2015,PYS,S,PYS_S,PYS_S_2015,PYS_S_2015,2,3,3,7,3.75,2.217355783,3,38,0,16,38,3,0,0,0,86,3,1,3,.
2015,PYS,S,PYS_S,PYS_S_2015,PYS_S_2015,3,3,5,4,3.75,0.957427108,1,63,0,16,1,16,0,0,0,86,1,0,0,.
2015,PYS,S,PYS_S,PYS_S_2015,PYS_S_2015,4,5,2,3,3.5,1.290994449,0,63,38,16,3,16,0,0,0,86,2,0,86,.
2015,PYS,S,PYS_S,PYS_S_2015,PYS_S_2015,5,3,3,3,3.5,1,16,63,0,16,3,38,3,0,0,86,3,0,98,.
2015,PYS,S,PYS_S,PYS_S_2015,PYS_S_2015,3,3,4,4,3.5,0.577350269,3,16,0,16,16,16,0,0,0,86,1,0,0,.
2015,PYS,S,PYS_S,PYS_S_2015,PYS_S_2015,3,5,3,3,3.5,1,16,38,3,16,38,38,0,0,3,86,2,2,63,.
2015,PYS,S,PYS_S,PYS_S_2015,PYS_S_2015,3,4,3,3,3.25,0.5,3,38,3,38,16,3,0,0,0,86,4,0,86,.
2015,PYS,S,PYS_S,PYS_S_2015,PYS_S_2015,3,3,4,3,3.25,0.5,16,3,3,38,38,0,0,0,3,86,2,0,16,.
2015,PYS,S,PYS_S,PYS_S_2015,PYS_S_2015,3,3,4,3,3.25,0.5,0,38,98,16,38,3,0,0,0,86,1,0,16,.
2015,PYS,S,PYS_S,PYS_S_2015,PYS_S_2015,3,3,3,3,3,0,1,38,3,16,3,38,0,0,3,63,1,1,38,.
2015,PYS,S,PYS_S,PYS_S_2015,PYS_S_2015,3,3,2,4,3,0.816496581,1,63,0,3,16,3,3,0,3,86,1,0,63,.
2015,PYS,S,PYS_S,PYS_S_2015,PYS_S_2015,3,3,3,3,3,0,0,16,0,16,86,3,0,0,3,86,1,0,63,.
2015,PYS,S,PYS_S,PYS_S_2015,PYS_S_2015,3,3,2,4,3,0.816496581,0,38,16,38,38,0,0,0,0,86,2,0,38,.
2015,PYS,S,PYS_S,PYS_S_2015,PYS_S_2015,1,5,3,3,3,1.632993162,1,16,38,16,63,3,0,0,0,86,2,1,16,.
2015,PYS,S,PYS_S,PYS_S_2015,PYS_S_2015,2,3,3,3,2.75,0.5,16,38,0,38,3,16,0,0,0,86,1,2,16,.
2015,PYS,S,PYS_S,PYS_S_2015,PYS_S_2015,3,2,4,2,2.75,0.957427108,3,63,3,38,3,16,0,0,0,86,2,1,0,.
2015,PYS,S,PYS_S,PYS_S_2015,PYS_S_2015,3,3,3,2,2.75,0.5,16,16,16,38,3,38,0,0,3,86,1,2,0,.
2015,PYS,S,PYS_S,PYS_S_2015,PYS_S_2015,1,3,3,3,2.5,1,3,16,0,38,0,16,0,0,0,86,1,0,0,.
2015,PYS,S,PYS_S,PYS_S_2015,PYS_S_2015,2,2,1,3,2,0.816496581,3,16,0,16,38,16,0,0,3,86,3,1,63,.
2015,PYS,W,PYS_W,PYS_W_2015,PYS_W_2015,5,5,5,6,5.25,0.5,38,16,38,38,63,16,0,0,1,86,3,0,16,.
2015,PYS,W,PYS_W,PYS_W_2015,PYS_W_2015,3,3,4,8,4.5,2.380476143,3,86,0,0,0,38,0,0,0,86,1,2,0,.
2015,PYS,W,PYS_W,PYS_W_2015,PYS_W_2015,5,3,5,5,4.5,1,3,63,3,16,0,38,0,0,0,86,3,0,0,.
2015,PYS,W,PYS_W,PYS_W_2015,PYS_W_2015,3,5,5,3,4,1.154700538,3,16,3,16,63,16,0,0,3,86,4,0,38,.
2015,PYS,W,PYS_W,PYS_W_2015,PYS_W_2015,4,5,4,3,4,0.816496581,0,16,0,63,0,38,16,0,0,86,3,0,0,.
2015,PYS,W,PYS_W,PYS_W_2015,PYS_W_2015,3,5,3,5,4,1.154700538,3,16,0,38,3,16,0,0,1,86,2,2,0,.
2015,PYS,W,PYS_W,PYS_W_2015,PYS_W_2015,5,3,4,3,3.75,0.957427108,3,63,63,16,0,38,0,0,3,86,3,1,0,.
2015,PYS,W,PYS_W,PYS_W_2015,PYS_W_2015,3,2,4,6,3.75,1.707825128,0,38,16,38,16,38,1,0,3,86,1,0,38,.
2015,PYS,W,PYS_W,PYS_W_2015,PYS_W_2015,3,5,3,3,3.5,1,0,63,3,3,1,38,0,0,0,86,1,0,0,.
2015,PYS,W,PYS_W,PYS_W_2015,PYS_W_2015,5,3,3,3,3.5,1,1,38,3,16,38,16,0,0,3,86,1,0,16,.
2015,PYS,W,PYS_W,PYS_W_2015,PYS_W_2015,5,4,1,3,3.25,1.707825128,3,16,16,38,3,3,0,0,1,86,2,2,63,.
2015,PYS,W,PYS_W,PYS_W_2015,PYS_W_2015,2,3,5,3,3.25,1.258305739,0,38,38,16,1,16,0,0,0,86,2,0,0,.
2015,PYS,W,PYS_W,PYS_W_2015,PYS_W_2015,4,3,3,3,3.25,0.5,38,38,38,3,0,16,0,0,3,86,2,2,0,.
2015,PYS,W,PYS_W,PYS_W_2015,PYS_W_2015,4,3,3,3,3.25,0.5,3,38,0,3,0,38,0,0,1,86,1,0,0,.
2015,PYS,W,PYS_W,PYS_W_2015,PYS_W_2015,3,4,3,3,3.25,0.5,3,63,0,3,0,38,0,0,0,86,3,0,0,.
2015,PYS,W,PYS_W,PYS_W_2015,PYS_W_2015,2,5,3,3,3.25,1.258305739,38,16,38,3,38,16,0,0,0,86,1,0,63,.
2015,PYS,W,PYS_W,PYS_W_2015,PYS_W_2015,4,3,3,3,3.25,0.5,3,63,3,16,3,16,0,0,0,86,4,0,3,.
2015,PYS,W,PYS_W,PYS_W_2015,PYS_W_2015,3,4,3,2,3,0.816496581,0,86,0,1,0,16,0,0,0,86,1,0,0,.
2015,PYS,W,PYS_W,PYS_W_2015,PYS_W_2015,3,3,3,3,3,0,0,38,0,16,1,63,0,0,3,86,1,0,0,.
2015,PYS,W,PYS_W,PYS_W_2015,PYS_W_2015,3,3,3,3,3,0,3,38,16,16,3,16,0,0,3,86,2,0,0,.
2015,PYS,W,PYS_W,PYS_W_2015,PYS_W_2015,3,3,3,2,2.75,0.5,1,38,38,16,3,38,0,0,3,86,2,1,0,.
2015,PYS,W,PYS_W,PYS_W_2015,PYS_W_2015,3,2,3,3,2.75,0.5,3,16,38,38,16,38,0,0,1,86,1,0,16,.
2015,PYS,W,PYS_W,PYS_W_2015,PYS_W_2015,3,3,3,2,2.75,0.5,3,38,3,38,16,38,0,0,3,86,1,1,16,.
2015,PYS,W,PYS_W,PYS_W_2015,PYS_W_2015,2,3,3,3,2.75,0.5,3,16,3,38,38,16,0,0,1,86,2,0,16,.
2015,PYS,W,PYS_W,PYS_W_2015,PYS_W_2015,3,3,3,2,2.75,0.5,1,63,0,16,0,38,0,0,16,63,1,0,0,.
2015,PYS,W,PYS_W,PYS_W_2015,PYS_W_2015,2,1,3,3,2.25,0.957427108,3,16,16,63,3,3,0,0,3,86,1,0,98,.
2015,PYS,W,PYS_W,PYS_W_2015,PYS_W_2015,2,2,4,1,2.25,1.258305739,0,98,0,1,1,0,0,0,0,86,1,0,0,.
2015,PYS,W,PYS_W,PYS_W_2015,PYS_W_2015,2,2,3,2,2.25,0.5,38,38,63,16,3,38,0,0,3,86,2,2,0,.
2015,PYS,W,PYS_W,PYS_W_2015,PYS_W_2015,2,1,1,1,1.25,0.5,0,86,0,3,3,1,0,0,16,0,0,0,0,.
2015,PYS,W,PYS_W,PYS_W_2015,PYS_W_2015,0,0,0,0,0,0,0,38,38,16,3,3,0,0,86,0,0,0,0,.
2015,PYW,C,PYW_C,PYW_C_2015,PYW_C_2015,6,10,9,8,8.25,1.707825128,3,16,16,16,38,0,16,0,16,0,0,0,16,.
2015,PYW,C,PYW_C,PYW_C_2015,PYW_C_2015,10,6,8,4,7,2.581988897,3,0,63,16,38,3,16,16,3,3,0,0,16,.
2015,PYW,C,PYW_C,PYW_C_2015,PYW_C_2015,7,7,7,6,6.75,0.5,3,16,63,16,63,3,3,0,16,0,0,0,3,.
2015,PYW,C,PYW_C,PYW_C_2015,PYW_C_2015,4,7,8,8,6.75,1.892969449,1,16,38,16,63,16,3,0,16,0,0,0,16,.
2015,PYW,C,PYW_C,PYW_C_2015,PYW_C_2015,4,8,5,4,5.25,1.892969449,3,16,16,16,38,38,3,0,3,0,0,0,0,.
2015,PYW,C,PYW_C,PYW_C_2015,PYW_C_2015,5,5,4,5,4.75,0.5,3,3,16,3,38,63,0,0,3,0,0,1,1,.
2015,PYW,C,PYW_C,PYW_C_2015,PYW_C_2015,4,5,5,5,4.75,0.5,3,0,3,3,63,16,16,0,3,0,0,2,63,.
2015,PYW,C,PYW_C,PYW_C_2015,PYW_C_2015,5,4,4,5,4.5,0.577350269,16,3,38,3,63,38,0,0,3,0,0,2,0,.
2015,PYW,C,PYW_C,PYW_C_2015,PYW_C_2015,4,6,4,3,4.25,1.258305739,16,0,38,3,38,38,0,0,16,0,0,1,0,.
2015,PYW,C,PYW_C,PYW_C_2015,PYW_C_2015,4,3,3,6,4,1.414213562,16,16,3,3,16,86,3,0,3,0,0,2,0,.
2015,PYW,C,PYW_C,PYW_C_2015,PYW_C_2015,4,4,4,4,4,0,16,0,38,16,38,16,0,0,16,0,0,2,16,.
2015,PYW,C,PYW_C,PYW_C_2015,PYW_C_2015,4,3,4,4,3.75,0.5,3,3,16,3,16,63,0,0,16,0,0,2,3,.
2015,PYW,C,PYW_C,PYW_C_2015,PYW_C_2015,3,5,4,3,3.75,0.957427108,38,1,63,3,63,16,3,0,16,0,0,2,38,.
2015,PYW,C,PYW_C,PYW_C_2015,PYW_C_2015,3,5,5,2,3.75,1.5,3,63,0,1,16,0,16,0,3,0,0,0,63,.
2015,PYW,C,PYW_C,PYW_C_2015,PYW_C_2015,4,4,3,4,3.75,0.5,16,0,38,3,38,63,16,0,3,0,0,1,0,.
2015,PYW,C,PYW_C,PYW_C_2015,PYW_C_2015,3,3,4,4,3.5,0.577350269,16,3,16,16,38,38,0,0,3,0,0,2,0,.
2015,PYW,C,PYW_C,PYW_C_2015,PYW_C_2015,4,4,3,2,3.25,0.957427108,16,3,16,16,16,38,0,0,16,0,0,2,16,.
2015,PYW,C,PYW_C,PYW_C_2015,PYW_C_2015,3,3,3,4,3.25,0.5,16,3,16,16,38,16,0,0,16,0,0,1,3,.
2015,PYW,C,PYW_C,PYW_C_2015,PYW_C_2015,2,6,2,3,3.25,1.892969449,16,16,3,3,16,16,16,0,16,0,0,2,3,.
2015,PYW,C,PYW_C,PYW_C_2015,PYW_C_2015,4,3,3,2,3,0.816496581,16,0,0,3,38,38,0,0,16,0,0,2,3,.
2015,PYW,C,PYW_C,PYW_C_2015,PYW_C_2015,3,5,2,2,3,1.414213562,16,0,38,3,16,38,16,0,3,3,0,1,3,.
2015,PYW,C,PYW_C,PYW_C_2015,PYW_C_2015,2,2,4,3,2.75,0.957427108,16,3,38,3,38,38,0,0,3,1,0,2,16,.
2015,PYW,C,PYW_C,PYW_C_2015,PYW_C_2015,2,4,3,2,2.75,0.957427108,16,3,38,3,16,38,0,0,16,0,0,2,3,.
2015,PYW,C,PYW_C,PYW_C_2015,PYW_C_2015,3,3,2,3,2.75,0.5,16,1,16,3,63,16,0,3,3,0,0,2,3,.
2015,PYW,C,PYW_C,PYW_C_2015,PYW_C_2015,3,2,2,2,2.25,0.5,38,0,38,3,16,16,0,0,16,0,0,1,38,.
2015,PYW,C,PYW_C,PYW_C_2015,PYW_C_2015,2,2,2,3,2.25,0.5,16,0,38,16,38,16,0,0,16,0,0,2,3,.
2015,PYW,C,PYW_C,PYW_C_2015,PYW_C_2015,2,3,3,1,2.25,0.957427108,3,0,3,3,16,86,0,0,16,0,0,2,0,.
2015,PYW,C,PYW_C,PYW_C_2015,PYW_C_2015,2,2,2,3,2.25,0.5,16,0,16,3,16,63,0,0,16,0,0,2,0,.
2015,PYW,C,PYW_C,PYW_C_2015,PYW_C_2015,2,2,2,2,2,0,38,0,16,3,16,38,0,0,16,0,0,1,3,.
2015,PYW,C,PYW_C,PYW_C_2015,PYW_C_2015,2,2,2,2,2,0,16,0,63,3,63,38,0,0,16,0,0,1,0,.
2015,PYW,N,PYW_N,PYW_N_2015,PYW_N_2015,3,7,7,5,5.5,1.914854216,0,16,3,3,63,16,0,0,3,0,0,0,16,.
2015,PYW,N,PYW_N,PYW_N_2015,PYW_N_2015,5,5,6,4,5,0.816496581,3,3,63,16,38,63,0,0,3,0,0,0,0,.
2015,PYW,N,PYW_N,PYW_N_2015,PYW_N_2015,5,3,4,5,4.25,0.957427108,0,38,38,3,38,38,0,0,3,0,0,0,0,.
2015,PYW,N,PYW_N,PYW_N_2015,PYW_N_2015,5,4,3,5,4.25,0.957427108,3,3,3,3,63,38,0,0,3,0,0,0,3,.
2015,PYW,N,PYW_N,PYW_N_2015,PYW_N_2015,4,4,3,5,4,0.816496581,16,3,16,3,38,38,0,0,3,0,0,2,0,.
2015,PYW,N,PYW_N,PYW_N_2015,PYW_N_2015,5,4,3,3,3.75,0.957427108,16,3,16,16,38,38,0,0,38,0,0,1,3,.
2015,PYW,N,PYW_N,PYW_N_2015,PYW_N_2015,5,3,3,3,3.5,1,3,16,38,16,38,63,0,0,16,0,0,2,0,.
2015,PYW,N,PYW_N,PYW_N_2015,PYW_N_2015,2,3,4,4,3.25,0.957427108,0,16,86,3,38,16,0,0,3,0,0,0,16,.
2015,PYW,N,PYW_N,PYW_N_2015,PYW_N_2015,3,5,3,2,3.25,1.258305739,3,16,63,3,38,16,0,0,38,0,0,1,3,.
2015,PYW,N,PYW_N,PYW_N_2015,PYW_N_2015,3,3,3,3,3,0,0,16,3,16,38,38,0,0,3,0,0,0,3,.
2015,PYW,N,PYW_N,PYW_N_2015,PYW_N_2015,4,2,3,3,3,0.816496581,3,3,16,3,38,63,0,0,3,0,0,1,16,.
2015,PYW,N,PYW_N,PYW_N_2015,PYW_N_2015,3,3,3,3,3,0,16,16,3,3,16,38,0,0,16,0,0,2,0,.
2015,PYW,N,PYW_N,PYW_N_2015,PYW_N_2015,3,3,3,2,2.75,0.5,38,1,38,3,38,38,0,0,3,0,0,1,16,.
2015,PYW,N,PYW_N,PYW_N_2015,PYW_N_2015,3,3,3,2,2.75,0.5,16,3,3,3,16,38,0,0,38,0,0,1,0,.
2015,PYW,N,PYW_N,PYW_N_2015,PYW_N_2015,3,4,2,2,2.75,0.957427108,3,16,16,16,38,38,0,0,16,0,0,1,0,.
2015,PYW,N,PYW_N,PYW_N_2015,PYW_N_2015,2,2,3,3,2.5,0.577350269,38,1,3,3,16,38,0,0,16,0,0,2,16,.
2015,PYW,N,PYW_N,PYW_N_2015,PYW_N_2015,1,3,3,3,2.5,1,16,16,3,16,38,38,0,0,3,0,0,1,16,.
2015,PYW,N,PYW_N,PYW_N_2015,PYW_N_2015,2,3,1,3,2.25,0.957427108,16,0,0,16,16,3,0,0,63,0,0,2,3,.
2015,PYW,N,PYW_N,PYW_N_2015,PYW_N_2015,1,1,6,1,2.25,2.5,3,16,16,16,16,38,0,0,16,0,0,2,0,.
2015,PYW,N,PYW_N,PYW_N_2015,PYW_N_2015,3,1,3,2,2.25,0.957427108,3,3,16,16,16,86,0,0,3,0,0,1,0,.
2015,PYW,N,PYW_N,PYW_N_2015,PYW_N_2015,2,2,3,2,2.25,0.5,3,0,3,16,38,63,0,0,3,0,0,2,16,.
2015,PYW,N,PYW_N,PYW_N_2015,PYW_N_2015,2,3,2,1,2,0.816496581,16,0,3,16,16,16,0,0,38,0,0,2,38,.
2015,PYW,N,PYW_N,PYW_N_2015,PYW_N_2015,2,3,2,1,2,0.816496581,0,3,16,16,38,63,0,0,3,0,0,1,0,.
2015,PYW,N,PYW_N,PYW_N_2015,PYW_N_2015,2,2,2,2,2,0,16,3,16,3,16,3,0,0,38,0,0,2,16,.
2015,PYW,N,PYW_N,PYW_N_2015,PYW_N_2015,1,1,2,2,1.5,0.577350269,38,3,0,3,16,38,0,0,16,0,0,2,16,.
2015,PYW,N,PYW_N,PYW_N_2015,PYW_N_2015,1,1,1,3,1.5,1,3,16,63,3,16,38,0,0,16,0,0,0,16,.
2015,PYW,N,PYW_N,PYW_N_2015,PYW_N_2015,1,1,2,2,1.5,0.577350269,16,3,3,16,3,16,0,0,63,0,0,0,0,.
2015,PYW,N,PYW_N,PYW_N_2015,PYW_N_2015,2,2,1,1,1.5,0.577350269,16,3,16,16,16,63,0,0,16,0,0,2,0,.
2015,PYW,N,PYW_N,PYW_N_2015,PYW_N_2015,1,2,2,1,1.5,0.577350269,16,3,3,16,16,38,3,0,16,0,0,2,0,.
2015,PYW,N,PYW_N,PYW_N_2015,PYW_N_2015,1,0,1,1,0.75,0.5,3,38,63,3,16,38,0,0,16,0,0,0,3,.
2015,PYW,S,PYW_S,PYW_S_2015,PYW_S_2015,4,4,3,4,3.75,0.5,3,38,3,16,3,38,0,0,3,0,0,0,0,.
2015,PYW,S,PYW_S,PYW_S_2015,PYW_S_2015,2,4,2,4,3,1.154700538,3,38,3,16,3,63,0,0,3,0,0,0,3,.
2015,PYW,S,PYW_S,PYW_S_2015,PYW_S_2015,3,4,2,2,2.75,0.957427108,16,16,3,16,16,16,0,0,3,0,0,0,38,.
2015,PYW,S,PYW_S,PYW_S_2015,PYW_S_2015,3,3,3,2,2.75,0.5,1,38,3,16,3,38,0,0,1,3,0,0,16,.
2015,PYW,S,PYW_S,PYW_S_2015,PYW_S_2015,2,3,4,2,2.75,0.957427108,1,38,0,3,3,63,0,0,3,0,0,0,0,.
2015,PYW,S,PYW_S,PYW_S_2015,PYW_S_2015,2,3,4,2,2.75,0.957427108,16,16,3,16,3,63,0,0,3,0,0,2,16,.
2015,PYW,S,PYW_S,PYW_S_2015,PYW_S_2015,2,4,3,2,2.75,0.957427108,3,16,0,16,16,38,0,0,3,16,0,0,38,.
2015,PYW,S,PYW_S,PYW_S_2015,PYW_S_2015,4,2,2,2,2.5,1,3,16,16,16,3,38,3,0,3,0,0,0,0,.
2015,PYW,S,PYW_S,PYW_S_2015,PYW_S_2015,3,2,3,2,2.5,0.577350269,3,63,16,3,16,38,0,0,3,0,0,0,16,.
2015,PYW,S,PYW_S,PYW_S_2015,PYW_S_2015,2,2,2,3,2.25,0.5,3,38,0,16,3,38,0,0,3,1,0,0,63,.
2015,PYW,S,PYW_S,PYW_S_2015,PYW_S_2015,2,2,3,2,2.25,0.5,3,63,16,3,16,38,0,0,1,0,0,0,38,.
2015,PYW,S,PYW_S,PYW_S_2015,PYW_S_2015,2,2,2,3,2.25,0.5,0,86,0,3,0,16,0,0,3,3,0,0,0,.
2015,PYW,S,PYW_S,PYW_S_2015,PYW_S_2015,2,2,3,2,2.25,0.5,1,63,38,3,16,16,0,0,3,0,0,1,16,.
2015,PYW,S,PYW_S,PYW_S_2015,PYW_S_2015,3,2,2,2,2.25,0.5,3,16,16,3,1,86,3,0,3,0,0,1,0,.
2015,PYW,S,PYW_S,PYW_S_2015,PYW_S_2015,3,2,2,2,2.25,0.5,3,38,16,16,3,63,0,0,3,0,0,0,0,.
2015,PYW,S,PYW_S,PYW_S_2015,PYW_S_2015,2,3,2,2,2.25,0.5,16,16,16,16,16,38,0,0,3,0,0,1,3,.
2015,PYW,S,PYW_S,PYW_S_2015,PYW_S_2015,2,3,2,2,2.25,0.5,16,38,3,16,3,63,0,0,1,0,0,0,16,.
2015,PYW,S,PYW_S,PYW_S_2015,PYW_S_2015,2,2,2,2,2,0,1,38,16,3,16,38,0,0,1,1,0,0,3,.
2015,PYW,S,PYW_S,PYW_S_2015,PYW_S_2015,2,2,2,2,2,0,3,38,0,3,3,63,0,0,3,0,0,0,0,.
2015,PYW,S,PYW_S,PYW_S_2015,PYW_S_2015,2,2,2,2,2,0,3,16,3,3,1,86,0,0,3,3,0,1,0,.
2015,PYW,S,PYW_S,PYW_S_2015,PYW_S_2015,3,3,1,1,2,1.154700538,3,16,3,16,16,63,16,0,3,0,0,0,16,.
2015,PYW,S,PYW_S,PYW_S_2015,PYW_S_2015,2,2,2,2,2,0,3,38,16,16,16,0,0,0,16,1,0,2,3,.
2015,PYW,S,PYW_S,PYW_S_2015,PYW_S_2015,1,2,1,4,2,1.414213562,3,38,38,16,16,63,0,0,3,0,0,2,16,.
2015,PYW,S,PYW_S,PYW_S_2015,PYW_S_2015,1,2,2,2,1.75,0.5,3,38,0,3,16,16,0,0,16,0,0,2,63,.
2015,PYW,S,PYW_S,PYW_S_2015,PYW_S_2015,2,2,1,2,1.75,0.5,0,86,0,3,0,3,0,0,1,86,1,0,0,.
2015,PYW,S,PYW_S,PYW_S_2015,PYW_S_2015,1,2,2,2,1.75,0.5,3,38,16,16,16,16,0,0,3,0,0,2,38,.
2015,PYW,S,PYW_S,PYW_S_2015,PYW_S_2015,1,1,1,2,1.25,0.5,3,38,3,16,16,16,0,0,16,0,0,2,16,.
2015,PYW,S,PYW_S,PYW_S_2015,PYW_S_2015,1,2,1,1,1.25,0.5,3,16,3,16,3,63,0,0,16,0,0,0,0,.
2015,PYW,S,PYW_S,PYW_S_2015,PYW_S_2015,1,1,1,2,1.25,0.5,3,38,16,3,16,16,0,0,3,0,0,2,38,.
2015,PYW,S,PYW_S,PYW_S_2015,PYW_S_2015,1,1,1,1,1,0,3,38,16,3,3,38,0,0,16,0,0,2,0,.
2015,RC2,C,RC2_C,RC2_C_2015,RC2_C_2015,20,20,19,20,19.75,0.5,0,0,0,3,86,0,0,0,63,38,2,0,63,.
2015,RC2,C,RC2_C,RC2_C_2015,RC2_C_2015,20,8,9,20,14.25,6.652067348,0,38,3,63,3,0,0,0,38,63,1,0,3,.
2015,RC2,C,RC2_C,RC2_C_2015,RC2_C_2015,11,8,10,12,10.25,1.707825128,0,16,16,63,16,0,0,0,63,38,0,0,16,.
2015,RC2,C,RC2_C,RC2_C_2015,RC2_C_2015,13,8,9,10,10,2.160246899,0,3,98,3,86,3,0,0,38,86,5,0,63,.
2015,RC2,C,RC2_C,RC2_C_2015,RC2_C_2015,9,17,3,11,10,5.773502692,16,16,38,38,63,3,0,0,38,63,1,0,38,.
2015,RC2,C,RC2_C,RC2_C_2015,RC2_C_2015,13,9,9,9,10,2,0,0,16,16,38,86,0,0,63,38,0.5,0,0,.
2015,RC2,C,RC2_C,RC2_C_2015,RC2_C_2015,9,8,11,11,9.75,1.5,3,63,16,38,63,0,0,0,63,16,1,0,63,.
2015,RC2,C,RC2_C,RC2_C_2015,RC2_C_2015,9,8,9,9,8.75,0.5,3,0,86,3,98,1,0,0,86,3,0,0,3,.
2015,RC2,C,RC2_C,RC2_C_2015,RC2_C_2015,12,9,5,7,8.25,2.986078811,0,0,0,86,16,3,0,0,86,16,1,0,16,.
2015,RC2,C,RC2_C,RC2_C_2015,RC2_C_2015,9,8,8,7,8,0.816496581,0,0,0,3,86,16,0,0,63,16,2,0,3,.
2015,RC2,C,RC2_C,RC2_C_2015,RC2_C_2015,9,11,8,4,8,2.943920289,0,1,16,3,86,86,0,0,63,38,1.5,0,0,.
2015,RC2,C,RC2_C,RC2_C_2015,RC2_C_2015,9,5,11,5,7.5,3,0,0,0,38,38,16,0,0,16,63,2.5,0,3,.
2015,RC2,C,RC2_C,RC2_C_2015,RC2_C_2015,6,2,18,3,7.25,7.365459931,0,0,63,86,86,3,0,0,86,3,0,0,16,.
2015,RC2,C,RC2_C,RC2_C_2015,RC2_C_2015,11,6,5,6,7,2.708012802,0,0,16,86,38,3,0,0,63,16,1,0,38,.
2015,RC2,C,RC2_C,RC2_C_2015,RC2_C_2015,7,8,5,7,6.75,1.258305739,0,0,98,1,98,3,0,0,86,3,0,0,16,.
2015,RC2,C,RC2_C,RC2_C_2015,RC2_C_2015,3,7,11,5,6.5,3.415650255,3,0,98,16,86,3,0,0,86,3,0,0,16,.
2015,RC2,C,RC2_C,RC2_C_2015,RC2_C_2015,6,9,7,2,6,2.943920289,0,3,98,3,86,16,0,0,86,3,0,0,16,.
2015,RC2,C,RC2_C,RC2_C_2015,RC2_C_2015,4,5,4,4,4.25,0.5,0,0,63,63,38,63,0,0,63,38,0,0,38,.
2015,RC2,C,RC2_C,RC2_C_2015,RC2_C_2015,3,4,3,5,3.75,0.957427108,0,1,0,3,98,16,0,0,86,16,0.5,0,0,.
2015,RC2,C,RC2_C,RC2_C_2015,RC2_C_2015,3,4,3,5,3.75,0.957427108,0,0,16,3,98,16,0,0,63,38,0,0,1,.
2015,RC2,C,RC2_C,RC2_C_2015,RC2_C_2015,4,5,4,2,3.75,1.258305739,3,0,86,63,63,38,0,0,38,63,1.5,0,16,.
2015,RC2,C,RC2_C,RC2_C_2015,RC2_C_2015,3,3,4,4,3.5,0.577350269,3,16,63,63,16,63,0,0,86,16,0,0,3,.
2015,RC2,C,RC2_C,RC2_C_2015,RC2_C_2015,2,1,6,5,3.5,2.380476143,16,16,0,0,16,86,0,0,86,16,0,0,3,.
2015,RC2,C,RC2_C,RC2_C_2015,RC2_C_2015,2,5,3,3,3.25,1.258305739,0,3,86,38,16,63,0,0,16,86,0.5,0,16,.
2015,RC2,C,RC2_C,RC2_C_2015,RC2_C_2015,4,4,2,3,3.25,0.957427108,16,0,86,63,38,16,0,0,86,16,0,0,3,.
2015,RC2,C,RC2_C,RC2_C_2015,RC2_C_2015,3,3,5,2,3.25,1.258305739,16,0,86,63,3,38,0,0,16,86,0,0,3,.
2015,RC2,C,RC2_C,RC2_C_2015,RC2_C_2015,2,8,2,1,3.25,3.201562119,16,0,86,38,63,3,0,0,16,86,3,0,3,.
2015,RC2,C,RC2_C,RC2_C_2015,RC2_C_2015,3,2,2,4,2.75,0.957427108,0,3,63,16,86,38,0,0,86,3,0,0,16,.
2015,RC2,C,RC2_C,RC2_C_2015,RC2_C_2015,4,2,2,2,2.5,1,0,16,98,16,38,86,0,0,86,16,0,0,3,.
2015,RC2,C,RC2_C,RC2_C_2015,RC2_C_2015,1,2,2,2,1.75,0.5,0,3,38,16,86,38,0,0,86,16,0,2,0,.
2015,RC2,N,RC2_N,RC2_N_2015,RC2_N_2015,8,10,10,8,9,1.154700538,0,3,0,38,63,16,38,0,63,38,0.25,0,16,.
2015,RC2,N,RC2_N,RC2_N_2015,RC2_N_2015,9,7,8,12,9,2.160246899,0,63,16,3,16,38,0,0,86,16,0,0,0,.
2015,RC2,N,RC2_N,RC2_N_2015,RC2_N_2015,5,10,8,8,7.75,2.061552813,3,3,86,16,86,16,0,0,16,86,0,0,3,.
2015,RC2,N,RC2_N,RC2_N_2015,RC2_N_2015,5,10,7,8,7.5,2.081665999,0,3,0,63,38,16,0,0,86,16,0,0,1,.
2015,RC2,N,RC2_N,RC2_N_2015,RC2_N_2015,8,8,8,3,6.75,2.5,0,0,16,63,63,16,0,0,16,86,1,0,0,.
2015,RC2,N,RC2_N,RC2_N_2015,RC2_N_2015,7,8,5,7,6.75,1.258305739,0,0,86,38,38,38,0,0,86,3,0,0,3,.
2015,RC2,N,RC2_N,RC2_N_2015,RC2_N_2015,4,6,7,10,6.75,2.5,0,3,63,38,63,38,0,0,63,38,0,0,3,.
2015,RC2,N,RC2_N,RC2_N_2015,RC2_N_2015,8,7,6,6,6.75,0.957427108,3,3,38,38,38,16,0,0,38,63,0,0,1,.
2015,RC2,N,RC2_N,RC2_N_2015,RC2_N_2015,5,8,5,6,6,1.414213562,0,0,86,38,63,16,0,0,38,63,0,0,3,.
2015,RC2,N,RC2_N,RC2_N_2015,RC2_N_2015,9,7,5,2,5.75,2.986078811,3,0,3,63,63,16,0,0,16,86,0,0,1,.
2015,RC2,N,RC2_N,RC2_N_2015,RC2_N_2015,8,4,6,5,5.75,1.707825128,0,3,16,38,63,38,0,0,16,86,0,0,1,.
2015,RC2,N,RC2_N,RC2_N_2015,RC2_N_2015,8,4,6,5,5.75,1.707825128,0,16,86,38,86,16,0,0,63,38,1.5,0,16,.
2015,RC2,N,RC2_N,RC2_N_2015,RC2_N_2015,4,8,7,4,5.75,2.061552813,3,16,3,63,38,38,0,0,38,38,1,0,3,.
2015,RC2,N,RC2_N,RC2_N_2015,RC2_N_2015,5,5,7,5,5.5,1,38,0,38,16,63,16,0,0,16,86,2,0,1,.
2015,RC2,N,RC2_N,RC2_N_2015,RC2_N_2015,7,6,5,3,5.25,1.707825128,0,3,63,86,38,16,0,0,63,38,0,0,3,.
2015,RC2,N,RC2_N,RC2_N_2015,RC2_N_2015,6,6,5,4,5.25,0.957427108,3,0,86,38,16,38,0,0,38,63,0.5,2,1,.
2015,RC2,N,RC2_N,RC2_N_2015,RC2_N_2015,5,4,5,5,4.75,0.5,38,0,63,3,38,16,0,0,16,86,0,2,1,.
2015,RC2,N,RC2_N,RC2_N_2015,RC2_N_2015,3,6,4,6,4.75,1.5,1,1,3,63,63,16,0,0,38,86,0.5,0,0,.
2015,RC2,N,RC2_N,RC2_N_2015,RC2_N_2015,3,6,3,6,4.5,1.732050808,3,0,86,63,63,16,0,0,63,38,0.5,0,3,.
2015,RC2,N,RC2_N,RC2_N_2015,RC2_N_2015,3,4,7,4,4.5,1.732050808,86,0,0,0,38,3,0,0,86,16,0,0,0,.
2015,RC2,N,RC2_N,RC2_N_2015,RC2_N_2015,6,1,5,5,4.25,2.217355783,1,0,16,3,63,3,0,0,38,63,1.5,0,0,.
2015,RC2,N,RC2_N,RC2_N_2015,RC2_N_2015,2,3,4,8,4.25,2.62995564,0,3,63,16,63,16,0,0,16,86,2,0,3,.
2015,RC2,N,RC2_N,RC2_N_2015,RC2_N_2015,3,3,4,6,4,1.414213562,63,3,0,3,38,16,0,0,16,86,0,0,3,.
2015,RC2,N,RC2_N,RC2_N_2015,RC2_N_2015,5,4,3,4,4,0.816496581,1,0,86,38,38,38,0,0,63,38,0.5,1,3,.
2015,RC2,N,RC2_N,RC2_N_2015,RC2_N_2015,6,2,3,4,3.75,1.707825128,16,0,0,0,38,16,0,0,38,63,0,0,1,.
2015,RC2,N,RC2_N,RC2_N_2015,RC2_N_2015,3,6,4,2,3.75,1.707825128,0,1,16,16,86,16,0,0,38,38,0.25,0,16,.
2015,RC2,N,RC2_N,RC2_N_2015,RC2_N_2015,3,5,2,4,3.5,1.290994449,3,0,38,38,63,16,0,0,16,86,2,1,3,.
2015,RC2,N,RC2_N,RC2_N_2015,RC2_N_2015,6,2,2,4,3.5,1.914854216,0,0,63,38,63,16,0,0,16,86,3,0,1,.
2015,RC2,N,RC2_N,RC2_N_2015,RC2_N_2015,4,5,3,2,3.5,1.290994449,38,0,63,3,16,16,0,0,16,86,1,0,3,.
2015,RC2,N,RC2_N,RC2_N_2015,RC2_N_2015,3,5,3,2,3.25,1.258305739,16,0,16,38,38,16,0,0,38,63,0.5,0,3,.
2015,RC2,S,RC2_S,RC2_S_2015,RC2_S_2015,20,20,20,20,20,0,0,0,0,16,63,0,98,0,86,16,0,0,0,.
2015,RC2,S,RC2_S,RC2_S_2015,RC2_S_2015,18,18,20,20,19,1.154700538,0,0,98,3,86,0,3,0,86,16,1,0,63,.
2015,RC2,S,RC2_S,RC2_S_2015,RC2_S_2015,16,15,16,17,16,0.816496581,0,0,86,16,86,0,0,0,63,38,2,0,86,.
2015,RC2,S,RC2_S,RC2_S_2015,RC2_S_2015,19,20,13,7,14.75,6.020797289,0,0,0,86,3,0,0,0,16,86,5,0,0,.
2015,RC2,S,RC2_S,RC2_S_2015,RC2_S_2015,15,12,15,11,13.25,2.061552813,0,3,0,38,16,63,0,0,63,38,8,0,3,.
2015,RC2,S,RC2_S,RC2_S_2015,RC2_S_2015,11,13,14,13,12.75,1.258305739,0,0,38,38,86,86,0,0,86,3,1,0,63,.
2015,RC2,S,RC2_S,RC2_S_2015,RC2_S_2015,13,12,11,14,12.5,1.290994449,0,16,3,63,3,38,0,0,86,16,0,0,0,.
2015,RC2,S,RC2_S,RC2_S_2015,RC2_S_2015,18,11,5,14,12,5.477225575,0,63,98,16,86,0,0,0,86,16,0,0,86,.
2015,RC2,S,RC2_S,RC2_S_2015,RC2_S_2015,12,15,9,12,12,2.449489743,0,0,98,16,63,38,0,0,38,63,0.5,0,63,.
2015,RC2,S,RC2_S,RC2_S_2015,RC2_S_2015,12,11,12,10,11.25,0.957427108,0,63,0,63,0,1,0,0,86,16,1,0,0,.
2015,RC2,S,RC2_S,RC2_S_2015,RC2_S_2015,9,13,11,11,11,1.632993162,0,16,3,63,63,63,0,0,86,16,0,0,1,.
2015,RC2,S,RC2_S,RC2_S_2015,RC2_S_2015,9,12,11,12,11,1.414213562,0,16,0,38,3,86,0,0,63,16,0,0,1,.
2015,RC2,S,RC2_S,RC2_S_2015,RC2_S_2015,9,11,12,11,10.75,1.258305739,3,16,3,86,63,38,0,0,86,16,0,0,38,.
2015,RC2,S,RC2_S,RC2_S_2015,RC2_S_2015,12,12,9,10,10.75,1.5,0,38,0,86,3,3,0,0,86,16,0,0,0,.
2015,RC2,S,RC2_S,RC2_S_2015,RC2_S_2015,13,11,11,7,10.5,2.516611478,0,0,38,38,63,38,0,0,16,86,2,0,38,.
2015,RC2,S,RC2_S,RC2_S_2015,RC2_S_2015,9,10,11,11,10.25,0.957427108,0,16,0,38,63,63,0,0,86,16,0,0,16,.
2015,RC2,S,RC2_S,RC2_S_2015,RC2_S_2015,9,10,8,10,9.25,0.957427108,0,38,63,38,38,38,0,0,86,3,0,0,0,.
2015,RC2,S,RC2_S,RC2_S_2015,RC2_S_2015,10,8,9,10,9.25,0.957427108,0,38,3,63,0,16,0,0,86,3,0,0,0,.
2015,RC2,S,RC2_S,RC2_S_2015,RC2_S_2015,5,10,10,11,9,2.708012802,3,3,0,86,16,63,0,0,86,16,0,0,1,.
2015,RC2,S,RC2_S,RC2_S_2015,RC2_S_2015,9,9,7,10,8.75,1.258305739,0,16,0,16,86,63,0,0,63,16,0,2,63,.
2015,RC2,S,RC2_S,RC2_S_2015,RC2_S_2015,5,11,9,10,8.75,2.62995564,0,38,0,63,3,63,0,0,63,38,0.5,0,0,.
2015,RC2,S,RC2_S,RC2_S_2015,RC2_S_2015,14,6,7,8,8.75,3.593976442,0,38,0,86,38,16,16,0,16,86,1.5,0,16,.
2015,RC2,S,RC2_S,RC2_S_2015,RC2_S_2015,8,9,9,7,8.25,0.957427108,0,16,3,63,16,63,0,0,86,16,0,0,0,.
2015,RC2,S,RC2_S,RC2_S_2015,RC2_S_2015,12,9,7,5,8.25,2.986078811,0,38,3,38,38,63,0,0,63,16,0,0,3,.
2015,RC2,S,RC2_S,RC2_S_2015,RC2_S_2015,8,9,9,7,8.25,0.957427108,0,86,0,16,16,16,0,0,86,16,1.5,0,0,.
2015,RC2,S,RC2_S,RC2_S_2015,RC2_S_2015,7,7,11,7,8,2,0,0,16,63,38,38,0,0,38,38,2,2,3,.
2015,RC2,S,RC2_S,RC2_S_2015,RC2_S_2015,7,8,7,9,7.75,0.957427108,0,38,0,63,3,63,0,0,86,16,0,0,0,.
2015,RC2,S,RC2_S,RC2_S_2015,RC2_S_2015,5,10,9,5,7.25,2.62995564,3,38,63,0,86,38,0,0,86,16,0.5,0,0,.
2015,RC2,S,RC2_S,RC2_S_2015,RC2_S_2015,7,6,5,7,6.25,0.957427108,0,38,0,63,38,16,0,0,86,16,7,0,1,.
2015,RC2,S,RC2_S,RC2_S_2015,RC2_S_2015,0,0,0,0,0,0,0,0,0,0,0,0,0,0,0,0,0,0,16,.
2015,RCH2014,C,RCH2014_C,RCH2014_C_2015,RCH2014_C_2015,7,8,20,20,13.75,7.228416147,0,86,0,16,38,38,63,0,38,63,2,0,16,.
2015,RCH2014,C,RCH2014_C,RCH2014_C_2015,RCH2014_C_2015,7,8,10,20,11.25,5.965176723,0,38,0,38,63,16,0,0,38,38,3.5,0,0,.
2015,RCH2014,C,RCH2014_C,RCH2014_C_2015,RCH2014_C_2015,8,4,8,6,6.5,1.914854216,0,16,0,63,38,38,38,0,63,38,1,0,3,.
2015,RCH2014,C,RCH2014_C,RCH2014_C_2015,RCH2014_C_2015,11,5,3,5,6,3.464101615,0,86,0,38,16,1,0,0,16,86,22,0,16,.
2015,RCH2014,C,RCH2014_C,RCH2014_C_2015,RCH2014_C_2015,4,5,7,0,4,2.943920289,0,38,3,63,3,0,38,0,16,86,5,0,3,.
2015,RCH2014,C,RCH2014_C,RCH2014_C_2015,RCH2014_C_2015,4,4,3,3,3.5,0.577350269,0,0,0,86,1,0,38,0,16,86,6,0,0,.
2015,RCH2014,C,RCH2014_C,RCH2014_C_2015,RCH2014_C_2015,3,4,2,5,3.5,1.290994449,0,16,0,63,16,3,38,0,16,86,4,0,0,.
2015,RCH2014,C,RCH2014_C,RCH2014_C_2015,RCH2014_C_2015,3,4,3,3,3.25,0.5,0,63,16,38,63,3,3,0,38,63,0,0,16,.
2015,RCH2014,C,RCH2014_C,RCH2014_C_2015,RCH2014_C_2015,4,2,3,4,3.25,0.957427108,0,16,3,63,16,3,3,0,16,86,1,0,0,.
2015,RCH2014,C,RCH2014_C,RCH2014_C_2015,RCH2014_C_2015,3,3,3,3,3,0,0,63,3,38,16,3,0,0,63,38,0,1,3,.
2015,RCH2014,C,RCH2014_C,RCH2014_C_2015,RCH2014_C_2015,4,2,2,4,3,1.154700538,0,16,0,63,38,63,3,0,38,63,4,0,16,.
2015,RCH2014,C,RCH2014_C,RCH2014_C_2015,RCH2014_C_2015,4,3,1,4,3,1.414213562,16,63,0,3,16,38,0,0,86,16,0,0,16,.
2015,RCH2014,C,RCH2014_C,RCH2014_C_2015,RCH2014_C_2015,3,3,2,4,3,0.816496581,3,16,0,63,63,3,0,0,86,16,0,0,3,.
2015,RCH2014,C,RCH2014_C,RCH2014_C_2015,RCH2014_C_2015,3,3,2,3,2.75,0.5,3,63,3,38,38,3,1,0,63,38,0,0,16,.
2015,RCH2014,C,RCH2014_C,RCH2014_C_2015,RCH2014_C_2015,2,3,3,3,2.75,0.5,0,16,16,63,38,16,16,0,3,86,3.5,2,16,.
2015,RCH2014,C,RCH2014_C,RCH2014_C_2015,RCH2014_C_2015,3,3,3,2,2.75,0.5,0,38,16,63,16,3,3,0,86,16,0,0,1,.
2015,RCH2014,C,RCH2014_C,RCH2014_C_2015,RCH2014_C_2015,2,3,3,3,2.75,0.5,0,63,0,38,16,0,0,0,38,38,8,0,1,.
2015,RCH2014,C,RCH2014_C,RCH2014_C_2015,RCH2014_C_2015,2,3,3,2,2.5,0.577350269,16,63,0,38,38,38,0,0,86,16,1,0,16,.
2015,RCH2014,C,RCH2014_C,RCH2014_C_2015,RCH2014_C_2015,3,2,2,3,2.5,0.577350269,0,3,0,86,16,16,0,0,63,38,1,1,3,.
2015,RCH2014,C,RCH2014_C,RCH2014_C_2015,RCH2014_C_2015,2,2,3,3,2.5,0.577350269,16,63,3,38,16,38,0,0,63,38,0,1,16,.
2015,RCH2014,C,RCH2014_C,RCH2014_C_2015,RCH2014_C_2015,3,2,3,2,2.5,0.577350269,3,63,38,38,16,38,0,0,86,16,0,2,3,.
2015,RCH2014,C,RCH2014_C,RCH2014_C_2015,RCH2014_C_2015,2,2,3,2,2.25,0.5,3,63,0,16,16,16,0,0,86,38,2,1,3,.
2015,RCH2014,C,RCH2014_C,RCH2014_C_2015,RCH2014_C_2015,2,3,2,2,2.25,0.5,1,16,3,63,38,16,3,0,63,38,1,0,3,.
2015,RCH2014,C,RCH2014_C,RCH2014_C_2015,RCH2014_C_2015,2,2,3,2,2.25,0.5,0,3,0,63,16,16,0,0,63,38,4.5,1,3,.
2015,RCH2014,C,RCH2014_C,RCH2014_C_2015,RCH2014_C_2015,3,2,2,2,2.25,0.5,0,86,0,3,16,0,0,0,63,38,0,0,16,.
2015,RCH2014,C,RCH2014_C,RCH2014_C_2015,RCH2014_C_2015,2,2,2,2,2,0,0,3,0,86,63,3,1,0,63,38,0,2,3,.
2015,RCH2014,C,RCH2014_C,RCH2014_C_2015,RCH2014_C_2015,2,2,2,2,2,0,0,63,0,38,63,3,0,0,86,16,0,2,3,.
2015,RCH2014,C,RCH2014_C,RCH2014_C_2015,RCH2014_C_2015,2,2,2,2,2,0,0,38,0,38,16,38,0,0,63,38,1,0,0,.
2015,RCH2014,C,RCH2014_C,RCH2014_C_2015,RCH2014_C_2015,2,1,1,2,1.5,0.577350269,0,16,16,63,16,16,1,0,63,38,0,0,1,.
2015,RCH2014,C,RCH2014_C,RCH2014_C_2015,RCH2014_C_2015,0,0,0,0,0,0,16,16,3,38,0,86,0,0,86,16,0.5,0,0,.
2015,RCH2014,E,RCH2014_E,RCH2014_E_2015,RCH2014_E_2015,6,8,18,5,9.25,5.965176723,0,86,0,38,38,0,0,0,16,86,3,0,16,.
2015,RCH2014,E,RCH2014_E,RCH2014_E_2015,RCH2014_E_2015,8,4,7,5,6,1.825741858,0,86,0,38,63,0,0,0,3,86,3,0,38,.
2015,RCH2014,E,RCH2014_E,RCH2014_E_2015,RCH2014_E_2015,4,5,5,10,6,2.708012802,16,86,0,16,16,0,0,0,16,86,11,0,16,.
2015,RCH2014,E,RCH2014_E,RCH2014_E_2015,RCH2014_E_2015,6,8,5,4,5.75,1.707825128,0,86,0,38,16,0,0,0,38,63,3,1,16,.
2015,RCH2014,E,RCH2014_E,RCH2014_E_2015,RCH2014_E_2015,6,6,5,6,5.75,0.5,0,16,0,86,1,0,38,0,16,86,14,0,0,.
2015,RCH2014,E,RCH2014_E,RCH2014_E_2015,RCH2014_E_2015,5,6,6,4,5.25,0.957427108,0,63,16,16,63,3,0,0,16,86,3,0,38,.
2015,RCH2014,E,RCH2014_E,RCH2014_E_2015,RCH2014_E_2015,6,5,5,5,5.25,0.5,0,38,16,63,16,0,0,0,38,38,5,0,1,.
2015,RCH2014,E,RCH2014_E,RCH2014_E_2015,RCH2014_E_2015,4,6,6,4,5,1.154700538,0,86,0,38,16,0,0,0,16,86,6,0,16,.
2015,RCH2014,E,RCH2014_E,RCH2014_E_2015,RCH2014_E_2015,5,5,6,4,5,0.816496581,0,86,16,16,38,0,0,0,16,86,3,0,38,.
2015,RCH2014,E,RCH2014_E,RCH2014_E_2015,RCH2014_E_2015,5,4,5,5,4.75,0.5,16,86,98,86,38,0,0,0,16,86,6,0,3,.
2015,RCH2014,E,RCH2014_E,RCH2014_E_2015,RCH2014_E_2015,6,5,3,5,4.75,1.258305739,0,86,0,16,63,0,0,0,3,86,7,2,86,.
2015,RCH2014,E,RCH2014_E,RCH2014_E_2015,RCH2014_E_2015,5,6,4,3,4.5,1.290994449,0,16,0,86,16,0,3,0,38,63,4,0,3,.
2015,RCH2014,E,RCH2014_E,RCH2014_E_2015,RCH2014_E_2015,6,3,5,4,4.5,1.290994449,0,86,0,38,16,0,0,0,38,63,7.5,0,3,.
2015,RCH2014,E,RCH2014_E,RCH2014_E_2015,RCH2014_E_2015,3,8,1,5,4.25,2.986078811,16,63,3,16,38,16,3,0,16,86,3,0,38,.
2015,RCH2014,E,RCH2014_E,RCH2014_E_2015,RCH2014_E_2015,4,5,3,5,4.25,0.957427108,0,86,0,38,38,0,0,0,16,86,5,0,38,.
2015,RCH2014,E,RCH2014_E,RCH2014_E_2015,RCH2014_E_2015,5,5,4,3,4.25,0.957427108,0,63,3,38,16,16,0,0,16,86,4.5,0,16,.
2015,RCH2014,E,RCH2014_E,RCH2014_E_2015,RCH2014_E_2015,4,3,5,4,4,0.816496581,0,86,0,38,3,0,0,0,16,86,4,0,1,.
2015,RCH2014,E,RCH2014_E,RCH2014_E_2015,RCH2014_E_2015,3,4,4,5,4,0.816496581,0,63,0,63,1,1,3,0,16,86,3,0,0,.
2015,RCH2014,E,RCH2014_E,RCH2014_E_2015,RCH2014_E_2015,6,3,3,4,4,1.414213562,0,63,0,63,16,0,0,0,3,86,9.5,0,16,.
2015,RCH2014,E,RCH2014_E,RCH2014_E_2015,RCH2014_E_2015,4,4,2,5,3.75,1.258305739,0,86,0,16,1,0,38,0,16,86,5,0,1,.
2015,RCH2014,E,RCH2014_E,RCH2014_E_2015,RCH2014_E_2015,2,5,5,3,3.75,1.5,0,38,0,86,3,0,0,0,16,86,3.5,0,3,.
2015,RCH2014,E,RCH2014_E,RCH2014_E_2015,RCH2014_E_2015,5,4,3,3,3.75,0.957427108,0,63,0,63,3,0,0,0,38,63,1,0,0,.
2015,RCH2014,E,RCH2014_E,RCH2014_E_2015,RCH2014_E_2015,4,4,4,3,3.75,0.5,3,38,3,63,3,0,0,0,38,63,0.5,0,3,.
2015,RCH2014,E,RCH2014_E,RCH2014_E_2015,RCH2014_E_2015,6,3,2,3,3.5,1.732050808,0,38,0,86,3,0,0,0,16,86,3,0,0,.
2015,RCH2014,E,RCH2014_E,RCH2014_E_2015,RCH2014_E_2015,3,2,5,4,3.5,1.290994449,0,38,0,86,3,0,0,0,16,86,3,0,0,.
2015,RCH2014,E,RCH2014_E,RCH2014_E_2015,RCH2014_E_2015,3,4,3,4,3.5,0.577350269,0,38,0,86,16,0,1,0,16,86,2,0,16,.
2015,RCH2014,E,RCH2014_E,RCH2014_E_2015,RCH2014_E_2015,4,3,3,3,3.25,0.5,0,86,0,38,3,0,0,0,3,86,4,0,3,.
2015,RCH2014,E,RCH2014_E,RCH2014_E_2015,RCH2014_E_2015,2,3,3,3,2.75,0.5,0,63,0,86,3,0,0,0,16,86,4,0,3,.
2015,RCH2014,E,RCH2014_E,RCH2014_E_2015,RCH2014_E_2015,2,2,4,2,2.5,1,0,86,0,38,0,0,0,0,16,86,2,0,0,.
2015,RCH2014,E,RCH2014_E,RCH2014_E_2015,RCH2014_E_2015,1,2,5,2,2.5,1.732050808,0,0,0,86,3,0,0,0,16,86,2,0,3,.
2015,RCH2014,W,RCH2014_W,RCH2014_W_2015,RCH2014_W_2015,8,11,10,9,9.5,1.290994449,0,16,38,16,63,0,16,0,16,63,1.5,0,63,.
2015,RCH2014,W,RCH2014_W,RCH2014_W_2015,RCH2014_W_2015,10,10,7,7,8.5,1.732050808,0,16,86,3,86,3,0,0,86,38,0.5,0,86,.
2015,RCH2014,W,RCH2014_W,RCH2014_W_2015,RCH2014_W_2015,6,9,9,8,8,1.414213562,0,38,0,16,86,0,16,0,63,63,7,0,63,.
2015,RCH2014,W,RCH2014_W,RCH2014_W_2015,RCH2014_W_2015,7,7,8,8,7.5,0.577350269,3,3,98,16,86,3,0,0,86,3,0.5,0,16,.
2015,RCH2014,W,RCH2014_W,RCH2014_W_2015,RCH2014_W_2015,8,12,4,6,7.5,3.415650255,0,3,86,16,63,16,0,0,63,38,0,0,16,.
2015,RCH2014,W,RCH2014_W,RCH2014_W_2015,RCH2014_W_2015,6,3,8,7,6,2.160246899,0,16,86,38,63,3,0,0,86,38,3,0,16,.
2015,RCH2014,W,RCH2014_W,RCH2014_W_2015,RCH2014_W_2015,4,3,2,14,5.75,5.560275773,0,3,63,16,38,3,0,0,63,38,1,0,16,.
2015,RCH2014,W,RCH2014_W,RCH2014_W_2015,RCH2014_W_2015,8,5,6,1,5,2.943920289,0,3,38,16,16,63,0,0,86,16,0,0,3,.
2015,RCH2014,W,RCH2014_W,RCH2014_W_2015,RCH2014_W_2015,2,4,8,4,4.5,2.516611478,3,3,63,16,63,3,0,0,86,38,1,0,16,.
2015,RCH2014,W,RCH2014_W,RCH2014_W_2015,RCH2014_W_2015,3,8,4,3,4.5,2.380476143,16,3,38,16,63,16,0,0,63,38,0.5,0,16,.
2015,RCH2014,W,RCH2014_W,RCH2014_W_2015,RCH2014_W_2015,5,3,4,6,4.5,1.290994449,3,16,63,16,16,38,0,0,63,38,0,0,16,.
2015,RCH2014,W,RCH2014_W,RCH2014_W_2015,RCH2014_W_2015,6,2,3,6,4.25,2.061552813,3,16,63,16,38,16,0,0,86,38,1,0,16,.
2015,RCH2014,W,RCH2014_W,RCH2014_W_2015,RCH2014_W_2015,5,3,6,3,4.25,1.5,3,16,98,3,63,16,3,0,63,38,1,0,16,.
2015,RCH2014,W,RCH2014_W,RCH2014_W_2015,RCH2014_W_2015,3,5,4,4,4,0.816496581,3,38,16,16,38,16,3,0,16,86,1,0,0,.
2015,RCH2014,W,RCH2014_W,RCH2014_W_2015,RCH2014_W_2015,3,4,5,3,3.75,0.957427108,0,3,63,16,63,3,16,0,38,63,0,0,3,.
2015,RCH2014,W,RCH2014_W,RCH2014_W_2015,RCH2014_W_2015,3,3,4,3,3.25,0.5,0,63,0,3,16,38,0,0,86,38,0,0,0,.
2015,RCH2014,W,RCH2014_W,RCH2014_W_2015,RCH2014_W_2015,1,1,5,6,3.25,2.62995564,0,0,98,3,38,63,0,0,86,3,0,0,0,.
2015,RCH2014,W,RCH2014_W,RCH2014_W_2015,RCH2014_W_2015,2,3,4,3,3,0.816496581,0,16,16,38,16,16,16,0,86,3,0,0,1,.
2015,RCH2014,W,RCH2014_W,RCH2014_W_2015,RCH2014_W_2015,3,3,2,4,3,0.816496581,0,16,86,16,38,3,0,0,16,3,1,0,3,.
2015,RCH2014,W,RCH2014_W,RCH2014_W_2015,RCH2014_W_2015,1,2,5,1,2.25,1.892969449,38,16,16,16,16,3,0,0,38,38,0.5,0,3,.
2015,RCH2014,W,RCH2014_W,RCH2014_W_2015,RCH2014_W_2015,3,2,1,1,1.75,0.957427108,16,16,86,16,38,38,0,0,86,16,0.5,0,16,.
2015,RCH2014,W,RCH2014_W,RCH2014_W_2015,RCH2014_W_2015,4,1,1,1,1.75,1.5,3,0,63,3,38,16,0,0,86,16,0.5,0,3,.
2015,RCH2014,W,RCH2014_W,RCH2014_W_2015,RCH2014_W_2015,1,2,1,2,1.5,0.577350269,16,0,16,3,16,16,0,0,86,16,0,0,3,.
2015,RCH2014,W,RCH2014_W,RCH2014_W_2015,RCH2014_W_2015,1,2,0,2,1.25,0.957427108,3,16,3,3,38,16,0,0,38,63,0.5,0,3,.
2015,RCH2014,W,RCH2014_W,RCH2014_W_2015,RCH2014_W_2015,2,1,1,1,1.25,0.5,3,3,86,38,38,16,0,0,38,63,3,2,16,.
2015,RCH2014,W,RCH2014_W,RCH2014_W_2015,RCH2014_W_2015,2,2,0,1,1.25,0.957427108,3,0,86,16,16,86,0,0,98,38,0,0,1,.
2015,RCH2014,W,RCH2014_W,RCH2014_W_2015,RCH2014_W_2015,1,0,1,2,1,0.816496581,0,16,86,38,16,16,0,0,86,3,0,0,3,.
2015,RCH2014,W,RCH2014_W,RCH2014_W_2015,RCH2014_W_2015,1,2,0,1,1,0.816496581,86,0,38,3,1,16,0,0,63,16,1,0,0,.
2015,RCH2014,W,RCH2014_W,RCH2014_W_2015,RCH2014_W_2015,1,1,1,1,1,0,3,0,38,3,16,63,0,0,86,16,0,0,0,.
2015,RCH2014,W,RCH2014_W,RCH2014_W_2015,RCH2014_W_2015,0,0,0,0,0,0,86,0,0,3,1,16,0,0,86,3,0,2,0,.
2015,RIE,E,RIE_E,RIE_E_2015,RIE_E_2015,8,8,16,17,12.25,4.924428901,0,0,0,38,16,38,0,0,16,86,6.75,0,0,
2015,RIE,E,RIE_E,RIE_E_2015,RIE_E_2015,12,13,12,12,12.25,0.5,0,0,0,3,16,63,0,0,38,63,4.75,0,0,
2015,RIE,E,RIE_E,RIE_E_2015,RIE_E_2015,12,16,11,9,12,2.943920289,16,0,0,16,38,16,0,0,16,86,1.5,0,0,
2015,RIE,E,RIE_E,RIE_E_2015,RIE_E_2015,10,7,20,7,11,6.164414003,0,3,0,63,86,16,0,0,16,86,0,0,0,
2015,RIE,E,RIE_E,RIE_E_2015,RIE_E_2015,3,19,11,10,10.75,6.551081336,16,0,0,16,63,38,0,0,63,38,0.5,0,0,
2015,RIE,E,RIE_E,RIE_E_2015,RIE_E_2015,8,12,9,13,10.5,2.380476143,0,3,0,16,86,0,0,0,63,38,5.5,0,0,
2015,RIE,E,RIE_E,RIE_E_2015,RIE_E_2015,11,8,9,12,10,1.825741858,0,0,0,3,38,63,0,0,63,38,0,0,0,
2015,RIE,E,RIE_E,RIE_E_2015,RIE_E_2015,8,5,7,16,9,4.830458915,0,0,0,86,38,16,0,0,3,98,4.25,0,0,
2015,RIE,E,RIE_E,RIE_E_2015,RIE_E_2015,7,6,3,18,8.5,6.557438524,16,0,0,16,38,63,0,0,38,63,0,0,0,
2015,RIE,E,RIE_E,RIE_E_2015,RIE_E_2015,10,8,7,7,8,1.414213562,0,16,0,3,38,86,0,0,38,63,1.75,0,0,
2015,RIE,E,RIE_E,RIE_E_2015,RIE_E_2015,9,7,8,7,7.75,0.957427108,0,0,0,0,1,98,0,0,63,38,0,0,0,
2015,RIE,E,RIE_E,RIE_E_2015,RIE_E_2015,13,4,4,10,7.75,4.5,0,3,0,1,38,0,0,0,3,98,0.5,0,0,
2015,RIE,E,RIE_E,RIE_E_2015,RIE_E_2015,7,8,6,8,7.25,0.957427108,0,0,0,16,38,86,0,0,38,38,2.25,0,0,
2015,RIE,E,RIE_E,RIE_E_2015,RIE_E_2015,5,9,8,5,6.75,2.061552813,0,86,0,16,16,0,16,0,3,98,2.75,0,0,
2015,RIE,E,RIE_E,RIE_E_2015,RIE_E_2015,7,6,6,7,6.5,0.577350269,0,0,0,0,0,63,0,0,38,63,0,0,0,
2015,RIE,E,RIE_E,RIE_E_2015,RIE_E_2015,5,3,11,6,6.25,3.403429643,0,0,0,3,38,86,0,0,38,63,15,0,0,
2015,RIE,E,RIE_E,RIE_E_2015,RIE_E_2015,5,7,7,6,6.25,0.957427108,0,0,0,86,16,16,0,0,63,38,0,0,0,
2015,RIE,E,RIE_E,RIE_E_2015,RIE_E_2015,6,6,5,7,6,0.816496581,0,0,0,0,0,86,0,0,63,38,0.5,0,0,
2015,RIE,E,RIE_E,RIE_E_2015,RIE_E_2015,7,6,6,5,6,0.816496581,0,38,0,16,38,63,0,0,16,86,2,0,0,
2015,RIE,E,RIE_E,RIE_E_2015,RIE_E_2015,10,3,5,6,6,2.943920289,0,86,0,38,16,16,0,0,16,86,12.5,0,0,
2015,RIE,E,RIE_E,RIE_E_2015,RIE_E_2015,5,6,6,5,5.5,0.577350269,38,3,0,3,16,63,0,0,3,98,1.75,0,0,
2015,RIE,E,RIE_E,RIE_E_2015,RIE_E_2015,5,8,5,4,5.5,1.732050808,0,0,0,86,38,16,0,0,16,86,1.75,0,0,
2015,RIE,E,RIE_E,RIE_E_2015,RIE_E_2015,6,3,6,6,5.25,1.5,0,0,0,3,86,16,0,0,3,98,1.75,0,0,
2015,RIE,E,RIE_E,RIE_E_2015,RIE_E_2015,5,5,5,6,5.25,0.5,16,16,0,38,38,63,0,0,16,86,5,0,0,
2015,RIE,E,RIE_E,RIE_E_2015,RIE_E_2015,5,5,6,5,5.25,0.5,38,16,0,3,16,38,0,0,3,98,2,0,0,
2015,RIE,E,RIE_E,RIE_E_2015,RIE_E_2015,5,5,5,6,5.25,0.5,16,0,0,86,38,0,0,0,3,98,4.75,0,0,
2015,RIE,E,RIE_E,RIE_E_2015,RIE_E_2015,5,3,5,7,5,1.632993162,38,0,0,38,38,0,0,0,3,98,3,0,0,
2015,RIE,E,RIE_E,RIE_E_2015,RIE_E_2015,5,4,4,4,4.25,0.5,0,63,0,16,16,16,0,0,3,98,10.75,0,0,
2015,RIE,E,RIE_E,RIE_E_2015,RIE_E_2015,5,4,3,5,4.25,0.957427108,3,0,0,63,63,3,0,0,3,98,10,0,0,
2015,RIE,E,RIE_E,RIE_E_2015,RIE_E_2015,3,5,3,5,4,1.154700538,3,0,0,63,16,38,0,0,3,98,6.75,0,0,
2015,RIE,N,RIE_N,RIE_N_2015,RIE_N_2015,19,20,20,20,19.75,0.5,0,16,0,3,86,38,0,0,38,63,1,0,0,
2015,RIE,N,RIE_N,RIE_N_2015,RIE_N_2015,20,20,20,18,19.5,1,0,0,0,16,86,1,38,0,63,38,0,0,0,
2015,RIE,N,RIE_N,RIE_N_2015,RIE_N_2015,20,20,20,14,18.5,3,0,3,0,38,86,0,0,0,16,86,0,0,0,
2015,RIE,N,RIE_N,RIE_N_2015,RIE_N_2015,9,20,15,20,16,5.228129047,0,3,0,3,38,86,0,0,0,98,0.25,0,0,
2015,RIE,N,RIE_N,RIE_N_2015,RIE_N_2015,16,14,12,20,15.5,3.415650255,0,0,0,63,38,0,38,0,16,86,0.25,0,0,
2015,RIE,N,RIE_N,RIE_N_2015,RIE_N_2015,8,20,20,11,14.75,6.184658438,0,3,0,3,86,38,0,0,3,86,0.25,0,0,
2015,RIE,N,RIE_N,RIE_N_2015,RIE_N_2015,19,13,13,9,13.5,4.123105626,0,63,0,16,63,3,1,0,16,86,2.5,0,0,
2015,RIE,N,RIE_N,RIE_N_2015,RIE_N_2015,13,11,11,13,12,1.154700538,0,0,0,38,86,63,0,0,63,38,3.25,0,0,
2015,RIE,N,RIE_N,RIE_N_2015,RIE_N_2015,11,10,10,15,11.5,2.380476143,0,0,0,0,86,3,0,0,16,86,0,0,0,
2015,RIE,N,RIE_N,RIE_N_2015,RIE_N_2015,5,11,20,7,10.75,6.652067348,0,0,0,63,38,16,38,0,16,86,0,0,0,
2015,RIE,N,RIE_N,RIE_N_2015,RIE_N_2015,5,11,20,7,10.75,6.652067348,0,16,0,16,16,0,63,0,16,86,0,0,0,
2015,RIE,N,RIE_N,RIE_N_2015,RIE_N_2015,10,11,12,10,10.75,0.957427108,0,0,0,0,63,0,0,0,16,86,0.5,0,0,
2015,RIE,N,RIE_N,RIE_N_2015,RIE_N_2015,10,10,11,11,10.5,0.577350269,0,0,0,38,63,3,16,0,86,16,0.25,0,0,
2015,RIE,N,RIE_N,RIE_N_2015,RIE_N_2015,20,6,7,8,10.25,6.551081336,0,63,0,3,16,38,16,0,38,63,0,0,0,
2015,RIE,N,RIE_N,RIE_N_2015,RIE_N_2015,16,12,5,6,9.75,5.188127472,0,63,0,16,38,38,1,0,3,98,3.75,0,0,
2015,RIE,N,RIE_N,RIE_N_2015,RIE_N_2015,5,20,5,6,9,7.348469228,0,16,0,63,63,16,0,0,16,86,2.75,0,0,
2015,RIE,N,RIE_N,RIE_N_2015,RIE_N_2015,5,15,5,9,8.5,4.725815626,0,3,0,86,16,16,0,0,3,98,4.25,0,0,
2015,RIE,N,RIE_N,RIE_N_2015,RIE_N_2015,4,9,7,9,7.25,2.362907813,0,38,0,63,38,16,0,0,0,98,1.75,0,0,
2015,RIE,N,RIE_N,RIE_N_2015,RIE_N_2015,5,8,7,8,7,1.414213562,0,16,0,38,63,16,16,0,38,63,0,0,0,
2015,RIE,N,RIE_N,RIE_N_2015,RIE_N_2015,6,5,5,9,6.25,1.892969449,0,16,0,16,63,16,3,0,16,86,2.25,0,0,
2015,RIE,N,RIE_N,RIE_N_2015,RIE_N_2015,5,9,6,5,6.25,1.892969449,0,0,0,38,63,16,0,0,63,38,0,0,0,
2015,RIE,N,RIE_N,RIE_N_2015,RIE_N_2015,7,7,5,5,6,1.154700538,3,16,0,16,63,38,16,0,3,98,0,0,0,
2015,RIE,N,RIE_N,RIE_N_2015,RIE_N_2015,6,5,7,5,5.75,0.957427108,0,3,0,86,16,16,0,0,16,86,0,0,0,
2015,RIE,N,RIE_N,RIE_N_2015,RIE_N_2015,6,5,5,7,5.75,0.957427108,38,3,0,3,38,16,0,0,3,98,6.25,0,0,
2015,RIE,N,RIE_N,RIE_N_2015,RIE_N_2015,6,5,3,8,5.5,2.081665999,38,3,0,38,16,16,38,0,3,98,11.25,0,0,
2015,RIE,N,RIE_N,RIE_N_2015,RIE_N_2015,6,5,5,5,5.25,0.5,0,16,0,63,38,16,38,0,3,98,2,0,0,
2015,RIE,N,RIE_N,RIE_N_2015,RIE_N_2015,6,5,5,5,5.25,0.5,0,0,0,38,63,16,0,0,38,63,1,0,0,
2015,RIE,N,RIE_N,RIE_N_2015,RIE_N_2015,4,3,6,6,4.75,1.5,0,63,0,16,86,0,16,0,3,98,2.5,0,0,
2015,RIE,N,RIE_N,RIE_N_2015,RIE_N_2015,3,3,3,3,3,0,0,16,0,86,16,38,16,0,16,86,1.5,0,0,
2015,RIE,N,RIE_N,RIE_N_2015,RIE_N_2015,3,3,3,2,2.75,0.5,16,0,0,63,16,38,0,0,3,98,0.75,0,0,
2015,RIE,W,RIE_W,RIE_W_2015,RIE_W_2015,13,13,20,15,15.25,3.304037934,0,0,0,38,63,0,16,0,16,86,5,0,0,
2015,RIE,W,RIE_W,RIE_W_2015,RIE_W_2015,20,20,6,10,14,7.118052168,0,38,0,38,63,0,0,0,38,63,5,0,0,
2015,RIE,W,RIE_W,RIE_W_2015,RIE_W_2015,12,15,16,13,14,1.825741858,0,38,0,3,63,63,0,0,3,98,1.5,0,0,
2015,RIE,W,RIE_W,RIE_W_2015,RIE_W_2015,14,9,15,17,13.75,3.403429643,0,0,0,86,86,0,0,0,16,86,19.25,0,0,
2015,RIE,W,RIE_W,RIE_W_2015,RIE_W_2015,9,19,11,14,13.25,4.34932945,0,0,0,86,16,0,0,0,3,98,6,0,0,
2015,RIE,W,RIE_W,RIE_W_2015,RIE_W_2015,18,9,10,13,12.5,4.041451884,0,0,0,86,3,0,38,0,3,98,9.5,0,0,
2015,RIE,W,RIE_W,RIE_W_2015,RIE_W_2015,15,11,7,16,12.25,4.11298756,0,0,0,3,86,3,0,0,3,98,1.75,0,0,
2015,RIE,W,RIE_W,RIE_W_2015,RIE_W_2015,9,8,11,16,11,3.559026084,0,38,0,16,38,38,16,0,38,63,9.75,0,0,
2015,RIE,W,RIE_W,RIE_W_2015,RIE_W_2015,5,10,12,15,10.5,4.203173404,0,86,0,16,16,0,16,0,0,98,5.75,0,0,
2015,RIE,W,RIE_W,RIE_W_2015,RIE_W_2015,8,8,16,9,10.25,3.862210075,0,0,0,86,63,0,0,0,3,98,5.5,0,0,
2015,RIE,W,RIE_W,RIE_W_2015,RIE_W_2015,10,5,9,16,10,4.546060566,0,0,0,63,63,0,0,0,16,86,2,0,0,
2015,RIE,W,RIE_W,RIE_W_2015,RIE_W_2015,10,9,9,10,9.5,0.577350269,0,0,0,16,63,63,0,0,3,98,1.5,0,0,
2015,RIE,W,RIE_W,RIE_W_2015,RIE_W_2015,6,5,7,20,9.5,7.047458171,0,0,0,38,16,63,16,0,16,86,1.25,0,0,
2015,RIE,W,RIE_W,RIE_W_2015,RIE_W_2015,17,5,5,10,9.25,5.678908346,0,0,0,86,16,0,16,0,3,98,1.5,0,0,
2015,RIE,W,RIE_W,RIE_W_2015,RIE_W_2015,9,6,8,11,8.5,2.081665999,0,38,0,63,38,0,0,0,38,63,0,0,0,
2015,RIE,W,RIE_W,RIE_W_2015,RIE_W_2015,6,14,6,7,8.25,3.862210075,16,16,0,3,38,63,0,0,0,98,1,0,0,
2015,RIE,W,RIE_W,RIE_W_2015,RIE_W_2015,7,15,2,5,7.25,5.560275773,0,0,0,16,38,63,0,0,3,98,6.5,0,0,
2015,RIE,W,RIE_W,RIE_W_2015,RIE_W_2015,9,7,6,7,7.25,1.258305739,0,16,0,16,38,38,0,0,3,98,2.5,0,0,
2015,RIE,W,RIE_W,RIE_W_2015,RIE_W_2015,5,10,9,5,7.25,2.62995564,0,63,0,3,38,3,16,0,3,98,4.5,0,0,
2015,RIE,W,RIE_W,RIE_W_2015,RIE_W_2015,4,5,10,8,6.75,2.753785274,0,0,0,16,16,86,0,0,3,98,0,0,0,
2015,RIE,W,RIE_W,RIE_W_2015,RIE_W_2015,10,10,3,1,6,4.69041576,3,0,0,38,38,3,0,0,16,86,0.75,0,0,
2015,RIE,W,RIE_W,RIE_W_2015,RIE_W_2015,7,6,6,4,5.75,1.258305739,16,0,0,16,38,63,0,0,16,86,1.5,0,0,
2015,RIE,W,RIE_W,RIE_W_2015,RIE_W_2015,8,5,5,5,5.75,1.5,16,3,0,16,38,86,0,0,3,98,1.75,0,0,
2015,RIE,W,RIE_W,RIE_W_2015,RIE_W_2015,7,5,5,5,5.5,1,0,0,0,16,63,3,16,0,3,98,1.5,0,0,
2015,RIE,W,RIE_W,RIE_W_2015,RIE_W_2015,5,5,6,5,5.25,0.5,0,0,0,0,0,63,0,0,16,86,1.25,0,0,
2015,RIE,W,RIE_W,RIE_W_2015,RIE_W_2015,5,4,5,5,4.75,0.5,0,0,0,0,0,63,0,0,3,98,1,0,0,
2015,RIE,W,RIE_W,RIE_W_2015,RIE_W_2015,5,5,4,5,4.75,0.5,16,0,0,38,38,38,0,0,3,98,2.5,0,0,
2015,RIE,W,RIE_W,RIE_W_2015,RIE_W_2015,5,3,7,2,4.25,2.217355783,16,0,0,86,16,38,0,0,3,98,0.5,0,0,
2015,RIE,W,RIE_W,RIE_W_2015,RIE_W_2015,2,4,7,4,4.25,2.061552813,3,0,0,16,16,63,0,0,0,98,4.5,0,0,
2015,RIE,W,RIE_W,RIE_W_2015,RIE_W_2015,5,3,4,5,4.25,0.957427108,0,16,0,16,38,63,0,0,3,98,3.5,0,0,
2015,RIN,E,RIN_E,RIN_E_2015,RIN_E_2015,5,13,10,10,9.5,3.31662479,63,0,38,3,16,1,16,0,3,98,7.25,0,16,.
2015,RIN,E,RIN_E,RIN_E_2015,RIN_E_2015,7,5,5,17,8.5,5.744562647,38,0,86,16,16,1,0,0,0,98,5,2,16,.
2015,RIN,E,RIN_E,RIN_E_2015,RIN_E_2015,12,4,7,9,8,3.366501646,3,0,0,38,16,3,16,0,3,98,2,0,0,.
2015,RIN,E,RIN_E,RIN_E_2015,RIN_E_2015,7,6,7,10,7.5,1.732050808,63,0,0,0,38,0,0,0,3,98,6.75,0,16,.
2015,RIN,E,RIN_E,RIN_E_2015,RIN_E_2015,5,14,4,5,7,4.69041576,16,0,98,38,38,16,16,0,0,98,3.75,0,16,.
2015,RIN,E,RIN_E,RIN_E_2015,RIN_E_2015,5,11,5,7,7,2.828427125,63,0,98,3,16,3,0,0,0,98,9.5,0,86,.
2015,RIN,E,RIN_E,RIN_E_2015,RIN_E_2015,5,5,6,7,5.75,0.957427108,63,0,98,3,16,3,0,0,0,98,5,0,3,.
2015,RIN,E,RIN_E,RIN_E_2015,RIN_E_2015,5,4,5,9,5.75,2.217355783,38,0,0,3,38,0,38,0,3,98,10.25,0,16,.
2015,RIN,E,RIN_E,RIN_E_2015,RIN_E_2015,3,7,6,7,5.75,1.892969449,63,0,0,0,63,0,16,0,1,98,4.5,0,86,.
2015,RIN,E,RIN_E,RIN_E_2015,RIN_E_2015,6,5,6,5,5.5,0.577350269,63,0,63,16,38,0,0,0,0,98,6.5,2,86,.
2015,RIN,E,RIN_E,RIN_E_2015,RIN_E_2015,3,5,5,8,5.25,2.061552813,0,0,0,63,16,0,0,0,1,98,3.75,0,0,.
2015,RIN,E,RIN_E,RIN_E_2015,RIN_E_2015,4,4,7,6,5.25,1.5,63,0,98,3,16,3,0,0,1,98,3,0,16,.
2015,RIN,E,RIN_E,RIN_E_2015,RIN_E_2015,3,8,4,5,5,2.160246899,0,0,3,86,16,0,0,0,3,98,4.75,0,16,.
2015,RIN,E,RIN_E,RIN_E_2015,RIN_E_2015,6,5,5,4,5,0.816496581,38,0,86,38,3,0,0,0,0,98,5.25,2,0,.
2015,RIN,E,RIN_E,RIN_E_2015,RIN_E_2015,5,5,4,5,4.75,0.5,38,0,98,16,16,0,0,0,3,98,7.25,0,86,.
2015,RIN,E,RIN_E,RIN_E_2015,RIN_E_2015,4,6,4,5,4.75,0.957427108,16,0,98,38,38,3,0,0,3,98,3.25,0,63,.
2015,RIN,E,RIN_E,RIN_E_2015,RIN_E_2015,6,4,3,6,4.75,1.5,63,0,98,16,16,0,0,0,3,98,1.75,0,16,.
2015,RIN,E,RIN_E,RIN_E_2015,RIN_E_2015,5,5,4,5,4.75,0.5,16,0,98,16,38,1,0,0,3,98,3.75,1,63,.
2015,RIN,E,RIN_E,RIN_E_2015,RIN_E_2015,4,5,5,5,4.75,0.5,38,0,86,3,38,1,16,0,0,98,11.5,1,86,.
2015,RIN,E,RIN_E,RIN_E_2015,RIN_E_2015,5,4,5,5,4.75,0.5,63,0,98,38,16,3,0,0,3,98,4.75,0,63,.
2015,RIN,E,RIN_E,RIN_E_2015,RIN_E_2015,4,5,5,4,4.5,0.577350269,38,0,98,16,38,1,0,0,3,98,1,0,1,.
2015,RIN,E,RIN_E,RIN_E_2015,RIN_E_2015,5,3,5,5,4.5,1,63,0,98,3,63,0,0,0,16,86,1.75,0,86,.
2015,RIN,E,RIN_E,RIN_E_2015,RIN_E_2015,5,3,4,6,4.5,1.290994449,16,0,98,38,16,0,0,0,3,98,2.25,0,86,.
2015,RIN,E,RIN_E,RIN_E_2015,RIN_E_2015,5,3,5,4,4.25,0.957427108,63,0,0,0,38,0,0,0,0,98,8,0,63,.
2015,RIN,E,RIN_E,RIN_E_2015,RIN_E_2015,4,3,3,6,4,1.414213562,0,0,0,38,16,3,0,0,0,98,6.5,0,0,.
2015,RIN,E,RIN_E,RIN_E_2015,RIN_E_2015,5,3,4,4,4,0.816496581,16,0,86,16,63,16,0,0,0,98,6.5,2,86,.
2015,RIN,E,RIN_E,RIN_E_2015,RIN_E_2015,3,3,4,5,3.75,0.957427108,86,0,38,3,1,3,0,0,0,98,2.75,2,98,.
2015,RIN,E,RIN_E,RIN_E_2015,RIN_E_2015,3,3,3,4,3.25,0.5,38,0,98,16,16,0,0,0,3,98,2,0,86,.
2015,RIN,E,RIN_E,RIN_E_2015,RIN_E_2015,1,1,1,5,2,2,16,0,98,16,16,16,0,0,98,3,0,1,38,.
2015,RIN,E,RIN_E,RIN_E_2015,RIN_E_2015,1,1,1,1,1,0,3,0,63,3,16,0,1,0,98,3,0,2,63,.
2015,RIN,S,RIN_S,RIN_S_2015,RIN_S_2015,14,16,7,7,11,4.69041576,86,0,0,38,16,0,0,0,3,98,11,2,0,.
2015,RIN,S,RIN_S,RIN_S_2015,RIN_S_2015,5,11,7,15,9.5,4.434711565,1,0,38,38,63,16,0,0,98,3,0,2,0,.
2015,RIN,S,RIN_S,RIN_S_2015,RIN_S_2015,6,5,7,8,6.5,1.290994449,63,0,86,16,38,0,0,0,16,86,4.75,2,38,.
2015,RIN,S,RIN_S,RIN_S_2015,RIN_S_2015,5,5,7,8,6.25,1.5,86,0,63,3,16,0,0,0,1,98,2.75,1,0,.
2015,RIN,S,RIN_S,RIN_S_2015,RIN_S_2015,8,5,5,7,6.25,1.5,63,0,98,16,38,0,0,0,3,98,2.25,1,16,.
2015,RIN,S,RIN_S,RIN_S_2015,RIN_S_2015,5,8,6,5,6,1.414213562,3,0,3,16,63,38,0,0,98,3,0,2,3,.
2015,RIN,S,RIN_S,RIN_S_2015,RIN_S_2015,6,6,3,8,5.75,2.061552813,63,0,98,3,16,0,0,0,0,98,9.5,0,0,.
2015,RIN,S,RIN_S,RIN_S_2015,RIN_S_2015,4,5,5,9,5.75,2.217355783,63,0,98,16,16,0,0,0,0,98,9.25,0,16,.
2015,RIN,S,RIN_S,RIN_S_2015,RIN_S_2015,4,5,5,7,5.25,1.258305739,38,0,98,16,38,0,0,3,0,98,6.5,0,0,.
2015,RIN,S,RIN_S,RIN_S_2015,RIN_S_2015,5,5,3,8,5.25,2.061552813,63,0,86,38,16,0,0,0,3,98,3,2,0,.
2015,RIN,S,RIN_S,RIN_S_2015,RIN_S_2015,5,4,6,6,5.25,0.957427108,63,0,98,16,16,0,0,0,3,98,3.5,0,38,.
2015,RIN,S,RIN_S,RIN_S_2015,RIN_S_2015,8,3,4,4,4.75,2.217355783,16,0,98,16,16,0,0,0,0,98,1.75,0,3,.
2015,RIN,S,RIN_S,RIN_S_2015,RIN_S_2015,5,5,5,3,4.5,1,38,0,98,16,16,0,3,0,3,98,3.75,0,16,.
2015,RIN,S,RIN_S,RIN_S_2015,RIN_S_2015,5,4,4,5,4.5,0.577350269,63,0,98,16,16,3,0,0,3,98,2.5,0,63,.
2015,RIN,S,RIN_S,RIN_S_2015,RIN_S_2015,4,5,5,3,4.25,0.957427108,16,0,86,38,16,0,0,0,0,98,14.75,2,0,.
2015,RIN,S,RIN_S,RIN_S_2015,RIN_S_2015,5,5,4,3,4.25,0.957427108,63,0,86,16,3,0,0,0,3,98,8,2,0,.
2015,RIN,S,RIN_S,RIN_S_2015,RIN_S_2015,3,5,5,4,4.25,0.957427108,63,0,98,16,38,3,0,0,16,86,1.75,0,38,.
2015,RIN,S,RIN_S,RIN_S_2015,RIN_S_2015,4,5,3,4,4,0.816496581,16,0,98,16,63,3,16,0,16,86,3,0,3,.
2015,RIN,S,RIN_S,RIN_S_2015,RIN_S_2015,3,5,3,5,4,1.154700538,63,0,98,16,16,0,16,0,1,98,4,0,63,.
2015,RIN,S,RIN_S,RIN_S_2015,RIN_S_2015,4,3,3,6,4,1.414213562,38,0,98,16,16,0,0,0,16,86,0,0,98,.
2015,RIN,S,RIN_S,RIN_S_2015,RIN_S_2015,3,4,4,5,4,0.816496581,16,0,98,16,3,0,0,0,0,98,8.75,0,98,.
2015,RIN,S,RIN_S,RIN_S_2015,RIN_S_2015,3,4,4,4,3.75,0.5,63,0,98,16,38,1,0,0,1,98,1.75,0,16,.
2015,RIN,S,RIN_S,RIN_S_2015,RIN_S_2015,4,3,3,5,3.75,0.957427108,16,0,98,38,16,0,0,0,3,98,4.5,1,0,.
2015,RIN,S,RIN_S,RIN_S_2015,RIN_S_2015,5,3,2,4,3.5,1.290994449,63,0,98,38,38,0,0,0,0,98,10,1,38,.
2015,RIN,S,RIN_S,RIN_S_2015,RIN_S_2015,4,3,3,4,3.5,0.577350269,86,0,98,3,3,0,0,0,0,98,10.5,0,0,.
2015,RIN,S,RIN_S,RIN_S_2015,RIN_S_2015,4,3,3,4,3.5,0.577350269,16,0,86,38,3,0,0,0,0,98,1.5,2,0,.
2015,RIN,S,RIN_S,RIN_S_2015,RIN_S_2015,1,5,2,5,3.25,2.061552813,1,0,16,16,38,16,0,0,86,16,0,2,16,.
2015,RIN,S,RIN_S,RIN_S_2015,RIN_S_2015,3,3,3,4,3.25,0.5,63,0,98,16,3,0,0,0,3,98,5.5,0,63,.
2015,RIN,S,RIN_S,RIN_S_2015,RIN_S_2015,2,2,1,1,1.5,0.577350269,16,0,0,16,16,3,0,3,86,16,0,2,38,.
2015,RIN,S,RIN_S,RIN_S_2015,RIN_S_2015,1,1,1,3,1.5,1,3,0,0,16,16,3,0,0,98,3,0,2,0,.
2015,RIN,W,RIN_W,RIN_W_2015,RIN_W_2015,15,14,14,20,15.75,2.872281323,0,0,0,3,86,16,63,0,16,86,5.75,0,0,.
2015,RIN,W,RIN_W,RIN_W_2015,RIN_W_2015,13,15,18,15,15.25,2.061552813,38,0,98,3,86,16,38,0,3,98,4,0,0,.
2015,RIN,W,RIN_W,RIN_W_2015,RIN_W_2015,13,11,15,16,13.75,2.217355783,1,0,0,0,63,3,16,0,3,98,6,0,0,.
2015,RIN,W,RIN_W,RIN_W_2015,RIN_W_2015,7,8,14,16,11.25,4.425306016,0,0,86,38,63,38,0,0,38,63,1.25,2,0,.
2015,RIN,W,RIN_W,RIN_W_2015,RIN_W_2015,11,3,11,9,8.5,3.785938897,0,0,3,38,63,16,3,0,38,63,1,0,16,.
2015,RIN,W,RIN_W,RIN_W_2015,RIN_W_2015,7,7,7,8,7.25,0.5,3,0,63,16,86,16,38,0,38,63,0,2,38,.
2015,RIN,W,RIN_W,RIN_W_2015,RIN_W_2015,7,7,6,6,6.5,0.577350269,86,0,98,16,38,0,0,0,3,98,5.5,1,16,.
2015,RIN,W,RIN_W,RIN_W_2015,RIN_W_2015,5,5,7,8,6.25,1.5,63,0,98,16,38,3,0,0,3,98,1,0,38,.
2015,RIN,W,RIN_W,RIN_W_2015,RIN_W_2015,7,5,6,7,6.25,0.957427108,16,0,98,16,63,3,38,0,16,86,3.25,0,38,.
2015,RIN,W,RIN_W,RIN_W_2015,RIN_W_2015,6,6,6,6,6,0,3,0,98,38,86,3,3,0,0,98,4,0,3,.
2015,RIN,W,RIN_W,RIN_W_2015,RIN_W_2015,5,6,7,6,6,0.816496581,86,0,98,16,38,0,0,0,3,98,12,0,3,.
2015,RIN,W,RIN_W,RIN_W_2015,RIN_W_2015,8,5,5,5,5.75,1.5,38,0,98,16,38,0,0,0,0,98,8.75,0,16,.
2015,RIN,W,RIN_W,RIN_W_2015,RIN_W_2015,5,3,3,12,5.75,4.272001873,38,0,98,63,38,0,16,0,3,98,5,0,16,.
2015,RIN,W,RIN_W,RIN_W_2015,RIN_W_2015,5,6,6,5,5.5,0.577350269,63,0,98,16,3,0,3,0,0,98,8.5,0,63,.
2015,RIN,W,RIN_W,RIN_W_2015,RIN_W_2015,5,7,5,5,5.5,1,16,0,86,38,16,16,0,0,0,98,2,0,38,.
2015,RIN,W,RIN_W,RIN_W_2015,RIN_W_2015,5,5,5,5,5,0,63,0,86,16,38,0,16,0,0,98,4.5,1,86,.
2015,RIN,W,RIN_W,RIN_W_2015,RIN_W_2015,5,5,4,5,4.75,0.5,16,0,98,38,38,0,16,0,0,98,9,0,63,.
2015,RIN,W,RIN_W,RIN_W_2015,RIN_W_2015,4,5,5,5,4.75,0.5,38,0,98,38,63,0,0,0,0,98,6.25,0,38,.
2015,RIN,W,RIN_W,RIN_W_2015,RIN_W_2015,5,5,5,4,4.75,0.5,38,0,98,16,38,0,0,0,0,98,1.25,0,63,.
2015,RIN,W,RIN_W,RIN_W_2015,RIN_W_2015,5,4,4,5,4.5,0.577350269,38,0,86,16,16,0,0,0,1,98,5.5,2,38,.
2015,RIN,W,RIN_W,RIN_W_2015,RIN_W_2015,5,5,5,3,4.5,1,38,0,98,16,38,0,3,0,16,86,8,0,38,.
2015,RIN,W,RIN_W,RIN_W_2015,RIN_W_2015,5,3,5,5,4.5,1,63,0,98,38,16,3,0,0,1,98,5.75,0,16,.
2015,RIN,W,RIN_W,RIN_W_2015,RIN_W_2015,5,5,5,3,4.5,1,63,0,98,16,38,0,16,0,1,98,12.75,0,38,.
2015,RIN,W,RIN_W,RIN_W_2015,RIN_W_2015,4,5,3,5,4.25,0.957427108,16,0,98,16,38,0,0,0,1,98,5.25,0,16,.
2015,RIN,W,RIN_W,RIN_W_2015,RIN_W_2015,5,3,4,5,4.25,0.957427108,38,0,98,38,63,0,0,0,0,98,14,0,38,.
2015,RIN,W,RIN_W,RIN_W_2015,RIN_W_2015,3,4,4,5,4,0.816496581,16,0,86,38,3,0,0,0,0,98,4.5,2,16,.
2015,RIN,W,RIN_W,RIN_W_2015,RIN_W_2015,6,3,3,3,3.75,1.5,63,0,98,16,16,0,0,0,0,98,19,0,16,.
2015,RIN,W,RIN_W,RIN_W_2015,RIN_W_2015,3,5,3,3,3.5,1,3,0,38,63,3,3,0,0,0,98,5.25,0,86,.
2015,RIN,W,RIN_W,RIN_W_2015,RIN_W_2015,5,3,2,1,2.75,1.707825128,38,0,38,16,16,3,0,0,0,0,6.25,1,16,.
2015,RIN,W,RIN_W,RIN_W_2015,RIN_W_2015,4,3,1,2,2.5,1.290994449,63,0,16,3,16,0,0,0,0,98,2,2,0,.
2015,RIS,C,RIS_C,RIS_C_2015,RIS_C_2015,15,15,13,14,14.25,0.957427108,16,38,0,3,38,0,0,0,3,98,3,0,16,.
2015,RIS,C,RIS_C,RIS_C_2015,RIS_C_2015,15,7,15,3,10,6,0,38,0,16,16,0,3,0,1,86,3,0,63,.
2015,RIS,C,RIS_C,RIS_C_2015,RIS_C_2015,7,10,10,7,8.5,1.732050808,0,98,0,0,0,0,0,0,0,86,4,0,0,.
2015,RIS,C,RIS_C,RIS_C_2015,RIS_C_2015,6,10,10,5,7.75,2.62995564,3,63,3,16,38,3,0,0,0,0,0,0,16,.
2015,RIS,C,RIS_C,RIS_C_2015,RIS_C_2015,3,4,6,8,5.25,2.217355783,16,3,98,3,38,16,3,0,1,0,0,0,38,.
2015,RIS,C,RIS_C,RIS_C_2015,RIS_C_2015,7,2,5,7,5.25,2.362907813,3,16,3,3,16,38,16,0,3,0,0,1,3,.
2015,RIS,C,RIS_C,RIS_C_2015,RIS_C_2015,5,4,7,5,5.25,1.258305739,0,16,86,38,16,16,0,0,1,3,1,0,16,.
2015,RIS,C,RIS_C,RIS_C_2015,RIS_C_2015,5,5,7,3,5,1.632993162,3,63,0,3,16,16,0,0,0,0,0,0,63,.
2015,RIS,C,RIS_C,RIS_C_2015,RIS_C_2015,7,5,4,3,4.75,1.707825128,3,38,98,16,16,16,3,0,3,0,0,0,38,.
2015,RIS,C,RIS_C,RIS_C_2015,RIS_C_2015,3,4,7,5,4.75,1.707825128,0,16,0,16,38,16,0,0,3,0,0,0,38,.
2015,RIS,C,RIS_C,RIS_C_2015,RIS_C_2015,6,3,4,5,4.5,1.290994449,3,3,0,3,38,38,3,0,1,0,0,0,63,.
2015,RIS,C,RIS_C,RIS_C_2015,RIS_C_2015,5,5,3,5,4.5,1,16,16,16,38,16,3,0,0,0,16,2,1,38,.
2015,RIS,C,RIS_C,RIS_C_2015,RIS_C_2015,5,2,3,6,4,1.825741858,1,63,98,16,3,16,0,0,1,0,0,0,63,.
2015,RIS,C,RIS_C,RIS_C_2015,RIS_C_2015,3,7,2,3,3.75,2.217355783,0,16,63,38,38,3,0,0,16,0,0,0,38,.
2015,RIS,C,RIS_C,RIS_C_2015,RIS_C_2015,3,4,3,4,3.5,0.577350269,3,38,38,16,16,3,0,0,0,38,1,0,16,.
2015,RIS,C,RIS_C,RIS_C_2015,RIS_C_2015,3,3,3,4,3.25,0.5,38,3,0,16,38,16,0,0,0,86,1,0,63,.
2015,RIS,C,RIS_C,RIS_C_2015,RIS_C_2015,0,7,3,3,3.25,2.872281323,16,16,3,16,16,3,0,0,3,1,1,0,38,.
2015,RIS,C,RIS_C,RIS_C_2015,RIS_C_2015,4,3,3,3,3.25,0.5,16,16,63,16,38,3,0,0,3,0,0,0,63,.
2015,RIS,C,RIS_C,RIS_C_2015,RIS_C_2015,3,4,3,3,3.25,0.5,38,16,38,3,38,3,0,0,3,0,0,0,63,.
2015,RIS,C,RIS_C,RIS_C_2015,RIS_C_2015,3,3,4,2,3,0.816496581,16,3,16,16,38,16,0,0,3,0,0,1,86,.
2015,RIS,C,RIS_C,RIS_C_2015,RIS_C_2015,3,3,3,3,3,0,3,38,3,16,3,3,0,0,3,38,0.5,2,3,.
2015,RIS,C,RIS_C,RIS_C_2015,RIS_C_2015,4,2,2,2,2.5,1,3,63,63,16,16,3,0,0,0,98,2,1,38,.
2015,RIS,C,RIS_C,RIS_C_2015,RIS_C_2015,1,2,4,1,2,1.414213562,1,38,38,3,38,16,0,0,16,0,0,1,63,.
2015,RIS,C,RIS_C,RIS_C_2015,RIS_C_2015,0,1,3,3,1.75,1.5,1,16,3,3,16,38,0,0,16,0,0,0,38,.
2015,RIS,C,RIS_C,RIS_C_2015,RIS_C_2015,2,0,2,3,1.75,1.258305739,3,3,63,16,16,16,0,0,3,16,1,0,38,.
2015,RIS,C,RIS_C,RIS_C_2015,RIS_C_2015,2,1,1,2,1.5,0.577350269,0,16,3,38,16,63,0,0,16,16,0,0,38,.
2015,RIS,C,RIS_C,RIS_C_2015,RIS_C_2015,1,1,1,1,1,0,0,38,38,16,3,63,0,0,38,3,0,0,98,.
2015,RIS,C,RIS_C,RIS_C_2015,RIS_C_2015,1,3,0,0,1,1.414213562,0,16,0,16,3,38,0,0,16,0,0,0,38,.
2015,RIS,C,RIS_C,RIS_C_2015,RIS_C_2015,0,1,1,1,0.75,0.5,3,38,3,16,0,16,0,0,16,3,0,0,0,.
2015,RIS,C,RIS_C,RIS_C_2015,RIS_C_2015,0,1,1,0,0.5,0.577350269,16,3,38,63,3,16,0,0,16,3,1,2,86,.
2015,RIS,N,RIS_N,RIS_N_2015,RIS_N_2015,9,11,12,7,9.75,2.217355783,0,3,0,3,86,0,0,0,0,86,1,0,38,.
2015,RIS,N,RIS_N,RIS_N_2015,RIS_N_2015,7,10,7,10,8.5,1.732050808,0,38,0,16,3,38,38,0,1,86,4,0,86,.
2015,RIS,N,RIS_N,RIS_N_2015,RIS_N_2015,7,10,6,8,7.75,1.707825128,0,16,0,38,16,0,16,0,0,86,1,0,38,.
2015,RIS,N,RIS_N,RIS_N_2015,RIS_N_2015,7,6,5,8,6.5,1.290994449,0,16,3,16,38,3,16,0,3,63,2,0,16,.
2015,RIS,N,RIS_N,RIS_N_2015,RIS_N_2015,5,6,6,8,6.25,1.258305739,0,16,3,38,38,3,16,0,3,86,2,0,63,.
2015,RIS,N,RIS_N,RIS_N_2015,RIS_N_2015,4,6,4,6,5,1.154700538,3,16,3,16,63,16,0,0,0,86,2,0,38,.
2015,RIS,N,RIS_N,RIS_N_2015,RIS_N_2015,4,6,5,4,4.75,0.957427108,3,16,0,38,3,3,16,0,1,86,2,0,63,.
2015,RIS,N,RIS_N,RIS_N_2015,RIS_N_2015,8,5,2,4,4.75,2.5,16,38,0,3,16,38,0,0,1,86,3,2,86,.
2015,RIS,N,RIS_N,RIS_N_2015,RIS_N_2015,5,4,4,6,4.75,0.957427108,3,38,0,16,3,16,0,0,1,86,2,0,38,.
2015,RIS,N,RIS_N,RIS_N_2015,RIS_N_2015,4,5,5,5,4.75,0.5,0,38,16,38,3,16,3,0,0,86,2,0,86,.
2015,RIS,N,RIS_N,RIS_N_2015,RIS_N_2015,4,6,5,4,4.75,0.957427108,3,38,16,16,3,3,0,0,0,86,1,1,0,.
2015,RIS,N,RIS_N,RIS_N_2015,RIS_N_2015,5,5,4,4,4.5,0.577350269,0,16,0,3,3,3,63,0,0,63,3,0,0,.
2015,RIS,N,RIS_N,RIS_N_2015,RIS_N_2015,4,4,5,5,4.5,0.577350269,16,16,0,3,3,16,0,0,0,86,1,0,0,.
2015,RIS,N,RIS_N,RIS_N_2015,RIS_N_2015,4,5,4,4,4.25,0.5,3,38,0,16,0,38,0,0,0,86,3,0,0,.
2015,RIS,N,RIS_N,RIS_N_2015,RIS_N_2015,4,4,5,4,4.25,0.5,3,38,0,3,38,16,0,0,0,86,3,0,0,.
2015,RIS,N,RIS_N,RIS_N_2015,RIS_N_2015,4,4,4,4,4,0,3,63,0,16,3,38,0,0,1,86,2,0,63,.
2015,RIS,N,RIS_N,RIS_N_2015,RIS_N_2015,6,3,2,5,4,1.825741858,0,16,0,38,38,16,0,0,1,86,1,0,63,.
2015,RIS,N,RIS_N,RIS_N_2015,RIS_N_2015,4,4,4,4,4,0,1,38,38,3,3,38,3,0,1,86,1,0,38,.
2015,RIS,N,RIS_N,RIS_N_2015,RIS_N_2015,4,4,4,3,3.75,0.5,16,38,0,16,38,3,0,0,0,86,4,0,38,.
2015,RIS,N,RIS_N,RIS_N_2015,RIS_N_2015,5,3,4,3,3.75,0.957427108,0,38,3,86,16,3,0,0,3,86,2,0,16,.
2015,RIS,N,RIS_N,RIS_N_2015,RIS_N_2015,5,4,3,2,3.5,1.290994449,3,16,0,16,38,16,0,0,1,86,3,0,86,.
2015,RIS,N,RIS_N,RIS_N_2015,RIS_N_2015,4,3,3,4,3.5,0.577350269,3,38,0,16,3,63,0,0,1,86,2,0,0,.
2015,RIS,N,RIS_N,RIS_N_2015,RIS_N_2015,3,2,3,4,3,0.816496581,0,38,16,3,38,3,0,0,0,86,1,1,63,.
2015,RIS,N,RIS_N,RIS_N_2015,RIS_N_2015,1,5,3,2,2.75,1.707825128,3,63,0,3,38,3,0,0,1,86,2,0,38,.
2015,RIS,N,RIS_N,RIS_N_2015,RIS_N_2015,2,2,3,2,2.25,0.5,0,38,3,38,16,16,0,0,3,86,1,0,38,.
2015,RIS,N,RIS_N,RIS_N_2015,RIS_N_2015,2,2,2,3,2.25,0.5,3,16,16,38,3,38,0,0,1,86,4,0,86,.
2015,RIS,N,RIS_N,RIS_N_2015,RIS_N_2015,2,3,2,2,2.25,0.5,0,63,63,16,0,0,0,0,0,86,1,0,0,.
2015,RIS,N,RIS_N,RIS_N_2015,RIS_N_2015,2,2,2,2,2,0,16,3,86,16,3,38,3,0,3,63,0,2,63,.
2015,RIS,N,RIS_N,RIS_N_2015,RIS_N_2015,2,2,2,1,1.75,0.5,0,38,0,0,16,16,0,0,1,86,1,1,86,.
2015,RIS,N,RIS_N,RIS_N_2015,RIS_N_2015,0,0,0,0,0,0,0,0,0,0,0,0,0,0,0,0,0,0,0,.
2015,RIS,S,RIS_S,RIS_S_2015,RIS_S_2015,5,5,5,4,4.75,0.5,3,16,63,16,63,3,0,0,0,86,4,0,63,.
2015,RIS,S,RIS_S,RIS_S_2015,RIS_S_2015,3,5,3,7,4.5,1.914854216,3,63,63,16,38,16,0,0,0,86,3,1,38,.
2015,RIS,S,RIS_S,RIS_S_2015,RIS_S_2015,4,0,8,5,4.25,3.304037934,0,63,0,0,38,0,3,0,0,63,1,0,0,.
2015,RIS,S,RIS_S,RIS_S_2015,RIS_S_2015,4,4,4,4,4,0,3,38,0,38,16,3,0,0,1,98,4,0,63,.
2015,RIS,S,RIS_S,RIS_S_2015,RIS_S_2015,3,4,6,3,4,1.414213562,3,38,3,16,16,16,0,0,0,16,1,1,86,.
2015,RIS,S,RIS_S,RIS_S_2015,RIS_S_2015,4,2,5,5,4,1.414213562,0,38,98,16,0,38,0,0,0,86,2,0,0,.
2015,RIS,S,RIS_S,RIS_S_2015,RIS_S_2015,3,5,4,3,3.75,0.957427108,3,38,3,3,16,16,0,0,0,86,4,2,63,.
2015,RIS,S,RIS_S,RIS_S_2015,RIS_S_2015,6,4,2,2,3.5,1.914854216,0,63,0,16,16,3,1,0,1,98,2,0,1,.
2015,RIS,S,RIS_S,RIS_S_2015,RIS_S_2015,3,4,3,3,3.25,0.5,16,3,38,38,3,16,0,0,0,86,1,0,16,.
2015,RIS,S,RIS_S,RIS_S_2015,RIS_S_2015,2,4,3,3,3,0.816496581,0,63,3,16,3,3,38,0,3,86,2,0,0,.
2015,RIS,S,RIS_S,RIS_S_2015,RIS_S_2015,2,4,4,2,3,1.154700538,3,63,3,16,16,16,0,0,0,86,3,1,3,.
2015,RIS,S,RIS_S,RIS_S_2015,RIS_S_2015,3,3,4,2,3,0.816496581,3,63,0,3,0,3,0,0,0,86,1,0,0,.
2015,RIS,S,RIS_S,RIS_S_2015,RIS_S_2015,3,3,3,3,3,0,3,16,16,38,0,16,0,0,0,63,1,0,0,.
2015,RIS,S,RIS_S,RIS_S_2015,RIS_S_2015,4,3,2,2,2.75,0.957427108,0,3,63,38,38,38,0,0,1,98,1,0,1,.
2015,RIS,S,RIS_S,RIS_S_2015,RIS_S_2015,3,3,2,3,2.75,0.5,3,63,0,38,16,3,3,0,1,98,1,0,63,.
2015,RIS,S,RIS_S,RIS_S_2015,RIS_S_2015,4,3,2,2,2.75,0.957427108,3,63,38,3,3,16,0,0,0,98,5,0,98,.
2015,RIS,S,RIS_S,RIS_S_2015,RIS_S_2015,3,3,3,2,2.75,0.5,3,38,63,3,3,38,0,0,3,38,1,0,0,.
2015,RIS,S,RIS_S,RIS_S_2015,RIS_S_2015,2,3,3,3,2.75,0.5,3,38,0,3,3,16,0,0,0,86,4,1,63,.
2015,RIS,S,RIS_S,RIS_S_2015,RIS_S_2015,3,1,4,3,2.75,1.258305739,3,38,38,16,38,16,0,0,0,86,1,0,86,.
2015,RIS,S,RIS_S,RIS_S_2015,RIS_S_2015,3,3,3,2,2.75,0.5,3,38,0,3,16,3,16,0,0,63,3,0,0,.
2015,RIS,S,RIS_S,RIS_S_2015,RIS_S_2015,3,2,3,2,2.5,0.577350269,3,38,0,16,3,16,0,0,0,98,1,0,86,.
2015,RIS,S,RIS_S,RIS_S_2015,RIS_S_2015,2,2,2,3,2.25,0.5,3,38,0,3,3,16,0,0,1,98,5,0,0,.
2015,RIS,S,RIS_S,RIS_S_2015,RIS_S_2015,2,2,2,2,2,0,0,38,16,16,3,3,0,0,1,98,2,0,38,.
2015,RIS,S,RIS_S,RIS_S_2015,RIS_S_2015,2,1,2,3,2,0.816496581,0,63,3,16,3,38,0,0,0,86,1,0,86,.
2015,RIS,S,RIS_S,RIS_S_2015,RIS_S_2015,1,2,2,1,1.5,0.577350269,3,16,3,16,38,16,0,0,3,98,0,0,3,.
2015,RIS,S,RIS_S,RIS_S_2015,RIS_S_2015,1,1,2,2,1.5,0.577350269,3,16,0,16,38,3,0,0,0,98,2,0,86,.
2015,RIS,S,RIS_S,RIS_S_2015,RIS_S_2015,2,1,2,1,1.5,0.577350269,3,63,0,16,16,3,0,0,0,63,2,2,63,.
2015,RIS,S,RIS_S,RIS_S_2015,RIS_S_2015,1,1,2,1,1.25,0.5,0,38,0,16,3,38,0,0,1,98,1,0,0,.
2015,RIS,S,RIS_S,RIS_S_2015,RIS_S_2015,1,1,1,1,1,0,0,63,3,3,1,16,3,0,3,98,0,1,0,.
2015,RIS,S,RIS_S,RIS_S_2015,RIS_S_2015,0,0,0,0,0,0,3,16,0,16,3,3,0,0,1,98,0.5,1,16,.
2015,RNR,C,RNR_C,RNR_C_2015,RNR_C_2015,20,10,13,17,15,4.396968653,63,0,0,3,38,38,0,0,1,98,2.5,0,0,
2015,RNR,C,RNR_C,RNR_C_2015,RNR_C_2015,13,14,13,18,14.5,2.380476143,86,1,0,16,0,1,0,0,0,98,3.75,0,0,
2015,RNR,C,RNR_C,RNR_C_2015,RNR_C_2015,13,18,16,9,14,3.915780041,86,0,0,38,16,16,0,0,0,98,3,0,0,
2015,RNR,C,RNR_C,RNR_C_2015,RNR_C_2015,17,9,17,12,13.75,3.947573094,86,3,0,0,16,0,0,0,0,98,11,0,0,
2015,RNR,C,RNR_C,RNR_C_2015,RNR_C_2015,18,9,11,12,12.5,3.872983346,63,0,0,16,63,16,0,0,3,98,7.25,0,0,
2015,RNR,C,RNR_C,RNR_C_2015,RNR_C_2015,13,11,17,8,12.25,3.774917218,63,16,0,3,16,16,0,0,3,98,4.75,0,0,
2015,RNR,C,RNR_C,RNR_C_2015,RNR_C_2015,13,13,14,6,11.5,3.696845502,63,0,0,38,3,16,0,0,16,86,8.25,0,0,
2015,RNR,C,RNR_C,RNR_C_2015,RNR_C_2015,9,9,10,18,11.5,4.358898944,86,3,0,0,16,0,0,0,0,98,8,0,0,
2015,RNR,C,RNR_C,RNR_C_2015,RNR_C_2015,14,10,11,9,11,2.160246899,86,0,0,16,3,38,0,0,3,98,4.75,0,0,
2015,RNR,C,RNR_C,RNR_C_2015,RNR_C_2015,7,17,13,5,10.5,5.507570547,16,0,0,63,38,63,0,0,38,63,0.75,0,0,
2015,RNR,C,RNR_C,RNR_C_2015,RNR_C_2015,8,13,9,12,10.5,2.380476143,38,3,0,16,38,3,0,0,3,98,9,0,0,
2015,RNR,C,RNR_C,RNR_C_2015,RNR_C_2015,11,9,10,11,10.25,0.957427108,63,3,0,16,38,16,0,0,3,98,7,0,0,
2015,RNR,C,RNR_C,RNR_C_2015,RNR_C_2015,11,12,9,9,10.25,1.5,38,3,0,38,16,16,0,0,0,98,6.5,0,0,
2015,RNR,C,RNR_C,RNR_C_2015,RNR_C_2015,10,9,10,9,9.5,0.577350269,86,0,0,16,3,3,0,0,3,98,7,0,0,
2015,RNR,C,RNR_C,RNR_C_2015,RNR_C_2015,9,12,6,11,9.5,2.645751311,86,3,0,16,0,0,0,0,0,98,5,0,0,
2015,RNR,C,RNR_C,RNR_C_2015,RNR_C_2015,11,9,8,10,9.5,1.290994449,86,16,0,3,3,0,0,0,0,98,9.5,0,0,
2015,RNR,C,RNR_C,RNR_C_2015,RNR_C_2015,11,8,6,10,8.75,2.217355783,63,0,0,16,0,38,0,0,0,98,10.5,0,0,
2015,RNR,C,RNR_C,RNR_C_2015,RNR_C_2015,7,7,7,14,8.75,3.5,38,0,0,38,63,16,0,0,16,86,3.25,0,0,
2015,RNR,C,RNR_C,RNR_C_2015,RNR_C_2015,3,11,8,11,8.25,3.774917218,38,0,0,38,38,16,0,0,1,98,14.5,0,0,
2015,RNR,C,RNR_C,RNR_C_2015,RNR_C_2015,10,8,7,5,7.5,2.081665999,86,0,0,16,3,16,0,0,3,98,6.5,0,0,
2015,RNR,C,RNR_C,RNR_C_2015,RNR_C_2015,8,7,7,8,7.5,0.577350269,86,16,0,0,16,0,0,0,0,98,11,0,0,
2015,RNR,C,RNR_C,RNR_C_2015,RNR_C_2015,7,5,7,9,7,1.632993162,38,0,0,38,0,38,0,0,3,98,5,0,0,
2015,RNR,C,RNR_C,RNR_C_2015,RNR_C_2015,10,4,5,8,6.75,2.753785274,3,16,0,63,3,1,0,0,16,86,5,0,0,
2015,RNR,C,RNR_C,RNR_C_2015,RNR_C_2015,7,7,9,3,6.5,2.516611478,86,0,0,38,3,1,0,0,0,98,5.5,0,0,
2015,RNR,C,RNR_C,RNR_C_2015,RNR_C_2015,7,5,5,7,6,1.154700538,63,16,0,16,16,3,0,0,1,98,7.25,0,0,
2015,RNR,C,RNR_C,RNR_C_2015,RNR_C_2015,6,6,5,5,5.5,0.577350269,63,0,0,16,16,3,0,0,3,98,6.75,0,0,
2015,RNR,C,RNR_C,RNR_C_2015,RNR_C_2015,5,3,7,7,5.5,1.914854216,38,63,0,3,16,3,0,0,3,98,25,0,0,
2015,RNR,C,RNR_C,RNR_C_2015,RNR_C_2015,5,6,3,3,4.25,1.5,38,38,0,3,16,38,0,0,3,98,2.25,0,0,
2015,RNR,C,RNR_C,RNR_C_2015,RNR_C_2015,6,3,2,5,4,1.825741858,3,3,0,63,16,3,0,0,16,86,3.75,0,0,
2015,RNR,C,RNR_C,RNR_C_2015,RNR_C_2015,2,2,3,4,2.75,0.957427108,0,38,0,3,16,38,0,0,16,86,2.5,0,0,
2015,RNR,E,RNR_E,RNR_E_2015,RNR_E_2015,13,14,10,20,14.25,4.193248542,0,0,0,86,38,0,38,0,16,86,0.75,0,0,
2015,RNR,E,RNR_E,RNR_E_2015,RNR_E_2015,7,9,20,13,12.25,5.737304826,0,0,0,3,63,0,63,0,86,16,0,0,0,
2015,RNR,E,RNR_E,RNR_E_2015,RNR_E_2015,10,7,18,13,12,4.69041576,0,63,0,38,38,16,0,0,0,98,4.75,0,0,
2015,RNR,E,RNR_E,RNR_E_2015,RNR_E_2015,13,6,9,16,11,4.396968653,1,0,0,38,63,0,0,0,16,86,0,0,0,
2015,RNR,E,RNR_E,RNR_E_2015,RNR_E_2015,13,5,5,20,10.75,7.228416147,0,0,0,63,86,63,0,0,3,98,3.5,0,0,
2015,RNR,E,RNR_E,RNR_E_2015,RNR_E_2015,10,9,15,7,10.25,3.403429643,0,0,0,16,86,16,0,0,16,86,0.75,0,0,
2015,RNR,E,RNR_E,RNR_E_2015,RNR_E_2015,11,17,7,5,10,5.291502622,16,3,0,3,38,86,0,0,3,98,1.25,0,0,
2015,RNR,E,RNR_E,RNR_E_2015,RNR_E_2015,5,11,12,9,9.25,3.095695937,0,0,0,3,86,16,0,0,3,98,0.5,0,0,
2015,RNR,E,RNR_E,RNR_E_2015,RNR_E_2015,10,10,9,6,8.75,1.892969449,0,0,0,0,63,63,0,0,3,98,0.75,0,0,
2015,RNR,E,RNR_E,RNR_E_2015,RNR_E_2015,9,7,5,10,7.75,2.217355783,16,0,0,16,38,86,0,0,3,98,1.5,0,0,
2015,RNR,E,RNR_E,RNR_E_2015,RNR_E_2015,8,7,9,7,7.75,0.957427108,0,0,0,3,63,63,0,0,3,98,0.75,0,0,
2015,RNR,E,RNR_E,RNR_E_2015,RNR_E_2015,9,6,13,2,7.5,4.654746681,0,0,0,63,63,0,3,0,16,86,3.5,0,0,
2015,RNR,E,RNR_E,RNR_E_2015,RNR_E_2015,7,5,7,10,7.25,2.061552813,38,0,0,38,16,63,0,0,3,98,1.75,0,0,
2015,RNR,E,RNR_E,RNR_E_2015,RNR_E_2015,5,10,5,9,7.25,2.62995564,16,63,0,0,38,38,0,0,3,98,2.5,0,0,
2015,RNR,E,RNR_E,RNR_E_2015,RNR_E_2015,5,5,6,12,7,3.366501646,0,0,0,3,63,38,0,0,16,86,0.25,0,0,
2015,RNR,E,RNR_E,RNR_E_2015,RNR_E_2015,6,6,9,6,6.75,1.5,38,0,0,3,38,63,0,0,3,98,0,0,0,
2015,RNR,E,RNR_E,RNR_E_2015,RNR_E_2015,7,3,7,9,6.5,2.516611478,0,0,0,86,3,38,0,0,16,86,10.25,0,0,
2015,RNR,E,RNR_E,RNR_E_2015,RNR_E_2015,7,7,5,7,6.5,1,0,0,0,3,63,63,0,0,16,86,0,0,0,
2015,RNR,E,RNR_E,RNR_E_2015,RNR_E_2015,6,6,5,8,6.25,1.258305739,16,0,0,16,38,86,0,0,3,98,2.75,0,0,
2015,RNR,E,RNR_E,RNR_E_2015,RNR_E_2015,8,6,6,5,6.25,1.258305739,63,3,0,16,16,38,0,0,0,98,7,0,0,
2015,RNR,E,RNR_E,RNR_E_2015,RNR_E_2015,5,7,9,3,6,2.581988897,0,0,0,86,16,0,16,0,16,86,5.5,0,0,
2015,RNR,E,RNR_E,RNR_E_2015,RNR_E_2015,7,5,7,5,6,1.154700538,38,0,0,16,63,38,0,0,16,86,1,0,0,
2015,RNR,E,RNR_E,RNR_E_2015,RNR_E_2015,7,4,5,5,5.25,1.258305739,16,0,0,16,16,38,38,0,38,63,3,0,0,
2015,RNR,E,RNR_E,RNR_E_2015,RNR_E_2015,5,5,6,5,5.25,0.5,3,0,0,3,16,86,0,0,3,98,0.75,0,0,
2015,RNR,E,RNR_E,RNR_E_2015,RNR_E_2015,5,7,3,5,5,1.632993162,0,3,0,16,16,86,0,0,38,38,5,0,0,
2015,RNR,E,RNR_E,RNR_E_2015,RNR_E_2015,8,5,3,4,5,2.160246899,38,3,0,0,63,38,0,0,3,98,7,0,0,
2015,RNR,E,RNR_E,RNR_E_2015,RNR_E_2015,4,2,11,2,4.75,4.272001873,0,38,0,38,3,38,0,0,3,98,0.5,0,0,
2015,RNR,E,RNR_E,RNR_E_2015,RNR_E_2015,5,5,6,3,4.75,1.258305739,16,0,0,3,38,63,0,0,3,98,5,0,0,
2015,RNR,E,RNR_E,RNR_E_2015,RNR_E_2015,5,3,3,6,4.25,1.5,0,0,0,63,3,16,0,0,3,98,2.5,0,0,
2015,RNR,E,RNR_E,RNR_E_2015,RNR_E_2015,3,5,5,1,3.5,1.914854216,0,63,0,0,38,38,0,0,3,98,8.5,0,0,
2015,RNR,W,RNR_W,RNR_W_2015,RNR_W_2015,13,14,13,14,13.5,0.577350269,0,0,0,38,86,16,0,0,38,63,0,0,0,
2015,RNR,W,RNR_W,RNR_W_2015,RNR_W_2015,9,11,13,13,11.5,1.914854216,0,0,0,3,63,38,0,0,63,38,0,0,0,
2015,RNR,W,RNR_W,RNR_W_2015,RNR_W_2015,14,8,9,8,9.75,2.872281323,63,3,0,3,38,16,0,0,3,98,11,0,0,
2015,RNR,W,RNR_W,RNR_W_2015,RNR_W_2015,9,12,9,6,9,2.449489743,0,0,0,0,38,86,0,0,16,86,2.75,0,0,
2015,RNR,W,RNR_W,RNR_W_2015,RNR_W_2015,9,9,8,10,9,0.816496581,0,3,0,16,86,16,0,0,16,86,4.5,0,0,
2015,RNR,W,RNR_W,RNR_W_2015,RNR_W_2015,9,9,9,7,8.5,1,63,16,0,0,63,0,0,0,16,86,10,0,0,
2015,RNR,W,RNR_W,RNR_W_2015,RNR_W_2015,7,10,9,7,8.25,1.5,63,0,0,3,16,38,0,0,16,86,1,0,0,
2015,RNR,W,RNR_W,RNR_W_2015,RNR_W_2015,14,6,5,8,8.25,4.031128874,38,0,0,16,38,16,0,0,16,86,0.25,0,0,
2015,RNR,W,RNR_W,RNR_W_2015,RNR_W_2015,8,8,8,6,7.5,1,3,0,0,16,63,3,0,0,16,86,0,0,0,
2015,RNR,W,RNR_W,RNR_W_2015,RNR_W_2015,9,5,5,11,7.5,3,38,38,0,0,16,38,0,0,3,98,2.25,0,0,
2015,RNR,W,RNR_W,RNR_W_2015,RNR_W_2015,10,6,5,9,7.5,2.380476143,38,0,0,3,38,0,0,0,0,98,17,0,0,
2015,RNR,W,RNR_W,RNR_W_2015,RNR_W_2015,7,8,8,5,7,1.414213562,63,0,0,16,16,16,0,0,3,98,0,0,0,
2015,RNR,W,RNR_W,RNR_W_2015,RNR_W_2015,10,9,3,4,6.5,3.511884584,38,38,0,3,3,38,0,0,3,98,0,0,0,
2015,RNR,W,RNR_W,RNR_W_2015,RNR_W_2015,7,6,6,7,6.5,0.577350269,16,3,0,38,63,16,0,0,1,98,0,0,0,
2015,RNR,W,RNR_W,RNR_W_2015,RNR_W_2015,8,8,5,4,6.25,2.061552813,38,16,0,3,16,16,0,0,0,98,4,0,0,
2015,RNR,W,RNR_W,RNR_W_2015,RNR_W_2015,7,10,3,5,6.25,2.986078811,38,0,0,16,38,16,0,0,3,98,2,0,0,
2015,RNR,W,RNR_W,RNR_W_2015,RNR_W_2015,5,6,6,8,6.25,1.258305739,38,0,0,3,38,38,0,0,3,98,7.75,0,0,
2015,RNR,W,RNR_W,RNR_W_2015,RNR_W_2015,6,6,5,7,6,0.816496581,63,0,0,3,16,3,0,0,3,98,15.25,0,0,
2015,RNR,W,RNR_W,RNR_W_2015,RNR_W_2015,5,7,7,3,5.5,1.914854216,16,16,0,16,16,63,0,0,3,98,5.5,0,0,
2015,RNR,W,RNR_W,RNR_W_2015,RNR_W_2015,7,6,4,5,5.5,1.290994449,38,0,0,38,63,16,0,0,16,86,0,0,0,
2015,RNR,W,RNR_W,RNR_W_2015,RNR_W_2015,6,5,6,4,5.25,0.957427108,63,3,0,0,16,3,0,0,3,98,17.75,0,0,
2015,RNR,W,RNR_W,RNR_W_2015,RNR_W_2015,6,3,5,7,5.25,1.707825128,3,0,0,3,63,98,0,0,3,98,5,0,0,
2015,RNR,W,RNR_W,RNR_W_2015,RNR_W_2015,6,5,5,4,5,0.816496581,0,38,0,3,63,16,0,0,16,86,8.5,0,0,
2015,RNR,W,RNR_W,RNR_W_2015,RNR_W_2015,6,4,3,5,4.5,1.290994449,16,0,0,3,16,86,0,0,3,98,0.75,0,0,
2015,RNR,W,RNR_W,RNR_W_2015,RNR_W_2015,5,5,3,3,4,1.154700538,0,16,0,16,16,63,0,0,3,98,0.75,0,0,
2015,RNR,W,RNR_W,RNR_W_2015,RNR_W_2015,5,3,3,5,4,1.154700538,38,0,0,3,63,16,0,0,3,98,1.25,0,0,
2015,RNR,W,RNR_W,RNR_W_2015,RNR_W_2015,3,4,3,5,3.75,0.957427108,16,16,0,38,3,63,0,0,3,98,3,0,0,
2015,RNR,W,RNR_W,RNR_W_2015,RNR_W_2015,7,2,2,2,3.25,2.5,0,86,0,3,3,38,0,0,0,98,1.75,0,0,
2015,RNR,W,RNR_W,RNR_W_2015,RNR_W_2015,3,3,4,3,3.25,0.5,1,0,0,38,16,86,0,0,3,98,0.5,0,0,
2015,RNR,W,RNR_W,RNR_W_2015,RNR_W_2015,2,2,2,2,2,0,3,38,0,16,16,16,0,0,1,98,2.25,0,0,
2015,STE,N,STE_N,STE_N_2015,STE_N_2015,2,3,3,8,4,2.708012802,3,63,3,38,3,3,0,0,0,0,3.75,0,0,.
2015,STE,N,STE_N,STE_N_2015,STE_N_2015,5,3,5,3,4,1.154700538,3,63,0,86,38,0,0,0,0,98,5.5,0,0,.
2015,STE,N,STE_N,STE_N_2015,STE_N_2015,3,2,7,3,3.75,2.217355783,0,86,0,3,3,0,16,0,16,1,1.75,0,0,.
2015,STE,N,STE_N,STE_N_2015,STE_N_2015,5,3,3,2,3.25,1.258305739,0,86,63,16,16,16,0,0,0,98,2.75,0,0,.
2015,STE,N,STE_N,STE_N_2015,STE_N_2015,3,3,3,3,3,0,0,38,86,63,3,38,0,0,0,98,2.75,0,0,.
2015,STE,N,STE_N,STE_N_2015,STE_N_2015,3,2,3,4,3,0.816496581,0,86,0,3,3,3,0,0,16,86,1,0,0,.
2015,STE,N,STE_N,STE_N_2015,STE_N_2015,5,3,2,2,3,1.414213562,0,63,86,16,16,3,3,0,1,98,1.25,1,0,.
2015,STE,N,STE_N,STE_N_2015,STE_N_2015,3,3,2,3,2.75,0.5,0,38,16,63,16,16,0,0,0,98,3,0,0,.
2015,STE,N,STE_N,STE_N_2015,STE_N_2015,3,2,3,3,2.75,0.5,16,16,38,38,38,3,0,0,0,98,1.5,2,0,.
2015,STE,N,STE_N,STE_N_2015,STE_N_2015,3,3,3,2,2.75,0.5,3,86,0,38,3,3,0,0,0,98,4,0,0,.
2015,STE,N,STE_N,STE_N_2015,STE_N_2015,2,1,5,3,2.75,1.707825128,3,63,38,16,16,3,0,0,16,86,3.25,2,16,.
2015,STE,N,STE_N,STE_N_2015,STE_N_2015,5,2,2,2,2.75,1.5,16,38,3,38,16,3,0,0,16,63,0,2,0,.
2015,STE,N,STE_N,STE_N_2015,STE_N_2015,2,2,3,3,2.5,0.577350269,0,63,98,16,16,3,0,0,16,86,0,0,98,.
2015,STE,N,STE_N,STE_N_2015,STE_N_2015,2,2,2,3,2.25,0.5,0,16,86,63,3,16,1,0,0,98,0.5,0,0,.
2015,STE,N,STE_N,STE_N_2015,STE_N_2015,2,3,2,2,2.25,0.5,0,63,16,3,16,16,0,0,3,98,2,2,16,.
2015,STE,N,STE_N,STE_N_2015,STE_N_2015,2,2,2,3,2.25,0.5,0,16,38,16,38,16,0,0,16,86,3.25,2,63,.
2015,STE,N,STE_N,STE_N_2015,STE_N_2015,2,1,2,3,2,0.816496581,3,86,38,3,16,16,0,0,1,98,1,0,0,.
2015,STE,N,STE_N,STE_N_2015,STE_N_2015,2,2,2,2,2,0,1,86,3,16,3,16,0,0,1,98,1.5,1,0,.
2015,STE,N,STE_N,STE_N_2015,STE_N_2015,1,2,3,1,1.75,0.957427108,38,16,38,38,16,16,0,0,16,63,0,2,0,.
2015,STE,N,STE_N,STE_N_2015,STE_N_2015,2,2,1,2,1.75,0.5,0,38,86,16,3,16,0,0,16,86,0,1,3,.
2015,STE,N,STE_N,STE_N_2015,STE_N_2015,2,2,2,1,1.75,0.5,0,38,98,16,63,3,86,0,38,63,1,0,0,.
2015,STE,N,STE_N,STE_N_2015,STE_N_2015,1,1,1,3,1.5,1,0,16,38,16,16,16,0,0,16,86,0,2,0,.
2015,STE,N,STE_N,STE_N_2015,STE_N_2015,2,1,1,1,1.25,0.5,0,16,16,63,16,16,0,0,16,86,0,1,38,.
2015,STE,N,STE_N,STE_N_2015,STE_N_2015,1,1,1,1,1,0,3,38,3,63,3,16,0,0,16,86,3,2,0,.
2015,STE,N,STE_N,STE_N_2015,STE_N_2015,1,1,1,1,1,0,16,3,0,63,16,3,0,0,38,38,0,2,16,.
2015,STE,N,STE_N,STE_N_2015,STE_N_2015,1,1,1,1,1,0,0,0,0,86,3,3,0,0,38,3,0,0,0,.
2015,STE,N,STE_N,STE_N_2015,STE_N_2015,1,1,1,1,1,0,0,3,0,63,16,16,0,0,38,16,0,0,0,.
2015,STE,N,STE_N,STE_N_2015,STE_N_2015,1,1,1,1,1,0,0,38,38,38,38,16,0,0,38,63,0,0,38,.
2015,STE,N,STE_N,STE_N_2015,STE_N_2015,1,0,1,1,0.75,0.5,0,63,16,38,3,63,0,0,3,86,1.25,0,0,.
2015,STE,N,STE_N,STE_N_2015,STE_N_2015,1,1,0,0,0.5,0.577350269,3,16,3,63,3,3,0,0,3,63,0.25,2,0,.
2015,STE,S,STE_S,STE_S_2015,STE_S_2015,13,10,9,10,10.5,1.732050808,0,16,86,86,16,0,0,0,16,63,4.5,0,0,.
2015,STE,S,STE_S,STE_S_2015,STE_S_2015,6,6,6,8,6.5,1,0,63,16,63,63,3,0,0,0,38,6.5,0,16,.
2015,STE,S,STE_S,STE_S_2015,STE_S_2015,7,7,4,4,5.5,1.732050808,0,63,0,38,38,3,0,0,3,86,6,1,0,.
2015,STE,S,STE_S,STE_S_2015,STE_S_2015,6,4,6,6,5.5,1,3,63,0,38,38,3,0,0,3,63,7,2,63,.
2015,STE,S,STE_S,STE_S_2015,STE_S_2015,5,5,4,6,5,0.816496581,3,63,0,63,38,3,0,0,0,98,3.5,0,16,.
2015,STE,S,STE_S,STE_S_2015,STE_S_2015,5,4,4,5,4.5,0.577350269,0,86,0,38,16,0,0,0,1,86,5.75,0,0,.
2015,STE,S,STE_S,STE_S_2015,STE_S_2015,2,2,10,4,4.5,3.785938897,0,86,3,38,16,16,0,0,0,0,2,2,0,.
2015,STE,S,STE_S,STE_S_2015,STE_S_2015,5,5,3,5,4.5,1,3,63,0,63,16,3,16,0,0,0,0.25,0,86,.
2015,STE,S,STE_S,STE_S_2015,STE_S_2015,3,3,6,4,4,1.414213562,0,98,0,38,16,3,0,0,0,63,3.25,2,0,.
2015,STE,S,STE_S,STE_S_2015,STE_S_2015,5,4,3,4,4,0.816496581,0,86,0,38,38,0,0,0,0,38,5.25,0,38,.
2015,STE,S,STE_S,STE_S_2015,STE_S_2015,3,2,6,5,4,1.825741858,0,38,0,63,16,3,16,0,0,0,0.5,0,86,.
2015,STE,S,STE_S,STE_S_2015,STE_S_2015,4,3,4,3,3.5,0.577350269,16,63,0,16,16,38,0,0,1,86,7.5,2,0,.
2015,STE,S,STE_S,STE_S_2015,STE_S_2015,4,4,3,3,3.5,0.577350269,16,86,0,16,16,3,0,0,0,98,1.75,1,0,.
2015,STE,S,STE_S,STE_S_2015,STE_S_2015,4,3,2,4,3.25,0.957427108,0,63,3,38,3,3,0,0,1,86,7,0,0,.
2015,STE,S,STE_S,STE_S_2015,STE_S_2015,3,5,3,2,3.25,1.258305739,0,63,0,63,16,3,0,0,3,98,1.75,2,16,.
2015,STE,S,STE_S,STE_S_2015,STE_S_2015,3,2,2,5,3,1.414213562,16,38,16,38,3,38,0,0,16,86,8,2,0,.
2015,STE,S,STE_S,STE_S_2015,STE_S_2015,1,4,2,5,3,1.825741858,0,16,3,38,16,38,0,0,16,63,1,2,0,.
2015,STE,S,STE_S,STE_S_2015,STE_S_2015,3,3,3,3,3,0,16,63,0,63,16,63,0,0,0,63,6.5,0,86,.
2015,STE,S,STE_S,STE_S_2015,STE_S_2015,3,3,3,3,3,0,0,86,0,38,16,16,0,0,3,63,4.75,0,0,.
2015,STE,S,STE_S,STE_S_2015,STE_S_2015,3,3,2,3,2.75,0.5,0,98,3,38,16,3,0,0,0,0,2.25,0,0,.
2015,STE,S,STE_S,STE_S_2015,STE_S_2015,3,2,2,3,2.5,0.577350269,0,63,38,38,3,3,0,0,1,98,7,2,0,.
2015,STE,S,STE_S,STE_S_2015,STE_S_2015,3,4,2,1,2.5,1.290994449,0,63,16,63,16,16,0,0,16,86,6.75,0,0,.
2015,STE,S,STE_S,STE_S_2015,STE_S_2015,1,2,2,4,2.25,1.258305739,16,63,38,38,16,38,0,0,1,98,5,2,0,.
2015,STE,S,STE_S,STE_S_2015,STE_S_2015,2,3,3,1,2.25,0.957427108,0,38,16,63,3,16,0,0,16,86,0.5,1,0,.
2015,STE,S,STE_S,STE_S_2015,STE_S_2015,4,1,1,2,2,1.414213562,0,63,0,38,1,0,0,0,1,98,3.75,2,0,.
2015,STE,S,STE_S,STE_S_2015,STE_S_2015,1,2,1,4,2,1.414213562,0,86,3,38,3,3,0,0,1,98,9.25,0,0,.
2015,STE,S,STE_S,STE_S_2015,STE_S_2015,2,2,2,2,2,0,0,63,3,38,3,3,0,0,1,86,3.75,0,0,.
2015,STE,S,STE_S,STE_S_2015,STE_S_2015,1,1,2,2,1.5,0.577350269,0,98,16,63,1,3,0,0,1,86,5.25,0,0,.
2015,STE,S,STE_S,STE_S_2015,STE_S_2015,1,1,1,1,1,0,0,16,38,63,16,3,0,0,16,63,0.25,2,0,.
2015,STE,S,STE_S,STE_S_2015,STE_S_2015,1,1,1,1,1,0,0,16,38,63,3,16,0,0,63,38,1.25,2,0,.
2015,STE,W,STE_W,STE_W_2015,STE_W_2015,15,11,13,11,12.5,1.914854216,63,3,98,16,3,0,0,0,3,98,7,0,0,.
2015,STE,W,STE_W,STE_W_2015,STE_W_2015,10,10,10,7,9.25,1.5,0,3,98,16,63,0,63,0,3,98,2,0,3,.
2015,STE,W,STE_W,STE_W_2015,STE_W_2015,20,1,3,1,6.25,9.215023965,0,63,16,16,3,0,86,0,0,98,1,0,0,.
2015,STE,W,STE_W,STE_W_2015,STE_W_2015,4,5,5,10,6,2.708012802,16,16,16,38,3,0,3,0,1,98,2.5,0,0,.
2015,STE,W,STE_W,STE_W_2015,STE_W_2015,2,5,4,8,4.75,2.5,0,86,0,16,38,16,0,0,0,98,1.25,0,0,.
2015,STE,W,STE_W,STE_W_2015,STE_W_2015,4,5,5,5,4.75,0.5,0,63,98,16,38,0,3,0,1,98,2,0,3,.
2015,STE,W,STE_W,STE_W_2015,STE_W_2015,3,6,5,4,4.5,1.290994449,0,86,98,3,3,16,0,0,16,86,18.75,0,0,.
2015,STE,W,STE_W,STE_W_2015,STE_W_2015,5,4,4,4,4.25,0.5,0,86,98,3,38,0,0,0,3,98,4.5,0,63,.
2015,STE,W,STE_W,STE_W_2015,STE_W_2015,2,2,5,7,4,2.449489743,3,38,16,38,16,0,0,0,3,98,1.75,0,0,.
2015,STE,W,STE_W,STE_W_2015,STE_W_2015,4,3,3,5,3.75,0.957427108,0,98,0,0,16,16,0,0,0,98,7.25,0,0,.
2015,STE,W,STE_W,STE_W_2015,STE_W_2015,3,3,2,7,3.75,2.217355783,3,86,38,3,16,3,0,0,0,98,2,2,0,.
2015,STE,W,STE_W,STE_W_2015,STE_W_2015,7,1,3,3,3.5,2.516611478,0,86,0,3,16,16,0,0,0,98,4,1,38,.
2015,STE,W,STE_W,STE_W_2015,STE_W_2015,3,8,2,1,3.5,3.109126351,1,86,98,3,38,0,0,0,0,98,4.5,0,38,.
2015,STE,W,STE_W,STE_W_2015,STE_W_2015,2,1,2,8,3.25,3.201562119,0,38,0,3,16,16,0,0,16,86,6,2,0,.
2015,STE,W,STE_W,STE_W_2015,STE_W_2015,3,3,3,4,3.25,0.5,3,63,86,16,38,3,0,0,1,98,0.25,1,0,.
2015,STE,W,STE_W,STE_W_2015,STE_W_2015,4,2,3,3,3,0.816496581,3,86,98,3,3,0,0,0,3,98,4.25,0,0,.
2015,STE,W,STE_W,STE_W_2015,STE_W_2015,3,3,3,3,3,0,0,86,98,3,3,3,0,0,0,98,3.25,0,0,.
2015,STE,W,STE_W,STE_W_2015,STE_W_2015,4,2,3,3,3,0.816496581,0,86,0,3,16,3,0,0,0,98,0.5,2,0,.
2015,STE,W,STE_W,STE_W_2015,STE_W_2015,2,2,3,4,2.75,0.957427108,0,86,0,3,16,16,0,0,0,98,4.25,0,0,.
2015,STE,W,STE_W,STE_W_2015,STE_W_2015,2,2,3,4,2.75,0.957427108,1,63,38,16,3,0,0,0,1,98,1.25,0,0,.
2015,STE,W,STE_W,STE_W_2015,STE_W_2015,2,3,4,2,2.75,0.957427108,0,16,0,38,38,16,0,0,16,86,0,2,0,.
2015,STE,W,STE_W,STE_W_2015,STE_W_2015,2,2,2,3,2.25,0.5,16,16,63,16,38,3,0,0,16,86,1,0,16,.
2015,STE,W,STE_W,STE_W_2015,STE_W_2015,2,1,3,3,2.25,0.957427108,16,63,0,3,3,16,0,0,3,98,2.75,2,38,.
2015,STE,W,STE_W,STE_W_2015,STE_W_2015,3,3,2,1,2.25,0.957427108,3,98,0,3,0,0,0,0,1,98,6,0,0,.
2015,STE,W,STE_W,STE_W_2015,STE_W_2015,2,3,2,1,2,0.816496581,0,16,3,63,0,3,0,0,38,38,0,1,0,.
2015,STE,W,STE_W,STE_W_2015,STE_W_2015,1,3,2,2,2,0.816496581,16,38,0,16,3,16,0,0,16,86,0,0,0,.
2015,STE,W,STE_W,STE_W_2015,STE_W_2015,2,2,1,2,1.75,0.5,0,16,3,63,3,16,0,0,38,63,0,2,0,.
2015,STE,W,STE_W,STE_W_2015,STE_W_2015,3,1,1,2,1.75,0.957427108,0,86,0,16,3,0,0,0,3,98,3,2,0,.
2015,STE,W,STE_W,STE_W_2015,STE_W_2015,2,1,2,1,1.5,0.577350269,3,16,0,38,1,38,0,0,38,16,0,0,0,.
2015,STE,W,STE_W,STE_W_2015,STE_W_2015,1,1,1,2,1.25,0.5,0,3,0,86,3,16,0,0,38,16,0,1,0,.
2014,235,C,235_C,235_C_2014,235_C_2014,2,7,5,2,4,2.449489743,1,0,3,0,63,3,0,0,86,3,0,0,3,.
2014,235,C,235_C,235_C_2014,235_C_2014,5,4,1,4,3.5,1.732050808,3,0,16,0,63,3,0,0,1,86,0,0,3,.
2014,235,C,235_C,235_C_2014,235_C_2014,3,4,3,3,3.25,0.5,0,0,16,0,63,3,0,0,16,63,0,1,0,.
2014,235,C,235_C,235_C_2014,235_C_2014,3,3,3,3,3,0,0,0,86,16,3,0,3,3,0,86,0,0,0,.
2014,235,C,235_C,235_C_2014,235_C_2014,2,3,3,3,2.75,0.5,0,0,63,0,38,0,0,3,3,86,0,0,16,.
2014,235,C,235_C,235_C_2014,235_C_2014,1,6,1,1,2.25,2.5,38,1,3,3,16,0,3,0,0,38,0,0,3,.
2014,235,C,235_C,235_C_2014,235_C_2014,1,4,1,1,1.75,1.5,3,0,16,3,63,3,0,0,63,16,0,1,1,.
2014,235,C,235_C,235_C_2014,235_C_2014,1,2,1,1,1.25,0.5,63,0,3,3,3,3,0,0,38,38,0,0,1,.
2014,235,C,235_C,235_C_2014,235_C_2014,1,1,2,1,1.25,0.5,16,0,3,3,38,0,0,0,38,63,0,0,38,.
2014,235,C,235_C,235_C_2014,235_C_2014,1,1,1,2,1.25,0.5,0,0,16,3,63,0,0,0,38,38,0,0,3,.
2014,235,C,235_C,235_C_2014,235_C_2014,1,1,1,2,1.25,0.5,1,0,38,0,38,3,0,0,16,63,0,0,0,.
2014,235,C,235_C,235_C_2014,235_C_2014,1,1,1,1,1,0,16,38,3,0,16,3,0,0,16,63,0,1,3,.
2014,235,C,235_C,235_C_2014,235_C_2014,1,1,0,1,0.75,0.5,38,3,3,0,3,3,0,0,16,86,1,0,3,.
2014,235,C,235_C,235_C_2014,235_C_2014,0,1,1,1,0.75,0.5,0,3,38,0,16,3,0,0,3,86,3,0,0,.
2014,235,C,235_C,235_C_2014,235_C_2014,1,0,1,1,0.75,0.5,3,0,16,0,63,0,0,0,86,3,0,0,0,.
2014,235,C,235_C,235_C_2014,235_C_2014,1,2,0,0,0.75,0.957427108,0,0,3,0,63,16,0,0,86,3,0,0,3,.
2014,235,C,235_C,235_C_2014,235_C_2014,0,0,2,0,0.5,1,3,1,3,3,16,1,0,0,3,86,1,0,16,.
2014,235,C,235_C,235_C_2014,235_C_2014,0,1,1,0,0.5,0.577350269,38,0,3,0,38,0,0,0,63,16,0,0,3,.
2014,235,C,235_C,235_C_2014,235_C_2014,1,0,0,1,0.5,0.577350269,3,0,16,0,63,3,0,0,86,3,0,0,3,.
2014,235,C,235_C,235_C_2014,235_C_2014,0,1,0,0,0.25,0.5,16,3,38,3,16,16,0,0,16,63,0,0,3,.
2014,235,C,235_C,235_C_2014,235_C_2014,0,1,0,0,0.25,0.5,3,3,3,0,16,63,0,0,38,16,0,0,0,.
2014,235,C,235_C,235_C_2014,235_C_2014,0,0,1,0,0.25,0.5,16,0,16,0,16,0,0,0,16,63,0,0,3,.
2014,235,C,235_C,235_C_2014,235_C_2014,1,0,0,0,0.25,0.5,16,3,16,0,3,1,1,0,16,63,0.5,0,0,.
2014,235,C,235_C,235_C_2014,235_C_2014,0,1,0,0,0.25,0.5,3,3,3,0,38,16,0,0,3,86,0,0,16,.
2014,235,C,235_C,235_C_2014,235_C_2014,0,1,0,0,0.25,0.5,3,0,16,0,63,3,0,0,63,16,0,0,3,.
2014,235,C,235_C,235_C_2014,235_C_2014,0,0,0,0,0,0,16,16,3,0,16,3,0,0,38,38,0,0,0,.
2014,235,C,235_C,235_C_2014,235_C_2014,0,0,0,0,0,0,16,0,3,0,16,3,0,0,63,16,0,0,3,.
2014,235,C,235_C,235_C_2014,235_C_2014,0,0,0,0,0,0,3,0,38,0,38,3,0,0,63,3,0,0,0,.
2014,235,C,235_C,235_C_2014,235_C_2014,0,0,0,0,0,0,0,0,16,0,63,16,0,0,86,3,0,0,3,.
2014,235,C,235_C,235_C_2014,235_C_2014,0,0,0,0,0,0,3,0,3,3,63,3,0,0,86,16,0,0,3,.
2014,235,N,235_N,235_N_2014,235_N_2014,5,5,5,5,5,0,0,0,16,16,86,0,0,0,86,16,0,0,16,.
2014,235,N,235_N,235_N_2014,235_N_2014,4,5,4,3,4,0.816496581,0,0,38,0,63,3,0,3,86,1,0,0,1,.
2014,235,N,235_N,235_N_2014,235_N_2014,1,5,3,2,2.75,1.707825128,16,3,16,0,38,3,0,0,86,3,0,2,16,.
2014,235,N,235_N,235_N_2014,235_N_2014,2,3,3,3,2.75,0.5,0,0,38,16,38,0,0,0,38,38,0,0,3,.
2014,235,N,235_N,235_N_2014,235_N_2014,1,3,2,4,2.5,1.290994449,0,0,38,16,38,3,0,0,63,3,0,1,16,.
2014,235,N,235_N,235_N_2014,235_N_2014,0,5,2,1,2,2.160246899,0,0,38,0,38,1,0,0,86,1,0,0,3,.
2014,235,N,235_N,235_N_2014,235_N_2014,5,1,2,0,2,2.160246899,0,0,16,0,38,16,0,0,86,1,0,0,3,.
2014,235,N,235_N,235_N_2014,235_N_2014,4,1,1,1,1.75,1.5,3,16,16,3,16,16,0,0,86,3,0,0,3,.
2014,235,N,235_N,235_N_2014,235_N_2014,1,2,2,2,1.75,0.5,0,0,16,0,38,16,0,0,86,1,0,1,3,.
2014,235,N,235_N,235_N_2014,235_N_2014,2,2,1,2,1.75,0.5,0,0,16,16,63,3,0,0,86,3,0,0,1,.
2014,235,N,235_N,235_N_2014,235_N_2014,2,2,1,2,1.75,0.5,0,0,16,3,38,16,0,0,86,1,0,0,1,.
2014,235,N,235_N,235_N_2014,235_N_2014,1,1,2,1,1.25,0.5,0,0,16,0,63,3,0,0,86,1,0,0,3,.
2014,235,N,235_N,235_N_2014,235_N_2014,1,2,1,1,1.25,0.5,1,0,38,3,16,1,0,0,86,3,0,0,3,.
2014,235,N,235_N,235_N_2014,235_N_2014,0,3,1,1,1.25,1.258305739,16,3,16,0,38,3,0,0,86,3,0,0,3,.
2014,235,N,235_N,235_N_2014,235_N_2014,1,1,1,1,1,0,1,0,16,0,38,3,0,0,86,1,0,0,3,.
2014,235,N,235_N,235_N_2014,235_N_2014,0,1,1,1,0.75,0.5,3,0,38,0,16,3,0,0,86,3,0,1,1,.
2014,235,N,235_N,235_N_2014,235_N_2014,3,0,0,0,0.75,1.5,0,0,16,0,38,38,0,0,86,1,0,0,1,.
2014,235,N,235_N,235_N_2014,235_N_2014,0,1,1,0,0.5,0.577350269,0,0,38,0,16,3,0,0,86,1,0,0,3,.
2014,235,N,235_N,235_N_2014,235_N_2014,0,1,1,0,0.5,0.577350269,0,0,38,3,16,3,0,0,86,3,0,1,3,.
2014,235,N,235_N,235_N_2014,235_N_2014,1,1,0,0,0.5,0.577350269,0,0,38,3,16,16,0,0,86,3,0,0,3,.
2014,235,N,235_N,235_N_2014,235_N_2014,1,1,0,0,0.5,0.577350269,0,0,16,0,16,38,0,0,86,1,0,0,1,.
2014,235,N,235_N,235_N_2014,235_N_2014,0,1,0,0,0.25,0.5,3,0,16,0,63,1,0,0,63,3,0,1,0,.
2014,235,N,235_N,235_N_2014,235_N_2014,0,1,0,0,0.25,0.5,0,16,16,0,16,3,0,0,86,3,0,1,3,.
2014,235,N,235_N,235_N_2014,235_N_2014,0,0,0,0,0,0,16,16,16,3,3,38,0,0,86,3,0,1,3,.
2014,235,N,235_N,235_N_2014,235_N_2014,0,0,0,0,0,0,0,0,63,0,3,3,0,0,86,1,0,0,1,.
2014,235,N,235_N,235_N_2014,235_N_2014,0,0,0,0,0,0,3,0,38,0,3,16,0,0,86,3,0,0,1,.
2014,235,N,235_N,235_N_2014,235_N_2014,0,0,0,0,0,0,0,0,63,3,16,16,0,0,63,3,0,0,3,.
2014,235,N,235_N,235_N_2014,235_N_2014,0,0,0,0,0,0,0,0,86,0,3,3,0,0,63,3,0,1,0,.
2014,235,N,235_N,235_N_2014,235_N_2014,0,0,0,0,0,0,0,0,38,0,16,16,0,0,86,3,0,1,1,.
2014,235,N,235_N,235_N_2014,235_N_2014,0,0,0,0,0,0,3,16,38,16,3,3,0,0,86,3,0,0,3,.
2014,235,S,235_S,235_S_2014,235_S_2014,1,7,11,1,5,4.898979486,0,16,3,0,63,16,0,0,63,16,0,0,0,.
2014,235,S,235_S,235_S_2014,235_S_2014,5,5,3,6,4.75,1.258305739,0,0,63,0,1,0,0,0,3,86,1,0,0,.
2014,235,S,235_S,235_S_2014,235_S_2014,4,3,3,7,4.25,1.892969449,0,0,63,0,16,0,0,0,3,63,0,1,1,.
2014,235,S,235_S,235_S_2014,235_S_2014,2,7,3,3,3.75,2.217355783,0,0,63,3,16,0,0,0,3,86,0,0,3,.
2014,235,S,235_S,235_S_2014,235_S_2014,5,4,3,3,3.75,0.957427108,0,0,63,0,16,3,3,0,3,86,1,0,3,.
2014,235,S,235_S,235_S_2014,235_S_2014,4,2,3,5,3.5,1.290994449,0,0,38,0,38,0,0,0,38,38,0,1,16,.
2014,235,S,235_S,235_S_2014,235_S_2014,3,5,2,3,3.25,1.258305739,0,16,16,3,63,16,0,0,63,3,0,0,3,.
2014,235,S,235_S,235_S_2014,235_S_2014,3,3,3,3,3,0,38,3,3,0,38,3,0,0,86,1,0,1,0,.
2014,235,S,235_S,235_S_2014,235_S_2014,5,3,3,1,3,1.632993162,0,0,63,0,16,0,0,0,16,63,0,0,1,.
2014,235,S,235_S,235_S_2014,235_S_2014,2,4,2,4,3,1.154700538,0,0,38,3,38,16,0,0,38,38,0,1,0,.
2014,235,S,235_S,235_S_2014,235_S_2014,3,3,3,3,3,0,0,0,63,3,16,3,0,0,16,63,0.5,1,1,.
2014,235,S,235_S,235_S_2014,235_S_2014,6,2,2,2,3,2,0,0,63,0,16,0,0,0,1,86,0.5,1,0,.
2014,235,S,235_S,235_S_2014,235_S_2014,3,3,3,3,3,0,0,0,86,0,3,0,0,0,16,63,0.5,1,1,.
2014,235,S,235_S,235_S_2014,235_S_2014,3,3,2,3,2.75,0.5,0,0,38,0,63,3,0,0,86,1,0,2,3,.
2014,235,S,235_S,235_S_2014,235_S_2014,3,5,1,2,2.75,1.707825128,0,0,63,0,3,0,0,0,0,86,0,1,0,.
2014,235,S,235_S,235_S_2014,235_S_2014,3,2,2,3,2.5,0.577350269,0,0,38,3,38,16,0,0,3,86,0,0,16,.
2014,235,S,235_S,235_S_2014,235_S_2014,3,2,2,3,2.5,0.577350269,0,0,63,3,3,1,0,0,3,86,1,0,0,.
2014,235,S,235_S,235_S_2014,235_S_2014,3,3,0,3,2.25,1.5,0,63,16,3,3,0,1,0,0,86,0,1,0,.
2014,235,S,235_S,235_S_2014,235_S_2014,3,3,2,1,2.25,0.957427108,0,0,16,3,63,16,0,0,63,16,0,1,16,.
2014,235,S,235_S,235_S_2014,235_S_2014,1,5,0,2,2,2.160246899,16,16,16,3,38,3,0,0,86,3,0,1,16,.
2014,235,S,235_S,235_S_2014,235_S_2014,3,2,1,2,2,0.816496581,0,0,86,0,3,0,0,0,16,63,0,0,0,.
2014,235,S,235_S,235_S_2014,235_S_2014,2,2,2,2,2,0,0,0,63,3,16,16,0,0,16,63,0,0,3,.
2014,235,S,235_S,235_S_2014,235_S_2014,3,1,1,3,2,1.154700538,0,0,63,0,16,0,0,0,3,86,0,0,3,.
2014,235,S,235_S,235_S_2014,235_S_2014,2,2,2,2,2,0,0,0,63,0,3,3,0,0,3,86,1,1,3,.
2014,235,S,235_S,235_S_2014,235_S_2014,2,1,2,1,1.5,0.577350269,0,0,38,3,16,16,0,0,16,63,0,1,3,.
2014,235,S,235_S,235_S_2014,235_S_2014,1,2,1,1,1.25,0.5,0,0,16,3,16,38,0,0,86,3,0,1,3,.
2014,235,S,235_S,235_S_2014,235_S_2014,1,1,1,1,1,0,16,0,16,3,63,16,16,0,63,3,0,1,16,.
2014,235,S,235_S,235_S_2014,235_S_2014,1,1,0,0,0.5,0.577350269,0,0,16,0,3,86,0,0,63,16,0,0,0,.
2014,235,S,235_S,235_S_2014,235_S_2014,0,1,1,0,0.5,0.577350269,0,0,16,3,3,63,0,0,16,16,0,0,0,.
2014,235,S,235_S,235_S_2014,235_S_2014,0,0,0,0,0,0,3,3,16,3,16,63,0,0,63,3,0,0,1,.
2014,BSH,C,BSH_C,BSH_C_2014,BSH_C_2014,20,20,17,14,17.75,2.872281323,0,0,86,0,63,3,0,0,0,98,2,0,0,.
2014,BSH,C,BSH_C,BSH_C_2014,BSH_C_2014,17,12,13,20,15.5,3.696845502,0,38,38,0,86,0,0,0,0,98,4,0,0,.
2014,BSH,C,BSH_C,BSH_C_2014,BSH_C_2014,7,20,14,12,13.25,5.377421935,0,16,86,3,63,0,0,0,0,0,0,0,0,.
2014,BSH,C,BSH_C,BSH_C_2014,BSH_C_2014,12,11,12,11,11.5,0.577350269,0,38,63,38,86,0,0,0,0,98,0.5,0,3,.
2014,BSH,C,BSH_C,BSH_C_2014,BSH_C_2014,7,4,7,10,7,2.449489743,0,38,16,0,63,3,0,0,3,98,3,0,0,.
2014,BSH,C,BSH_C,BSH_C_2014,BSH_C_2014,7,6,6,7,6.5,0.577350269,0,63,38,0,38,3,0,0,0,98,4,0,0,.
2014,BSH,C,BSH_C,BSH_C_2014,BSH_C_2014,4,8,5,6,5.75,1.707825128,0,16,63,0,16,0,16,0,1,86,0.5,0,0,.
2014,BSH,C,BSH_C,BSH_C_2014,BSH_C_2014,6,5,5,5,5.25,0.5,0,0,63,0,16,0,0,0,0,98,1,0,0,.
2014,BSH,C,BSH_C,BSH_C_2014,BSH_C_2014,6,4,5,6,5.25,0.957427108,0,0,86,0,16,0,0,0,0,98,3.5,0,0,.
2014,BSH,C,BSH_C,BSH_C_2014,BSH_C_2014,4,7,5,5,5.25,1.258305739,0,38,0,0,38,38,0,0,0,98,1.25,0,0,.
2014,BSH,C,BSH_C,BSH_C_2014,BSH_C_2014,4,6,5,5,5,0.816496581,0,38,63,0,63,0,0,0,0,98,1.5,0,3,.
2014,BSH,C,BSH_C,BSH_C_2014,BSH_C_2014,5,4,5,4,4.5,0.577350269,0,38,38,38,38,0,0,0,0,98,6,0,0,.
2014,BSH,C,BSH_C,BSH_C_2014,BSH_C_2014,4,4,5,4,4.25,0.5,16,38,38,0,16,0,0,0,1,98,5,0,0,.
2014,BSH,C,BSH_C,BSH_C_2014,BSH_C_2014,4,4,4,5,4.25,0.5,0,38,38,0,3,0,0,0,0,98,5,0,0,.
2014,BSH,C,BSH_C,BSH_C_2014,BSH_C_2014,5,3,4,5,4.25,0.957427108,0,16,38,0,16,63,0,0,0,98,4,0,0,.
2014,BSH,C,BSH_C,BSH_C_2014,BSH_C_2014,5,3,5,4,4.25,0.957427108,0,16,63,0,16,0,0,0,0,98,1,0,0,.
2014,BSH,C,BSH_C,BSH_C_2014,BSH_C_2014,5,4,3,5,4.25,0.957427108,0,63,16,38,0,0,0,0,0,98,2,0,0,.
2014,BSH,C,BSH_C,BSH_C_2014,BSH_C_2014,5,4,3,5,4.25,0.957427108,0,0,16,0,86,0,0,0,16,86,1,0,38,.
2014,BSH,C,BSH_C,BSH_C_2014,BSH_C_2014,3,4,4,5,4,0.816496581,0,16,63,0,16,3,0,0,16,86,2,0,0,.
2014,BSH,C,BSH_C,BSH_C_2014,BSH_C_2014,3,3,7,3,4,2,0,86,3,98,16,0,0,0,0,98,2,0,3,.
2014,BSH,C,BSH_C,BSH_C_2014,BSH_C_2014,5,4,3,3,3.75,0.957427108,0,16,38,0,16,0,0,0,0,98,0.75,0,0,.
2014,BSH,C,BSH_C,BSH_C_2014,BSH_C_2014,3,3,3,5,3.5,1,0,16,16,0,86,16,0,0,16,63,0.25,0,0,.
2014,BSH,C,BSH_C,BSH_C_2014,BSH_C_2014,4,3,3,4,3.5,0.577350269,0,38,38,0,3,0,0,0,0,98,0.75,0,0,.
2014,BSH,C,BSH_C,BSH_C_2014,BSH_C_2014,4,3,3,3,3.25,0.5,0,38,16,0,16,3,0,0,16,86,0.75,0,0,.
2014,BSH,C,BSH_C,BSH_C_2014,BSH_C_2014,3,3,4,3,3.25,0.5,0,63,16,0,3,0,0,0,3,98,4,0,0,.
2014,BSH,C,BSH_C,BSH_C_2014,BSH_C_2014,3,3,3,3,3,0,0,86,16,0,3,0,0,0,0,98,5,0,0,.
2014,BSH,C,BSH_C,BSH_C_2014,BSH_C_2014,3,1,4,2,2.5,1.290994449,0,63,16,0,3,0,0,0,3,98,3,0,0,.
2014,BSH,C,BSH_C,BSH_C_2014,BSH_C_2014,6,1,1,1,2.25,2.5,0,38,16,0,3,3,0,0,16,86,0.75,0,0,.
2014,BSH,C,BSH_C,BSH_C_2014,BSH_C_2014,2,2,2,3,2.25,0.5,0,63,16,0,38,0,0,0,0,98,3.5,0,0,.
2014,BSH,C,BSH_C,BSH_C_2014,BSH_C_2014,3,2,2,2,2.25,0.5,0,63,16,0,16,3,0,0,0,98,4,0,0,.
2014,BSH,N,BSH_N,BSH_N_2014,BSH_N_2014,9,8,7,9,8.25,0.957427108,0,3,38,0,86,0,0,0,3,86,1,0,0,.
2014,BSH,N,BSH_N,BSH_N_2014,BSH_N_2014,8,8,8,8,8,0,3,0,3,0,86,0,0,0,0,86,0.5,0,0,.
2014,BSH,N,BSH_N,BSH_N_2014,BSH_N_2014,6,6,6,5,5.75,0.5,0,38,63,0,38,0,0,0,0,98,3.75,0,0,.
2014,BSH,N,BSH_N,BSH_N_2014,BSH_N_2014,6,6,5,6,5.75,0.5,0,3,63,0,63,0,0,0,0,98,3.25,0,0,.
2014,BSH,N,BSH_N,BSH_N_2014,BSH_N_2014,5,5,7,5,5.5,1,0,38,63,0,16,0,0,0,0,98,1.5,0,0,.
2014,BSH,N,BSH_N,BSH_N_2014,BSH_N_2014,6,5,6,5,5.5,0.577350269,0,16,63,0,16,0,0,0,0,98,2,0,0,.
2014,BSH,N,BSH_N,BSH_N_2014,BSH_N_2014,5,6,5,5,5.25,0.5,0,16,0,0,63,0,0,0,3,63,0,0,0,.
2014,BSH,N,BSH_N,BSH_N_2014,BSH_N_2014,5,7,3,5,5,1.632993162,0,3,63,0,38,0,0,0,0,98,0.75,0,0,.
2014,BSH,N,BSH_N,BSH_N_2014,BSH_N_2014,5,5,5,5,5,0,0,16,98,0,3,0,0,0,1,98,6,0,0,.
2014,BSH,N,BSH_N,BSH_N_2014,BSH_N_2014,5,4,5,6,5,0.816496581,0,63,16,0,38,0,0,0,0,98,3,0,0,.
2014,BSH,N,BSH_N,BSH_N_2014,BSH_N_2014,5,4,5,5,4.75,0.5,0,16,86,0,16,0,0,0,0,98,1.5,0,0,.
2014,BSH,N,BSH_N,BSH_N_2014,BSH_N_2014,2,4,6,6,4.5,1.914854216,0,0,38,0,38,38,0,0,3,86,0,0,0,.
2014,BSH,N,BSH_N,BSH_N_2014,BSH_N_2014,4,5,5,4,4.5,0.577350269,0,38,38,0,16,0,0,0,0,98,2,0,0,.
2014,BSH,N,BSH_N,BSH_N_2014,BSH_N_2014,4,5,4,5,4.5,0.577350269,0,38,63,0,16,0,0,0,0,98,6,0,0,.
2014,BSH,N,BSH_N,BSH_N_2014,BSH_N_2014,4,4,5,4,4.25,0.5,0,63,38,0,16,3,0,0,0,98,2,0,0,.
2014,BSH,N,BSH_N,BSH_N_2014,BSH_N_2014,4,5,4,4,4.25,0.5,0,63,16,0,16,0,0,0,3,86,3,0,0,.
2014,BSH,N,BSH_N,BSH_N_2014,BSH_N_2014,4,4,3,5,4,0.816496581,0,16,86,0,3,0,0,0,0,98,1.25,0,0,.
2014,BSH,N,BSH_N,BSH_N_2014,BSH_N_2014,4,4,4,4,4,0,0,38,63,0,3,0,0,0,0,98,1.75,0,0,.
2014,BSH,N,BSH_N,BSH_N_2014,BSH_N_2014,4,5,3,4,4,0.816496581,0,38,86,0,16,3,3,0,0,98,5,0,0,.
2014,BSH,N,BSH_N,BSH_N_2014,BSH_N_2014,4,3,4,4,3.75,0.5,0,3,63,0,16,0,0,0,0,98,3,0,0,.
2014,BSH,N,BSH_N,BSH_N_2014,BSH_N_2014,5,3,3,4,3.75,0.957427108,0,63,3,0,16,0,0,0,0,98,1,0,0,.
2014,BSH,N,BSH_N,BSH_N_2014,BSH_N_2014,4,4,3,4,3.75,0.5,0,86,0,0,38,0,0,0,0,98,4,0,0,.
2014,BSH,N,BSH_N,BSH_N_2014,BSH_N_2014,4,1,6,3,3.5,2.081665999,0,38,16,0,38,0,0,0,38,63,0,0,16,.
2014,BSH,N,BSH_N,BSH_N_2014,BSH_N_2014,3,3,3,3,3,0,0,16,63,0,16,0,0,0,0,98,1.5,0,0,.
2014,BSH,N,BSH_N,BSH_N_2014,BSH_N_2014,4,2,1,5,3,1.825741858,0,38,0,0,38,0,0,0,16,86,1,0,0,.
2014,BSH,N,BSH_N,BSH_N_2014,BSH_N_2014,3,2,2,3,2.5,0.577350269,0,3,16,0,3,0,0,0,0,98,1,0,0,.
2014,BSH,N,BSH_N,BSH_N_2014,BSH_N_2014,2,2,2,2,2,0,0,16,63,98,16,3,3,0,16,86,0.5,0,0,.
2014,BSH,N,BSH_N,BSH_N_2014,BSH_N_2014,4,1,1,2,2,1.414213562,0,38,3,0,16,0,0,0,16,86,0,1,0,.
2014,BSH,N,BSH_N,BSH_N_2014,BSH_N_2014,2,1,1,1,1.25,0.5,16,0,16,0,38,3,0,0,63,16,0,2,0,.
2014,BSH,N,BSH_N,BSH_N_2014,BSH_N_2014,1,1,1,1,1,0,0,38,16,0,63,0,0,0,38,63,0,0,0,.
2014,BSH,S,BSH_S,BSH_S_2014,BSH_S_2014,20,14,12,18,16,3.651483717,0,38,3,98,86,3,0,0,3,86,2.75,0,0,.
2014,BSH,S,BSH_S,BSH_S_2014,BSH_S_2014,9,9,10,9,9.25,0.5,0,38,16,98,86,16,16,0,3,86,0.5,0,16,.
2014,BSH,S,BSH_S,BSH_S_2014,BSH_S_2014,8,7,5,7,6.75,1.258305739,0,16,38,0,63,0,0,0,0,98,3,0,0,.
2014,BSH,S,BSH_S,BSH_S_2014,BSH_S_2014,8,4,5,7,6,1.825741858,0,0,63,0,16,3,0,0,16,98,2,0,0,.
2014,BSH,S,BSH_S,BSH_S_2014,BSH_S_2014,6,5,5,6,5.5,0.577350269,0,16,86,0,3,0,0,0,1,98,1,0,3,.
2014,BSH,S,BSH_S,BSH_S_2014,BSH_S_2014,6,5,5,5,5.25,0.5,0,16,63,0,3,0,0,0,0,98,2,0,0,.
2014,BSH,S,BSH_S,BSH_S_2014,BSH_S_2014,6,5,4,5,5,0.816496581,0,3,63,0,3,0,0,0,0,86,0.75,0,0,.
2014,BSH,S,BSH_S,BSH_S_2014,BSH_S_2014,6,5,4,5,5,0.816496581,0,63,38,0,16,0,0,0,3,98,1,0,0,.
2014,BSH,S,BSH_S,BSH_S_2014,BSH_S_2014,9,4,3,4,5,2.708012802,0,16,38,0,38,3,3,0,16,63,0,0,0,.
2014,BSH,S,BSH_S,BSH_S_2014,BSH_S_2014,5,5,5,4,4.75,0.5,0,16,86,0,3,0,0,0,0,98,5,0,0,.
2014,BSH,S,BSH_S,BSH_S_2014,BSH_S_2014,5,2,4,7,4.5,2.081665999,0,38,16,0,38,0,0,0,1,98,0.5,0,0,.
2014,BSH,S,BSH_S,BSH_S_2014,BSH_S_2014,5,3,4,6,4.5,1.290994449,0,63,16,0,38,0,0,0,0,98,1.5,0,0,.
2014,BSH,S,BSH_S,BSH_S_2014,BSH_S_2014,5,5,3,4,4.25,0.957427108,0,0,86,0,3,0,0,0,0,98,1,0,0,.
2014,BSH,S,BSH_S,BSH_S_2014,BSH_S_2014,4,4,4,5,4.25,0.5,0,0,98,0,16,0,0,0,0,98,3,0,0,.
2014,BSH,S,BSH_S,BSH_S_2014,BSH_S_2014,4,3,5,3,3.75,0.957427108,0,63,16,0,16,3,0,0,16,86,0,0,0,.
2014,BSH,S,BSH_S,BSH_S_2014,BSH_S_2014,3,4,4,4,3.75,0.5,0,38,38,0,16,0,0,0,3,86,1,0,3,.
2014,BSH,S,BSH_S,BSH_S_2014,BSH_S_2014,4,3,4,4,3.75,0.5,0,38,38,0,16,0,0,0,3,98,3,0,0,.
2014,BSH,S,BSH_S,BSH_S_2014,BSH_S_2014,3,4,4,3,3.5,0.577350269,0,38,38,0,16,1,0,0,3,98,3,0,3,.
2014,BSH,S,BSH_S,BSH_S_2014,BSH_S_2014,3,3,3,5,3.5,1,0,38,38,38,16,0,3,0,16,86,0,0,0,.
2014,BSH,S,BSH_S,BSH_S_2014,BSH_S_2014,3,4,4,3,3.5,0.577350269,0,16,63,0,16,0,0,0,3,86,0.75,0,0,.
2014,BSH,S,BSH_S,BSH_S_2014,BSH_S_2014,3,2,4,5,3.5,1.290994449,0,63,0,0,16,3,0,0,0,98,1,0,0,.
2014,BSH,S,BSH_S,BSH_S_2014,BSH_S_2014,4,3,3,3,3.25,0.5,0,63,0,0,16,3,0,0,16,86,0.25,0,3,.
2014,BSH,S,BSH_S,BSH_S_2014,BSH_S_2014,3,3,3,3,3,0,0,38,16,0,16,0,0,0,0,98,4.75,0,0,.
2014,BSH,S,BSH_S,BSH_S_2014,BSH_S_2014,3,3,4,2,3,0.816496581,0,63,3,0,38,16,0,0,16,86,1.5,0,0,.
2014,BSH,S,BSH_S,BSH_S_2014,BSH_S_2014,3,2,3,2,2.5,0.577350269,0,63,3,0,38,3,0,16,3,86,0.75,0,0,.
2014,BSH,S,BSH_S,BSH_S_2014,BSH_S_2014,2,2,3,3,2.5,0.577350269,0,86,3,0,3,0,0,0,3,86,0,0,0,.
2014,BSH,S,BSH_S,BSH_S_2014,BSH_S_2014,2,2,3,3,2.5,0.577350269,0,38,63,0,16,0,0,0,16,86,1,0,0,.
2014,BSH,S,BSH_S,BSH_S_2014,BSH_S_2014,3,2,2,2,2.25,0.5,0,63,16,0,38,0,0,0,16,86,2,0,0,.
2014,BSH,S,BSH_S,BSH_S_2014,BSH_S_2014,3,1,3,2,2.25,0.957427108,0,38,0,0,63,0,0,0,16,86,0.5,0,0,.
2014,BSH,S,BSH_S,BSH_S_2014,BSH_S_2014,2,2,2,2,2,0,0,63,0,0,38,3,0,0,3,98,0.25,0,0,.
2014,DUN,C,DUN_C,DUN_C_2014,DUN_C_2014,14,9,11,20,13.5,4.795831523,0,0,16,98,38,86,0,0,0,86,0.25,0,0,.
2014,DUN,C,DUN_C,DUN_C_2014,DUN_C_2014,11,15,16,8,12.5,3.696845502,3,0,16,38,63,63,0,16,16,86,0,0,38,.
2014,DUN,C,DUN_C,DUN_C_2014,DUN_C_2014,10,15,15,7,11.75,3.947573094,16,0,86,16,16,16,0,0,1,86,0.25,0,0,.
2014,DUN,C,DUN_C,DUN_C_2014,DUN_C_2014,10,12,12,10,11,1.154700538,0,0,63,98,86,38,0,0,0,86,0.25,0,0,.
2014,DUN,C,DUN_C,DUN_C_2014,DUN_C_2014,10,18,5,6,9.75,5.909032634,0,3,38,3,38,38,0,0,1,86,0.25,0,0,.
2014,DUN,C,DUN_C,DUN_C_2014,DUN_C_2014,7,9,15,6,9.25,4.031128874,0,0,16,86,63,63,0,0,16,86,0,0,0,.
2014,DUN,C,DUN_C,DUN_C_2014,DUN_C_2014,10,9,5,11,8.75,2.62995564,16,0,86,63,0,63,0,0,3,86,0,1,3,.
2014,DUN,C,DUN_C,DUN_C_2014,DUN_C_2014,9,9,9,7,8.5,1,0,0,63,38,38,63,0,0,16,63,0,1,16,.
2014,DUN,C,DUN_C,DUN_C_2014,DUN_C_2014,10,8,5,10,8.25,2.362907813,16,0,38,86,63,0,0,0,16,86,0,0,0,.
2014,DUN,C,DUN_C,DUN_C_2014,DUN_C_2014,9,4,9,11,8.25,2.986078811,0,0,63,16,16,63,0,0,0,98,3.75,0,0,.
2014,DUN,C,DUN_C,DUN_C_2014,DUN_C_2014,7,7,5,14,8.25,3.947573094,0,0,38,16,86,38,0,0,0,86,0.25,0,0,.
2014,DUN,C,DUN_C,DUN_C_2014,DUN_C_2014,4,15,8,5,8,4.966554809,0,0,38,38,63,63,0,0,0,86,0.5,0,0,.
2014,DUN,C,DUN_C,DUN_C_2014,DUN_C_2014,8,6,9,9,8,1.414213562,0,0,38,38,38,63,0,0,0,98,1,1,3,.
2014,DUN,C,DUN_C,DUN_C_2014,DUN_C_2014,7,7,11,7,8,2,0,0,16,98,86,38,0,0,0,98,1,0,0,.
2014,DUN,C,DUN_C,DUN_C_2014,DUN_C_2014,6,7,5,13,7.75,3.593976442,0,0,38,38,38,63,0,0,3,86,0.5,0,0,.
2014,DUN,C,DUN_C,DUN_C_2014,DUN_C_2014,6,9,8,7,7.5,1.290994449,0,16,38,38,63,63,0,0,16,63,0,0,0,.
2014,DUN,C,DUN_C,DUN_C_2014,DUN_C_2014,6,12,5,6,7.25,3.201562119,0,0,38,98,98,16,0,0,0,98,1,0,0,.
2014,DUN,C,DUN_C,DUN_C_2014,DUN_C_2014,9,8,7,5,7.25,1.707825128,16,0,63,16,16,63,0,0,0,86,0,0,3,.
2014,DUN,C,DUN_C,DUN_C_2014,DUN_C_2014,7,7,7,7,7,0,16,0,38,63,86,38,0,0,1,86,0.25,1,0,.
2014,DUN,C,DUN_C,DUN_C_2014,DUN_C_2014,7,5,9,7,7,1.632993162,0,0,63,86,63,63,0,0,0,98,2,0,0,.
2014,DUN,C,DUN_C,DUN_C_2014,DUN_C_2014,6,9,6,6,6.75,1.5,0,3,38,86,86,38,0,0,1,86,0,0,0,.
2014,DUN,C,DUN_C,DUN_C_2014,DUN_C_2014,7,7,7,6,6.75,0.5,0,0,38,16,38,63,0,0,0,98,1,0,0,.
2014,DUN,C,DUN_C,DUN_C_2014,DUN_C_2014,8,6,7,6,6.75,0.957427108,16,0,86,86,38,38,0,0,0,98,5,0,0,.
2014,DUN,C,DUN_C,DUN_C_2014,DUN_C_2014,7,7,7,5,6.5,1,0,0,38,98,38,0,0,0,0,98,1,0,0,.
2014,DUN,C,DUN_C,DUN_C_2014,DUN_C_2014,7,5,7,7,6.5,1,0,0,63,63,63,63,0,0,3,86,0.25,0,0,.
2014,DUN,C,DUN_C,DUN_C_2014,DUN_C_2014,7,6,7,6,6.5,0.577350269,0,3,16,63,98,38,0,0,3,86,0.25,0,0,.
2014,DUN,C,DUN_C,DUN_C_2014,DUN_C_2014,10,5,5,3,5.75,2.986078811,0,0,38,16,38,63,0,0,0,86,1,0,0,.
2014,DUN,C,DUN_C,DUN_C_2014,DUN_C_2014,5,5,7,5,5.5,1,0,0,16,63,86,38,0,0,16,86,0.25,0,0,.
2014,DUN,C,DUN_C,DUN_C_2014,DUN_C_2014,6,5,5,5,5.25,0.5,0,16,38,63,38,86,0,0,0,98,3,2,0,.
2014,DUN,C,DUN_C,DUN_C_2014,DUN_C_2014,5,5,4,5,4.75,0.5,0,0,86,38,38,3,0,0,0,86,0.25,0,0,.
2014,DUN,E,DUN_E,DUN_E_2014,DUN_E_2014,20,20,20,20,20,0,0,0,1,0,98,0,0,0,3,86,0.5,0,0,.
2014,DUN,E,DUN_E,DUN_E_2014,DUN_E_2014,18,20,20,20,19.5,1,0,0,16,0,98,0,0,38,38,63,0.5,0,0,.
2014,DUN,E,DUN_E,DUN_E_2014,DUN_E_2014,14,14,15,12,13.75,1.258305739,38,0,63,16,63,16,0,0,3,86,2,1,38,.
2014,DUN,E,DUN_E,DUN_E_2014,DUN_E_2014,13,10,13,14,12.5,1.732050808,16,3,63,0,86,16,0,0,3,86,0,2,16,.
2014,DUN,E,DUN_E,DUN_E_2014,DUN_E_2014,7,16,13,11,11.75,3.774917218,63,0,16,0,63,16,0,0,3,86,0.5,2,16,.
2014,DUN,E,DUN_E,DUN_E_2014,DUN_E_2014,7,20,6,12,11.25,6.396613687,0,0,38,98,86,0,0,3,0,98,4,0,3,.
2014,DUN,E,DUN_E,DUN_E_2014,DUN_E_2014,11,9,10,14,11,2.160246899,86,0,16,38,38,0,0,0,3,98,2.25,1,16,.
2014,DUN,E,DUN_E,DUN_E_2014,DUN_E_2014,11,10,9,11,10.25,0.957427108,86,0,38,16,38,0,0,0,0,86,0.5,1,16,.
2014,DUN,E,DUN_E,DUN_E_2014,DUN_E_2014,15,11,6,7,9.75,4.11298756,86,0,16,3,16,0,0,0,16,86,5.5,1,16,.
2014,DUN,E,DUN_E,DUN_E_2014,DUN_E_2014,7,3,12,16,9.5,5.686240703,3,16,63,3,16,16,0,0,3,86,0.25,2,0,.
2014,DUN,E,DUN_E,DUN_E_2014,DUN_E_2014,8,7,10,13,9.5,2.645751311,0,0,38,0,86,0,0,0,16,86,0.25,1,38,.
2014,DUN,E,DUN_E,DUN_E_2014,DUN_E_2014,8,8,12,10,9.5,1.914854216,38,0,16,0,38,38,0,0,3,86,0,0,0,.
2014,DUN,E,DUN_E,DUN_E_2014,DUN_E_2014,4,9,9,15,9.25,4.5,0,0,63,38,38,0,0,0,3,86,0.5,1,3,.
2014,DUN,E,DUN_E,DUN_E_2014,DUN_E_2014,7,5,7,18,9.25,5.909032634,86,0,16,16,16,16,0,0,0,98,2,1,0,.
2014,DUN,E,DUN_E,DUN_E_2014,DUN_E_2014,5,9,12,9,8.75,2.872281323,63,0,16,0,38,3,0,0,3,86,0.25,2,3,.
2014,DUN,E,DUN_E,DUN_E_2014,DUN_E_2014,8,10,9,7,8.5,1.290994449,3,3,38,16,16,63,0,3,16,86,0,2,0,.
2014,DUN,E,DUN_E,DUN_E_2014,DUN_E_2014,9,8,11,6,8.5,2.081665999,3,0,63,38,63,16,0,0,0,98,0.5,0,0,.
2014,DUN,E,DUN_E,DUN_E_2014,DUN_E_2014,4,11,9,8,8,2.943920289,63,16,16,3,16,16,0,0,3,86,0.5,2,0,.
2014,DUN,E,DUN_E,DUN_E_2014,DUN_E_2014,9,5,7,10,7.75,2.217355783,86,0,16,0,16,3,0,0,3,86,0.5,1,3,.
2014,DUN,E,DUN_E,DUN_E_2014,DUN_E_2014,12,5,7,4,7,3.559026084,0,0,86,16,38,3,0,0,3,86,0.25,2,16,.
2014,DUN,E,DUN_E,DUN_E_2014,DUN_E_2014,9,3,3,12,6.75,4.5,16,0,86,16,16,38,0,0,3,86,0.25,2,3,.
2014,DUN,E,DUN_E,DUN_E_2014,DUN_E_2014,8,5,6,8,6.75,1.5,16,0,16,0,63,38,0,0,3,86,1.5,1,3,.
2014,DUN,E,DUN_E,DUN_E_2014,DUN_E_2014,4,4,10,8,6.5,3,38,3,38,63,63,0,0,0,0,98,1.75,1,16,.
2014,DUN,E,DUN_E,DUN_E_2014,DUN_E_2014,8,5,3,10,6.5,3.109126351,16,0,98,16,16,16,0,0,3,86,0.5,2,3,.
2014,DUN,E,DUN_E,DUN_E_2014,DUN_E_2014,5,7,4,9,6.25,2.217355783,0,0,86,63,16,16,0,0,3,86,0,1,0,.
2014,DUN,E,DUN_E,DUN_E_2014,DUN_E_2014,5,3,10,6,6,2.943920289,0,0,63,63,63,3,0,0,1,98,6,0,16,.
2014,DUN,E,DUN_E,DUN_E_2014,DUN_E_2014,4,3,3,4,3.5,0.577350269,38,0,63,16,16,1,0,0,16,86,0,2,3,.
2014,DUN,E,DUN_E,DUN_E_2014,DUN_E_2014,3,3,4,4,3.5,0.577350269,38,0,63,38,38,16,0,0,3,86,0.25,2,0,.
2014,DUN,E,DUN_E,DUN_E_2014,DUN_E_2014,3,3,3,4,3.25,0.5,16,0,86,38,38,3,0,0,16,86,0,2,0,.
2014,DUN,E,DUN_E,DUN_E_2014,DUN_E_2014,2,2,3,2,2.25,0.5,16,0,63,16,38,3,0,0,3,86,0,2,0,.
2014,DUN,W,DUN_W,DUN_W_2014,DUN_W_2014,13,15,11,9,12,2.581988897,0,0,63,16,16,63,0,0,0,98,3,0,16,.
2014,DUN,W,DUN_W,DUN_W_2014,DUN_W_2014,9,13,7,11,10,2.581988897,86,0,38,0,16,0,0,0,3,98,3.25,2,16,.
2014,DUN,W,DUN_W,DUN_W_2014,DUN_W_2014,12,8,8,12,10,2.309401077,3,0,38,16,16,86,0,0,3,86,0,0,0,.
2014,DUN,W,DUN_W,DUN_W_2014,DUN_W_2014,5,13,12,9,9.75,3.593976442,16,0,38,38,38,38,0,0,16,86,0,1,0,.
2014,DUN,W,DUN_W,DUN_W_2014,DUN_W_2014,12,11,6,8,9.25,2.753785274,0,0,38,16,63,38,0,0,1,86,0.25,0,16,.
2014,DUN,W,DUN_W,DUN_W_2014,DUN_W_2014,7,10,5,11,8.25,2.753785274,63,16,38,0,3,3,0,0,3,86,0.25,2,0,.
2014,DUN,W,DUN_W,DUN_W_2014,DUN_W_2014,9,10,10,4,8.25,2.872281323,0,0,38,38,63,38,0,0,0,86,0.25,1,16,.
2014,DUN,W,DUN_W,DUN_W_2014,DUN_W_2014,11,8,6,7,8,2.160246899,86,0,3,98,16,16,0,0,16,86,0,0,16,.
2014,DUN,W,DUN_W,DUN_W_2014,DUN_W_2014,8,7,9,8,8,0.816496581,63,0,16,0,38,16,0,0,16,86,1,2,0,.
2014,DUN,W,DUN_W,DUN_W_2014,DUN_W_2014,11,3,3,15,8,6,0,16,86,38,3,38,0,0,3,86,0.25,2,0,.
2014,DUN,W,DUN_W,DUN_W_2014,DUN_W_2014,6,9,9,7,7.75,1.5,86,0,16,63,16,0,0,0,0,98,4.5,0,16,.
2014,DUN,W,DUN_W,DUN_W_2014,DUN_W_2014,6,11,4,10,7.75,3.304037934,16,0,86,16,38,0,0,0,3,98,0.25,2,0,.
2014,DUN,W,DUN_W,DUN_W_2014,DUN_W_2014,9,8,7,5,7.25,1.707825128,16,0,16,16,38,63,0,0,16,86,0,2,0,.
2014,DUN,W,DUN_W,DUN_W_2014,DUN_W_2014,11,5,5,7,7,2.828427125,98,0,16,0,3,3,0,0,3,86,0.5,2,0,.
2014,DUN,W,DUN_W,DUN_W_2014,DUN_W_2014,8,8,6,6,7,1.154700538,98,0,16,0,16,3,0,0,3,98,0.25,1,0,.
2014,DUN,W,DUN_W,DUN_W_2014,DUN_W_2014,9,6,7,6,7,1.414213562,38,0,38,16,16,16,0,0,3,86,1.5,2,0,.
2014,DUN,W,DUN_W,DUN_W_2014,DUN_W_2014,8,11,4,3,6.5,3.696845502,16,3,86,38,38,3,0,0,3,86,0,2,16,.
2014,DUN,W,DUN_W,DUN_W_2014,DUN_W_2014,4,5,8,9,6.5,2.380476143,3,0,16,16,86,38,0,0,16,86,0,1,0,.
2014,DUN,W,DUN_W,DUN_W_2014,DUN_W_2014,7,8,5,5,6.25,1.5,38,0,63,3,16,16,0,0,3,86,0.25,2,38,.
2014,DUN,W,DUN_W,DUN_W_2014,DUN_W_2014,5,4,9,5,5.75,2.217355783,16,0,86,16,16,16,0,0,3,86,0,2,16,.
2014,DUN,W,DUN_W,DUN_W_2014,DUN_W_2014,3,7,9,3,5.5,3,3,0,16,98,86,16,0,0,38,63,0,1,16,.
2014,DUN,W,DUN_W,DUN_W_2014,DUN_W_2014,6,3,6,7,5.5,1.732050808,3,0,63,0,16,3,0,0,16,86,0.25,1,0,.
2014,DUN,W,DUN_W,DUN_W_2014,DUN_W_2014,7,3,3,9,5.5,3,3,0,86,0,3,16,0,0,3,86,0.25,2,0,.
2014,DUN,W,DUN_W,DUN_W_2014,DUN_W_2014,9,7,2,3,5.25,3.304037934,16,0,63,16,16,3,0,0,3,86,0.25,2,0,.
2014,DUN,W,DUN_W,DUN_W_2014,DUN_W_2014,5,7,5,3,5,1.632993162,38,0,16,0,63,3,0,0,1,86,0.25,2,16,.
2014,DUN,W,DUN_W,DUN_W_2014,DUN_W_2014,4,6,5,5,5,0.816496581,0,3,38,16,16,63,0,0,3,86,0,1,0,.
2014,DUN,W,DUN_W,DUN_W_2014,DUN_W_2014,4,3,7,6,5,1.825741858,16,0,86,63,16,0,0,0,0,98,2,1,0,.
2014,DUN,W,DUN_W,DUN_W_2014,DUN_W_2014,5,4,4,4,4.25,0.5,38,0,16,0,38,38,0,0,3,86,0.25,2,0,.
2014,DUN,W,DUN_W,DUN_W_2014,DUN_W_2014,11,2,1,3,4.25,4.573474245,38,0,16,0,16,38,0,0,3,86,0.25,2,0,.
2014,DUN,W,DUN_W,DUN_W_2014,DUN_W_2014,2,2,2,2,2,0,3,0,98,0,3,16,0,0,3,86,0,2,0,.
2014,GIL,C,GIL_C,GIL_C_2014,GIL_C_2014,2,1,17,20,10,9.899494937,0,63,38,38,16,3,0,0,16,63,0,0,0,.
2014,GIL,C,GIL_C,GIL_C_2014,GIL_C_2014,4,5,13,5,6.75,4.193248542,0,38,16,16,86,0,0,0,3,63,2,0,63,.
2014,GIL,C,GIL_C,GIL_C_2014,GIL_C_2014,3,3,5,3,3.5,1,0,38,38,3,38,0,16,0,3,63,2,0,16,.
2014,GIL,C,GIL_C,GIL_C_2014,GIL_C_2014,3,4,3,2,3,0.816496581,0,86,16,0,38,0,0,0,3,86,2,0,16,.
2014,GIL,C,GIL_C,GIL_C_2014,GIL_C_2014,4,3,3,2,3,0.816496581,0,63,38,16,38,3,16,0,1,86,4,0,16,.
2014,GIL,C,GIL_C,GIL_C_2014,GIL_C_2014,2,3,3,3,2.75,0.5,3,86,16,3,38,3,0,0,3,86,2,1,0,.
2014,GIL,C,GIL_C,GIL_C_2014,GIL_C_2014,2,3,3,3,2.75,0.5,3,86,16,0,38,0,0,0,1,86,2,0,0,.
2014,GIL,C,GIL_C,GIL_C_2014,GIL_C_2014,3,3,2,3,2.75,0.5,3,63,38,0,38,0,3,0,0,98,5,1,3,.
2014,GIL,C,GIL_C,GIL_C_2014,GIL_C_2014,3,2,2,3,2.5,0.577350269,3,86,16,3,16,3,0,0,1,86,2,0,0,.
2014,GIL,C,GIL_C,GIL_C_2014,GIL_C_2014,2,3,3,2,2.5,0.577350269,3,86,16,3,16,0,0,0,0,98,2,0,3,.
2014,GIL,C,GIL_C,GIL_C_2014,GIL_C_2014,2,3,3,2,2.5,0.577350269,0,86,16,0,16,16,0,0,0,98,2,0,16,.
2014,GIL,C,GIL_C,GIL_C_2014,GIL_C_2014,2,4,2,2,2.5,1,0,86,16,3,16,3,0,0,1,86,1,0,16,.
2014,GIL,C,GIL_C,GIL_C_2014,GIL_C_2014,3,2,2,2,2.25,0.5,0,86,16,3,63,0,0,0,3,86,2,0,63,.
2014,GIL,C,GIL_C,GIL_C_2014,GIL_C_2014,3,2,2,2,2.25,0.5,0,86,38,16,16,0,0,0,0,98,3,0,16,.
2014,GIL,C,GIL_C,GIL_C_2014,GIL_C_2014,3,1,2,2,2,0.816496581,3,86,16,0,16,0,0,0,3,86,3,1,0,.
2014,GIL,C,GIL_C,GIL_C_2014,GIL_C_2014,2,1,3,2,2,0.816496581,16,86,16,0,0,3,0,0,1,86,2,0,0,.
2014,GIL,C,GIL_C,GIL_C_2014,GIL_C_2014,1,1,1,5,2,2,16,63,38,3,16,1,0,0,16,63,0,2,3,.
2014,GIL,C,GIL_C,GIL_C_2014,GIL_C_2014,2,2,2,1,1.75,0.5,16,86,3,0,16,0,0,0,0,98,2,0,0,.
2014,GIL,C,GIL_C,GIL_C_2014,GIL_C_2014,1,1,2,3,1.75,0.957427108,16,63,38,3,16,3,0,0,3,86,5,1,0,.
2014,GIL,C,GIL_C,GIL_C_2014,GIL_C_2014,1,2,1,3,1.75,0.957427108,0,86,16,3,16,0,0,0,3,86,1,0,16,.
2014,GIL,C,GIL_C,GIL_C_2014,GIL_C_2014,2,3,1,1,1.75,0.957427108,0,63,38,0,16,0,0,0,3,86,0,0,16,.
2014,GIL,C,GIL_C,GIL_C_2014,GIL_C_2014,1,2,2,1,1.5,0.577350269,3,86,16,3,3,0,0,0,1,86,2,0,0,.
2014,GIL,C,GIL_C,GIL_C_2014,GIL_C_2014,1,2,2,1,1.5,0.577350269,0,86,16,3,3,1,0,0,3,86,1,1,0,.
2014,GIL,C,GIL_C,GIL_C_2014,GIL_C_2014,2,1,1,2,1.5,0.577350269,3,38,63,3,16,1,0,0,16,63,2,0,16,.
2014,GIL,C,GIL_C,GIL_C_2014,GIL_C_2014,2,2,1,1,1.5,0.577350269,3,38,63,3,16,16,0,0,38,38,0,0,3,.
2014,GIL,C,GIL_C,GIL_C_2014,GIL_C_2014,1,1,1,1,1,0,16,38,16,0,3,38,0,0,38,38,1,2,0,.
2014,GIL,C,GIL_C,GIL_C_2014,GIL_C_2014,1,1,1,1,1,0,3,63,16,38,16,3,0,0,16,63,0,0,0,.
2014,GIL,C,GIL_C,GIL_C_2014,GIL_C_2014,1,1,1,1,1,0,3,63,38,38,3,16,0,0,3,86,0,0,0,.
2014,GIL,C,GIL_C,GIL_C_2014,GIL_C_2014,1,0,0,1,0.5,0.577350269,3,63,38,3,3,16,0,0,38,38,0,0,0,.
2014,GIL,C,GIL_C,GIL_C_2014,GIL_C_2014,0,1,1,0,0.5,0.577350269,0,63,38,16,16,38,0,0,38,16,0,2,0,.
2014,GIL,N,GIL_N,GIL_N_2014,GIL_N_2014,4,4,4,4,4,0,0,38,16,86,86,3,0,0,16,63,2,0,0,.
2014,GIL,N,GIL_N,GIL_N_2014,GIL_N_2014,2,3,4,7,4,2.160246899,0,86,16,3,16,16,16,0,1,86,3,0,0,.
2014,GIL,N,GIL_N,GIL_N_2014,GIL_N_2014,3,5,4,3,3.75,0.957427108,3,86,16,0,38,0,0,0,3,86,2,0,0,.
2014,GIL,N,GIL_N,GIL_N_2014,GIL_N_2014,2,5,3,3,3.25,1.258305739,0,86,16,0,16,0,0,0,0,98,2,0,0,.
2014,GIL,N,GIL_N,GIL_N_2014,GIL_N_2014,1,9,1,2,3.25,3.862210075,0,86,16,16,3,0,3,0,1,86,2,0,0,.
2014,GIL,N,GIL_N,GIL_N_2014,GIL_N_2014,4,3,2,3,3,0.816496581,3,63,38,0,38,16,0,0,3,86,1,1,0,.
2014,GIL,N,GIL_N,GIL_N_2014,GIL_N_2014,2,3,3,3,2.75,0.5,16,63,16,0,16,3,0,0,1,86,1,0,3,.
2014,GIL,N,GIL_N,GIL_N_2014,GIL_N_2014,3,2,3,3,2.75,0.5,0,16,86,16,16,3,0,0,1,86,2,0,0,.
2014,GIL,N,GIL_N,GIL_N_2014,GIL_N_2014,3,4,1,2,2.5,1.290994449,3,86,16,38,16,3,0,0,3,86,1,1,0,.
2014,GIL,N,GIL_N,GIL_N_2014,GIL_N_2014,2,5,1,1,2.25,1.892969449,16,86,16,3,16,16,0,0,3,86,1,1,1,.
2014,GIL,N,GIL_N,GIL_N_2014,GIL_N_2014,1,2,3,3,2.25,0.957427108,0,86,16,0,16,0,16,0,0,98,3,0,0,.
2014,GIL,N,GIL_N,GIL_N_2014,GIL_N_2014,2,2,2,2,2,0,38,63,16,16,16,63,0,0,16,63,1,0,0,.
2014,GIL,N,GIL_N,GIL_N_2014,GIL_N_2014,1,2,3,1,1.75,0.957427108,3,63,16,3,3,16,16,0,16,38,1,0,0,.
2014,GIL,N,GIL_N,GIL_N_2014,GIL_N_2014,1,2,2,2,1.75,0.5,3,86,16,0,16,16,0,0,1,86,3,0,1,.
2014,GIL,N,GIL_N,GIL_N_2014,GIL_N_2014,1,4,1,1,1.75,1.5,1,86,16,3,3,16,0,0,16,63,1,1,0,.
2014,GIL,N,GIL_N,GIL_N_2014,GIL_N_2014,1,2,2,2,1.75,0.5,16,63,38,3,16,3,0,0,1,86,1,0,0,.
2014,GIL,N,GIL_N,GIL_N_2014,GIL_N_2014,1,4,0,1,1.5,1.732050808,3,63,38,16,3,16,0,0,16,38,1,0,0,.
2014,GIL,N,GIL_N,GIL_N_2014,GIL_N_2014,1,1,1,3,1.5,1,3,63,38,0,38,16,0,0,3,86,1,0,0,.
2014,GIL,N,GIL_N,GIL_N_2014,GIL_N_2014,2,1,1,1,1.25,0.5,0,86,16,3,3,3,0,0,1,86,2,0,0,.
2014,GIL,N,GIL_N,GIL_N_2014,GIL_N_2014,1,1,1,2,1.25,0.5,1,86,16,3,16,16,0,0,3,63,1,0,0,.
2014,GIL,N,GIL_N,GIL_N_2014,GIL_N_2014,1,2,1,1,1.25,0.5,0,86,16,16,16,16,0,0,3,86,1,1,0,.
2014,GIL,N,GIL_N,GIL_N_2014,GIL_N_2014,1,2,1,1,1.25,0.5,1,63,38,3,38,16,0,0,16,63,0,0,0,.
2014,GIL,N,GIL_N,GIL_N_2014,GIL_N_2014,1,1,1,1,1,0,3,63,16,16,3,16,0,0,38,16,1,0,0,.
2014,GIL,N,GIL_N,GIL_N_2014,GIL_N_2014,1,1,1,1,1,0,3,63,63,0,16,16,0,0,16,63,0,1,0,.
2014,GIL,N,GIL_N,GIL_N_2014,GIL_N_2014,1,1,1,1,1,0,16,63,16,16,16,16,0,0,16,63,1,0,0,.
2014,GIL,N,GIL_N,GIL_N_2014,GIL_N_2014,1,1,1,1,1,0,0,86,16,16,16,38,0,0,16,63,1,0,0,.
2014,GIL,N,GIL_N,GIL_N_2014,GIL_N_2014,1,0,1,1,0.75,0.5,16,38,63,38,3,16,0,0,38,16,1,2,0,.
2014,GIL,N,GIL_N,GIL_N_2014,GIL_N_2014,1,1,0,1,0.75,0.5,16,38,63,0,16,38,0,0,38,38,0,1,0,.
2014,GIL,N,GIL_N,GIL_N_2014,GIL_N_2014,0,1,1,1,0.75,0.5,16,63,38,16,16,16,0,0,16,63,1,1,0,.
2014,GIL,N,GIL_N,GIL_N_2014,GIL_N_2014,0,0,0,0,0,0,0,38,63,38,16,38,0,0,38,16,0,2,0,.
2014,GIL,S,GIL_S,GIL_S_2014,GIL_S_2014,20,4,3,3,7.5,8.346656017,0,63,16,16,63,0,0,0,16,63,0,0,3,.
2014,GIL,S,GIL_S,GIL_S_2014,GIL_S_2014,20,2,3,2,6.75,8.845903006,0,86,38,0,16,16,0,0,1,86,2,0,0,.
2014,GIL,S,GIL_S,GIL_S_2014,GIL_S_2014,1,1,20,1,5.75,9.5,0,86,16,0,16,0,0,16,16,63,1,0,0,.
2014,GIL,S,GIL_S,GIL_S_2014,GIL_S_2014,6,7,4,6,5.75,1.258305739,0,1,16,86,86,16,3,0,63,16,0,0,16,.
2014,GIL,S,GIL_S,GIL_S_2014,GIL_S_2014,3,5,6,6,5,1.414213562,0,63,16,16,16,0,63,0,3,86,2,0,3,.
2014,GIL,S,GIL_S,GIL_S_2014,GIL_S_2014,4,3,3,3,3.25,0.5,0,86,16,16,38,0,3,0,0,98,4,0,16,.
2014,GIL,S,GIL_S,GIL_S_2014,GIL_S_2014,3,4,2,3,3,0.816496581,0,63,16,3,3,16,16,0,16,63,2,0,3,.
2014,GIL,S,GIL_S,GIL_S_2014,GIL_S_2014,3,2,2,4,2.75,0.957427108,0,63,38,16,38,0,16,0,1,86,5,0,16,.
2014,GIL,S,GIL_S,GIL_S_2014,GIL_S_2014,1,2,4,3,2.5,1.290994449,3,63,16,3,38,16,1,0,3,86,2,0,16,.
2014,GIL,S,GIL_S,GIL_S_2014,GIL_S_2014,2,3,2,2,2.25,0.5,0,86,3,16,38,3,3,0,3,86,1,0,3,.
2014,GIL,S,GIL_S,GIL_S_2014,GIL_S_2014,2,2,3,2,2.25,0.5,0,86,38,16,16,0,0,0,1,86,5,0,16,.
2014,GIL,S,GIL_S,GIL_S_2014,GIL_S_2014,2,3,2,1,2,0.816496581,0,86,3,0,16,0,0,0,3,86,1,0,0,.
2014,GIL,S,GIL_S,GIL_S_2014,GIL_S_2014,2,3,1,2,2,0.816496581,0,86,3,0,16,3,0,0,1,86,2,0,0,.
2014,GIL,S,GIL_S,GIL_S_2014,GIL_S_2014,2,4,1,1,2,1.414213562,0,63,38,3,38,16,0,0,3,86,1,0,3,.
2014,GIL,S,GIL_S,GIL_S_2014,GIL_S_2014,2,1,2,2,1.75,0.5,0,86,16,63,3,0,0,0,3,86,1,0,0,.
2014,GIL,S,GIL_S,GIL_S_2014,GIL_S_2014,2,2,1,2,1.75,0.5,0,86,16,0,16,3,0,0,3,86,1,0,16,.
2014,GIL,S,GIL_S,GIL_S_2014,GIL_S_2014,1,1,3,2,1.75,0.957427108,0,38,16,3,16,63,0,0,63,38,0,0,0,.
2014,GIL,S,GIL_S,GIL_S_2014,GIL_S_2014,1,2,2,2,1.75,0.5,0,86,16,0,3,0,0,0,1,86,2,0,0,.
2014,GIL,S,GIL_S,GIL_S_2014,GIL_S_2014,1,3,1,2,1.75,0.957427108,3,86,16,3,16,3,0,0,16,63,0,0,16,.
2014,GIL,S,GIL_S,GIL_S_2014,GIL_S_2014,1,2,1,2,1.5,0.577350269,0,86,16,0,3,1,0,0,16,63,3,0,0,.
2014,GIL,S,GIL_S,GIL_S_2014,GIL_S_2014,3,1,1,1,1.5,1,0,86,16,0,16,16,0,0,16,63,1,0,0,.
2014,GIL,S,GIL_S,GIL_S_2014,GIL_S_2014,1,2,2,1,1.5,0.577350269,0,86,16,0,38,1,0,0,3,63,1,0,0,.
2014,GIL,S,GIL_S,GIL_S_2014,GIL_S_2014,2,1,2,1,1.5,0.577350269,0,63,16,16,16,16,0,0,3,63,2,0,0,.
2014,GIL,S,GIL_S,GIL_S_2014,GIL_S_2014,1,1,2,1,1.25,0.5,0,86,16,0,3,16,0,0,16,86,1,0,0,.
2014,GIL,S,GIL_S,GIL_S_2014,GIL_S_2014,1,1,2,1,1.25,0.5,0,86,16,0,16,0,0,0,1,86,2,0,0,.
2014,GIL,S,GIL_S,GIL_S_2014,GIL_S_2014,2,1,1,1,1.25,0.5,3,63,16,0,38,16,0,0,3,86,1,0,16,.
2014,GIL,S,GIL_S,GIL_S_2014,GIL_S_2014,1,1,1,1,1,0,0,63,38,63,16,16,0,0,16,63,0,0,0,.
2014,GIL,S,GIL_S,GIL_S_2014,GIL_S_2014,1,1,1,1,1,0,0,63,38,0,38,16,0,0,16,63,0,0,16,.
2014,GIL,S,GIL_S,GIL_S_2014,GIL_S_2014,1,1,1,1,1,0,0,63,16,0,16,0,0,0,3,63,0,0,0,.
2014,GIL,S,GIL_S,GIL_S_2014,GIL_S_2014,1,0,1,0,0.5,0.577350269,0,38,38,16,16,0,1,0,38,38,0,0,0,.
2014,KLN,C,KLN_C,KLN_C_2014,KLN_C_2014,4,1,1,3,2.25,1.5,3,38,38,0,38,16,0,0,38,16,0,0,16,.
2014,KLN,C,KLN_C,KLN_C_2014,KLN_C_2014,2,2,2,2,2,0,63,16,3,0,16,38,0,0,63,3,0,0,3,.
2014,KLN,C,KLN_C,KLN_C_2014,KLN_C_2014,3,1,1,3,2,1.154700538,38,3,16,16,38,3,0,0,86,16,0,0,16,.
2014,KLN,C,KLN_C,KLN_C_2014,KLN_C_2014,1,2,2,2,1.75,0.5,0,86,16,0,3,16,0,0,16,38,0,0,0,.
2014,KLN,C,KLN_C,KLN_C_2014,KLN_C_2014,2,2,1,1,1.5,0.577350269,63,16,3,63,16,38,0,0,63,16,0,0,3,.
2014,KLN,C,KLN_C,KLN_C_2014,KLN_C_2014,2,2,1,1,1.5,0.577350269,16,38,3,0,3,16,0,0,38,16,0,0,0,.
2014,KLN,C,KLN_C,KLN_C_2014,KLN_C_2014,1,3,1,1,1.5,1,38,16,16,0,3,16,0,0,63,16,0,0,0,.
2014,KLN,C,KLN_C,KLN_C_2014,KLN_C_2014,1,2,2,1,1.5,0.577350269,16,16,16,38,16,63,0,0,38,3,0,0,3,.
2014,KLN,C,KLN_C,KLN_C_2014,KLN_C_2014,1,2,1,1,1.25,0.5,38,16,16,0,16,3,0,0,63,16,0,1,16,.
2014,KLN,C,KLN_C,KLN_C_2014,KLN_C_2014,1,1,1,1,1,0,3,63,3,0,3,63,0,0,38,38,0,0,3,.
2014,KLN,C,KLN_C,KLN_C_2014,KLN_C_2014,1,1,1,1,1,0,38,3,16,98,3,16,0,0,86,16,0,0,0,.
2014,KLN,C,KLN_C,KLN_C_2014,KLN_C_2014,1,1,1,1,1,0,38,16,3,0,0,38,0,0,63,16,0,0,0,.
2014,KLN,C,KLN_C,KLN_C_2014,KLN_C_2014,1,1,1,1,1,0,16,16,16,0,3,3,0,0,86,3,0,0,0,.
2014,KLN,C,KLN_C,KLN_C_2014,KLN_C_2014,1,1,1,1,1,0,38,3,3,0,3,16,0,3,86,16,0,0,3,.
2014,KLN,C,KLN_C,KLN_C_2014,KLN_C_2014,1,1,1,1,1,0,16,16,3,0,3,63,0,0,38,16,0,0,0,.
2014,KLN,C,KLN_C,KLN_C_2014,KLN_C_2014,1,1,1,1,1,0,38,1,0,0,16,3,0,0,86,3,0,0,0,.
2014,KLN,C,KLN_C,KLN_C_2014,KLN_C_2014,1,1,1,1,1,0,38,3,3,0,3,63,0,0,38,16,0,0,3,.
2014,KLN,C,KLN_C,KLN_C_2014,KLN_C_2014,1,1,1,1,1,0,38,16,1,0,3,16,0,0,63,16,0,0,0,.
2014,KLN,C,KLN_C,KLN_C_2014,KLN_C_2014,1,1,1,1,1,0,16,38,3,0,3,38,0,0,38,16,0,0,0,.
2014,KLN,C,KLN_C,KLN_C_2014,KLN_C_2014,1,1,1,1,1,0,3,16,3,16,3,98,0,0,16,16,0,0,0,.
2014,KLN,C,KLN_C,KLN_C_2014,KLN_C_2014,1,1,1,1,1,0,16,63,0,0,3,38,0,0,63,16,0,0,0,.
2014,KLN,C,KLN_C,KLN_C_2014,KLN_C_2014,1,1,1,1,1,0,16,38,16,0,16,63,0,0,38,38,0,0,0,.
2014,KLN,C,KLN_C,KLN_C_2014,KLN_C_2014,1,1,1,1,1,0,38,16,3,0,16,3,0,0,86,16,0,0,3,.
2014,KLN,C,KLN_C,KLN_C_2014,KLN_C_2014,1,1,1,1,1,0,16,3,16,0,16,3,0,0,98,3,0,1,16,.
2014,KLN,C,KLN_C,KLN_C_2014,KLN_C_2014,1,1,1,1,1,0,16,3,16,98,16,3,0,0,86,3,0,0,16,.
2014,KLN,C,KLN_C,KLN_C_2014,KLN_C_2014,1,1,1,1,1,0,38,3,16,0,16,16,0,0,98,3,0,1,3,.
2014,KLN,C,KLN_C,KLN_C_2014,KLN_C_2014,1,1,1,1,1,0,3,16,16,63,16,38,0,0,38,16,0,0,3,.
2014,KLN,C,KLN_C,KLN_C_2014,KLN_C_2014,1,1,1,1,1,0,3,63,38,63,16,3,0,0,63,38,0,0,3,.
2014,KLN,C,KLN_C,KLN_C_2014,KLN_C_2014,1,1,1,1,1,0,16,38,3,0,3,3,0,0,86,16,0,0,1,.
2014,KLN,C,KLN_C,KLN_C_2014,KLN_C_2014,1,1,1,1,1,0,3,38,16,0,16,3,0,0,63,16,0,0,0,.
2014,KLN,E,KLN_E,KLN_E_2014,KLN_E_2014,3,5,5,3,4,1.154700538,0,63,38,0,38,0,0,0,16,86,5,0,0,.
2014,KLN,E,KLN_E,KLN_E_2014,KLN_E_2014,3,5,3,4,3.75,0.957427108,16,63,3,3,63,0,0,0,3,98,1,0,63,.
2014,KLN,E,KLN_E,KLN_E_2014,KLN_E_2014,2,3,4,4,3.25,0.957427108,0,16,86,3,38,3,0,0,16,63,0,0,0,.
2014,KLN,E,KLN_E,KLN_E_2014,KLN_E_2014,3,4,3,2,3,0.816496581,16,98,3,0,16,16,0,0,3,98,4,0,0,.
2014,KLN,E,KLN_E,KLN_E_2014,KLN_E_2014,3,3,2,3,2.75,0.5,0,63,38,3,16,3,0,0,3,98,1.25,0,0,.
2014,KLN,E,KLN_E,KLN_E_2014,KLN_E_2014,3,3,2,2,2.5,0.577350269,0,63,38,0,3,0,0,0,0,86,1.25,0,0,.
2014,KLN,E,KLN_E,KLN_E_2014,KLN_E_2014,2,3,2,3,2.5,0.577350269,16,16,63,0,16,3,0,0,38,63,0,0,3,.
2014,KLN,E,KLN_E,KLN_E_2014,KLN_E_2014,2,3,2,3,2.5,0.577350269,0,86,38,0,16,0,0,0,38,38,0,0,0,.
2014,KLN,E,KLN_E,KLN_E_2014,KLN_E_2014,3,2,3,2,2.5,0.577350269,16,63,63,0,3,16,0,0,3,98,2.5,0,3,.
2014,KLN,E,KLN_E,KLN_E_2014,KLN_E_2014,3,1,2,3,2.25,0.957427108,0,38,16,0,3,86,0,0,0,86,0.5,0,3,.
2014,KLN,E,KLN_E,KLN_E_2014,KLN_E_2014,4,2,1,2,2.25,1.258305739,16,38,38,0,16,38,0,0,16,86,0.5,0,3,.
2014,KLN,E,KLN_E,KLN_E_2014,KLN_E_2014,3,3,1,2,2.25,0.957427108,16,86,16,0,16,1,0,0,16,86,0,0,16,.
2014,KLN,E,KLN_E,KLN_E_2014,KLN_E_2014,3,2,1,2,2,0.816496581,3,63,16,0,3,16,0,0,16,86,0,0,3,.
2014,KLN,E,KLN_E,KLN_E_2014,KLN_E_2014,1,1,2,3,1.75,0.957427108,0,86,16,0,16,16,0,0,16,63,0.25,0,0,.
2014,KLN,E,KLN_E,KLN_E_2014,KLN_E_2014,2,2,2,1,1.75,0.5,16,86,16,16,3,3,0,0,16,38,0,0,0,.
2014,KLN,E,KLN_E,KLN_E_2014,KLN_E_2014,2,2,1,2,1.75,0.5,16,38,38,0,16,38,0,0,16,86,4.5,0,0,.
2014,KLN,E,KLN_E,KLN_E_2014,KLN_E_2014,3,1,2,1,1.75,0.957427108,16,16,3,0,16,86,0,0,38,38,0,0,3,.
2014,KLN,E,KLN_E,KLN_E_2014,KLN_E_2014,1,2,1,2,1.5,0.577350269,1,63,38,0,16,38,0,0,16,63,0.5,0,0,.
2014,KLN,E,KLN_E,KLN_E_2014,KLN_E_2014,2,1,2,1,1.5,0.577350269,3,16,86,3,16,86,0,0,16,63,0,0,0,.
2014,KLN,E,KLN_E,KLN_E_2014,KLN_E_2014,2,1,2,1,1.5,0.577350269,16,16,16,38,16,63,0,0,38,38,0,0,0,.
2014,KLN,E,KLN_E,KLN_E_2014,KLN_E_2014,1,1,1,2,1.25,0.5,38,16,38,98,16,16,0,0,38,38,0,0,16,.
2014,KLN,E,KLN_E,KLN_E_2014,KLN_E_2014,1,2,1,1,1.25,0.5,3,16,16,3,16,86,0,0,16,38,0,0,3,.
2014,KLN,E,KLN_E,KLN_E_2014,KLN_E_2014,1,2,1,1,1.25,0.5,0,63,16,0,3,16,0,0,3,86,1.25,0,0,.
2014,KLN,E,KLN_E,KLN_E_2014,KLN_E_2014,1,1,1,2,1.25,0.5,16,38,16,63,3,38,0,0,38,38,0,0,3,.
2014,KLN,E,KLN_E,KLN_E_2014,KLN_E_2014,1,1,1,1,1,0,0,16,0,0,0,0,0,0,63,38,0,0,0,.
2014,KLN,E,KLN_E,KLN_E_2014,KLN_E_2014,1,1,1,1,1,0,16,16,16,0,3,63,0,0,38,63,0,0,0,.
2014,KLN,E,KLN_E,KLN_E_2014,KLN_E_2014,1,1,1,1,1,0,3,38,38,0,3,16,0,0,16,63,0,0,3,.
2014,KLN,E,KLN_E,KLN_E_2014,KLN_E_2014,1,1,1,1,1,0,3,63,38,0,3,3,0,0,16,86,0,0,0,.
2014,KLN,E,KLN_E,KLN_E_2014,KLN_E_2014,1,1,1,1,1,0,16,16,16,16,16,16,0,0,38,38,0,0,16,.
2014,KLN,E,KLN_E,KLN_E_2014,KLN_E_2014,1,1,1,1,1,0,3,16,0,0,0,98,0,0,16,16,0,0,0,.
2014,KLN,W,KLN_W,KLN_W_2014,KLN_W_2014,3,4,5,3,3.75,0.957427108,63,16,16,0,16,16,0,0,16,86,1,0,0,.
2014,KLN,W,KLN_W,KLN_W_2014,KLN_W_2014,2,3,5,3,3.25,1.258305739,38,16,16,3,16,3,0,0,16,86,0.75,0,0,.
2014,KLN,W,KLN_W,KLN_W_2014,KLN_W_2014,2,2,4,4,3,1.154700538,3,38,16,0,16,1,0,0,16,86,1.5,1,1,.
2014,KLN,W,KLN_W,KLN_W_2014,KLN_W_2014,3,3,3,3,3,0,38,16,16,0,38,0,0,0,38,38,0,0,3,.
2014,KLN,W,KLN_W,KLN_W_2014,KLN_W_2014,2,4,3,3,3,0.816496581,0,63,16,0,16,0,0,0,16,86,0.5,0,0,.
2014,KLN,W,KLN_W,KLN_W_2014,KLN_W_2014,2,4,2,2,2.5,1,38,16,3,0,16,3,0,0,16,86,0,0,3,.
2014,KLN,W,KLN_W,KLN_W_2014,KLN_W_2014,1,3,3,3,2.5,1,16,63,16,0,16,3,0,0,38,38,0,0,3,.
2014,KLN,W,KLN_W,KLN_W_2014,KLN_W_2014,3,3,2,2,2.5,0.577350269,38,38,16,0,16,3,0,0,3,86,0,0,0,.
2014,KLN,W,KLN_W,KLN_W_2014,KLN_W_2014,3,3,2,2,2.5,0.577350269,38,38,16,16,3,0,0,0,16,86,0,1,0,.
2014,KLN,W,KLN_W,KLN_W_2014,KLN_W_2014,2,2,3,3,2.5,0.577350269,0,86,16,0,16,3,0,0,3,86,0.25,0,0,.
2014,KLN,W,KLN_W,KLN_W_2014,KLN_W_2014,2,2,2,3,2.25,0.5,38,16,16,63,16,16,0,0,38,63,0,0,16,.
2014,KLN,W,KLN_W,KLN_W_2014,KLN_W_2014,2,3,2,2,2.25,0.5,0,16,86,3,16,16,0,0,3,86,4,0,0,.
2014,KLN,W,KLN_W,KLN_W_2014,KLN_W_2014,4,1,1,3,2.25,1.5,0,16,63,0,16,3,0,0,16,86,0,0,0,.
2014,KLN,W,KLN_W,KLN_W_2014,KLN_W_2014,2,3,2,2,2.25,0.5,16,38,38,0,3,0,0,0,16,86,1,0,3,.
2014,KLN,W,KLN_W,KLN_W_2014,KLN_W_2014,2,2,2,3,2.25,0.5,0,38,38,0,16,3,0,0,16,86,0,0,0,.
2014,KLN,W,KLN_W,KLN_W_2014,KLN_W_2014,1,2,3,2,2,0.816496581,3,38,16,0,16,3,0,0,16,86,2,0,0,.
2014,KLN,W,KLN_W,KLN_W_2014,KLN_W_2014,1,3,2,2,2,0.816496581,16,16,86,0,16,0,0,0,16,86,0.5,0,0,.
2014,KLN,W,KLN_W,KLN_W_2014,KLN_W_2014,3,2,1,2,2,0.816496581,0,38,38,0,16,0,0,0,16,86,1,0,0,.
2014,KLN,W,KLN_W,KLN_W_2014,KLN_W_2014,2,2,2,2,2,0,63,3,3,0,16,3,0,0,16,86,0,1,3,.
2014,KLN,W,KLN_W,KLN_W_2014,KLN_W_2014,2,2,2,2,2,0,63,16,3,0,3,3,0,0,16,86,0,0,3,.
2014,KLN,W,KLN_W,KLN_W_2014,KLN_W_2014,1,1,3,2,1.75,0.957427108,63,3,0,0,16,3,0,0,63,38,0,0,3,.
2014,KLN,W,KLN_W,KLN_W_2014,KLN_W_2014,2,2,1,2,1.75,0.5,38,16,38,0,16,3,0,0,38,38,0,1,16,.
2014,KLN,W,KLN_W,KLN_W_2014,KLN_W_2014,2,2,1,2,1.75,0.5,0,63,3,0,16,3,0,0,38,63,1.25,0,0,.
2014,KLN,W,KLN_W,KLN_W_2014,KLN_W_2014,1,1,2,2,1.5,0.577350269,38,16,3,0,16,3,0,0,38,63,0,0,16,.
2014,KLN,W,KLN_W,KLN_W_2014,KLN_W_2014,1,3,1,1,1.5,1,0,63,38,3,16,16,0,0,38,63,0,0,0,.
2014,KLN,W,KLN_W,KLN_W_2014,KLN_W_2014,2,2,1,1,1.5,0.577350269,0,63,16,0,3,16,0,0,16,86,1,1,0,.
2014,KLN,W,KLN_W,KLN_W_2014,KLN_W_2014,1,1,2,1,1.25,0.5,3,38,38,0,3,3,0,0,16,63,0,1,0,.
2014,KLN,W,KLN_W,KLN_W_2014,KLN_W_2014,1,2,1,1,1.25,0.5,38,0,3,0,16,3,0,0,38,63,0,0,3,.
2014,KLN,W,KLN_W,KLN_W_2014,KLN_W_2014,1,1,1,1,1,0,38,3,3,0,63,3,0,0,63,16,0,1,0,.
2014,KLN,W,KLN_W,KLN_W_2014,KLN_W_2014,1,1,1,1,1,0,0,0,16,0,3,3,0,0,38,63,0,1,3,.
2014,KLT,E,KLT_E,KLT_E_2014,KLT_E_2014,12,20,5,20,14.25,7.228416147,0,0,38,0,38,0,63,16,0,86,0,0,0,.
2014,KLT,E,KLT_E,KLT_E_2014,KLT_E_2014,9,8,10,11,9.5,1.290994449,3,0,3,0,63,0,0,0,38,38,0,0,38,.
2014,KLT,E,KLT_E,KLT_E_2014,KLT_E_2014,5,9,9,6,7.25,2.061552813,86,0,16,0,16,16,0,0,16,86,0.5,0,16,.
2014,KLT,E,KLT_E,KLT_E_2014,KLT_E_2014,7,7,7,8,7.25,0.5,0,0,63,0,86,0,0,0,0,86,0.5,0,16,.
2014,KLT,E,KLT_E,KLT_E_2014,KLT_E_2014,5,7,7,6,6.25,0.957427108,38,0,16,0,86,3,0,0,16,86,0,0,38,.
2014,KLT,E,KLT_E,KLT_E_2014,KLT_E_2014,4,8,6,6,6,1.632993162,0,0,16,0,63,0,3,0,38,38,0.25,0,16,.
2014,KLT,E,KLT_E,KLT_E_2014,KLT_E_2014,7,5,4,7,5.75,1.5,16,0,16,0,86,3,0,0,16,86,10.25,0,38,.
2014,KLT,E,KLT_E,KLT_E_2014,KLT_E_2014,6,5,6,6,5.75,0.5,16,0,16,0,86,0,0,0,16,63,0,0,86,.
2014,KLT,E,KLT_E,KLT_E_2014,KLT_E_2014,7,6,6,4,5.75,1.258305739,0,0,16,0,38,38,0,0,3,98,9,0,16,.
2014,KLT,E,KLT_E,KLT_E_2014,KLT_E_2014,6,6,5,4,5.25,0.957427108,16,0,16,0,16,63,0,0,3,98,4.5,0,38,.
2014,KLT,E,KLT_E,KLT_E_2014,KLT_E_2014,6,5,5,5,5.25,0.5,16,0,16,0,63,0,0,0,16,86,0,0,16,.
2014,KLT,E,KLT_E,KLT_E_2014,KLT_E_2014,5,6,5,5,5.25,0.5,0,0,63,0,38,0,0,0,3,86,3.5,0,3,.
2014,KLT,E,KLT_E,KLT_E_2014,KLT_E_2014,5,6,3,6,5,1.414213562,16,0,16,0,38,16,0,0,16,86,1,0,16,.
2014,KLT,E,KLT_E,KLT_E_2014,KLT_E_2014,8,4,3,5,5,2.160246899,38,0,16,0,16,38,0,0,0,98,4.75,0,16,.
2014,KLT,E,KLT_E,KLT_E_2014,KLT_E_2014,5,5,5,5,5,0,86,0,0,0,16,3,0,0,38,63,0,0,3,.
2014,KLT,E,KLT_E,KLT_E_2014,KLT_E_2014,5,5,4,6,5,0.816496581,0,0,63,0,38,0,0,0,16,86,1,0,16,.
2014,KLT,E,KLT_E,KLT_E_2014,KLT_E_2014,5,5,4,5,4.75,0.5,38,0,16,0,38,16,0,0,16,86,0,1,16,.
2014,KLT,E,KLT_E,KLT_E_2014,KLT_E_2014,5,5,4,5,4.75,0.5,0,63,3,0,63,0,0,3,0,98,4.25,0,16,.
2014,KLT,E,KLT_E,KLT_E_2014,KLT_E_2014,5,5,4,4,4.5,0.577350269,38,0,0,0,16,38,0,0,16,0,10,0,16,.
2014,KLT,E,KLT_E,KLT_E_2014,KLT_E_2014,5,4,4,5,4.5,0.577350269,63,0,3,0,16,16,0,0,0,98,10,0,63,.
2014,KLT,E,KLT_E,KLT_E_2014,KLT_E_2014,4,5,5,4,4.5,0.577350269,3,0,16,16,63,0,0,0,16,86,0,2,16,.
2014,KLT,E,KLT_E,KLT_E_2014,KLT_E_2014,4,5,3,5,4.25,0.957427108,16,0,0,0,63,38,0,0,3,98,5.25,0,63,.
2014,KLT,E,KLT_E,KLT_E_2014,KLT_E_2014,3,3,4,6,4,1.414213562,63,0,0,0,16,3,0,0,16,86,9.25,0,1,.
2014,KLT,E,KLT_E,KLT_E_2014,KLT_E_2014,3,5,4,3,3.75,0.957427108,16,16,63,0,16,16,0,0,16,86,0,0,3,.
2014,KLT,E,KLT_E,KLT_E_2014,KLT_E_2014,3,3,3,4,3.25,0.5,0,0,38,0,16,16,0,0,63,38,0,0,16,.
2014,KLT,E,KLT_E,KLT_E_2014,KLT_E_2014,3,2,3,4,3,0.816496581,63,0,16,0,16,3,0,0,0,98,3.5,0,16,.
2014,KLT,E,KLT_E,KLT_E_2014,KLT_E_2014,3,4,2,3,3,0.816496581,38,0,0,0,16,16,0,0,16,86,5,0,16,.
2014,KLT,E,KLT_E,KLT_E_2014,KLT_E_2014,3,2,3,3,2.75,0.5,63,0,0,0,16,0,0,0,38,38,0,0,3,.
2014,KLT,E,KLT_E,KLT_E_2014,KLT_E_2014,3,3,3,2,2.75,0.5,3,0,38,0,16,16,0,0,63,38,0,0,3,.
2014,KLT,E,KLT_E,KLT_E_2014,KLT_E_2014,3,3,2,2,2.5,0.577350269,3,0,63,0,16,16,0,0,16,86,0,0,16,.
2014,KLT,S,KLT_S,KLT_S_2014,KLT_S_2014,11,13,14,13,12.75,1.258305739,0,0,38,0,63,16,0,0,16,86,4.5,0,16,.
2014,KLT,S,KLT_S,KLT_S_2014,KLT_S_2014,9,9,9,10,9.25,0.5,0,0,86,0,16,0,0,3,0,98,2,0,0,.
2014,KLT,S,KLT_S,KLT_S_2014,KLT_S_2014,4,9,13,7,8.25,3.774917218,0,0,38,0,38,0,38,3,86,16,0,0,0,.
2014,KLT,S,KLT_S,KLT_S_2014,KLT_S_2014,7,8,8,8,7.75,0.5,16,3,38,0,16,38,38,0,3,98,11.75,0,3,.
2014,KLT,S,KLT_S,KLT_S_2014,KLT_S_2014,6,7,8,6,6.75,0.957427108,16,0,3,63,86,0,38,0,63,38,0,1,16,.
2014,KLT,S,KLT_S,KLT_S_2014,KLT_S_2014,6,8,5,6,6.25,1.258305739,63,0,0,0,16,16,0,0,0,98,7,0,16,.
2014,KLT,S,KLT_S,KLT_S_2014,KLT_S_2014,9,5,4,7,6.25,2.217355783,0,16,98,0,0,0,0,16,0,98,1.5,0,3,.
2014,KLT,S,KLT_S,KLT_S_2014,KLT_S_2014,7,7,5,5,6,1.154700538,38,0,16,0,38,16,0,0,0,86,0.25,0,16,.
2014,KLT,S,KLT_S,KLT_S_2014,KLT_S_2014,5,6,7,6,6,0.816496581,0,0,16,0,38,16,0,0,16,63,0.5,0,16,.
2014,KLT,S,KLT_S,KLT_S_2014,KLT_S_2014,9,4,6,5,6,2.160246899,63,0,3,0,16,16,0,0,0,98,4,0,16,.
2014,KLT,S,KLT_S,KLT_S_2014,KLT_S_2014,5,7,6,5,5.75,0.957427108,16,0,63,3,16,16,0,0,0,98,9.25,0,38,.
2014,KLT,S,KLT_S,KLT_S_2014,KLT_S_2014,9,4,3,6,5.5,2.645751311,38,16,16,0,38,16,0,0,16,86,1.75,1,16,.
2014,KLT,S,KLT_S,KLT_S_2014,KLT_S_2014,6,5,5,6,5.5,0.577350269,63,0,16,0,16,16,0,0,0,98,5,0,16,.
2014,KLT,S,KLT_S,KLT_S_2014,KLT_S_2014,5,6,6,5,5.5,0.577350269,86,0,0,0,16,0,0,0,0,98,7.5,0,0,.
2014,KLT,S,KLT_S,KLT_S_2014,KLT_S_2014,6,4,6,5,5.25,0.957427108,63,3,16,0,16,3,0,0,3,98,4.5,1,16,.
2014,KLT,S,KLT_S,KLT_S_2014,KLT_S_2014,5,5,5,6,5.25,0.5,0,0,86,0,3,0,0,0,38,38,0,0,0,.
2014,KLT,S,KLT_S,KLT_S_2014,KLT_S_2014,6,5,5,5,5.25,0.5,16,0,38,0,16,16,0,0,3,98,0,0,16,.
2014,KLT,S,KLT_S,KLT_S_2014,KLT_S_2014,5,5,5,5,5,0,63,3,1,0,16,16,0,0,3,98,9.75,1,16,.
2014,KLT,S,KLT_S,KLT_S_2014,KLT_S_2014,5,5,5,4,4.75,0.5,86,3,16,0,16,1,0,0,3,98,9.75,1,3,.
2014,KLT,S,KLT_S,KLT_S_2014,KLT_S_2014,5,4,5,5,4.75,0.5,63,0,16,0,16,0,0,0,3,98,6,2,3,.
2014,KLT,S,KLT_S,KLT_S_2014,KLT_S_2014,5,4,4,5,4.5,0.577350269,3,16,63,0,3,0,0,0,0,98,3,0,3,.
2014,KLT,S,KLT_S,KLT_S_2014,KLT_S_2014,5,5,5,3,4.5,1,38,0,63,0,16,16,0,0,16,86,1.75,0,16,.
2014,KLT,S,KLT_S,KLT_S_2014,KLT_S_2014,4,5,3,5,4.25,0.957427108,38,16,16,38,38,0,0,0,16,86,0,1,16,.
2014,KLT,S,KLT_S,KLT_S_2014,KLT_S_2014,4,4,5,4,4.25,0.5,86,16,0,0,16,1,0,0,0,98,5.25,0,16,.
2014,KLT,S,KLT_S,KLT_S_2014,KLT_S_2014,4,6,3,4,4.25,1.258305739,0,38,38,63,16,3,0,3,0,98,2.5,0,16,.
2014,KLT,S,KLT_S,KLT_S_2014,KLT_S_2014,4,3,5,5,4.25,0.957427108,63,3,16,0,16,0,3,0,0,98,12,0,3,.
2014,KLT,S,KLT_S,KLT_S_2014,KLT_S_2014,3,3,3,4,3.25,0.5,63,3,3,0,16,0,0,0,0,98,15,1,3,.
2014,KLT,S,KLT_S,KLT_S_2014,KLT_S_2014,3,3,4,3,3.25,0.5,3,0,38,0,16,63,0,0,0,98,1,2,16,.
2014,KLT,S,KLT_S,KLT_S_2014,KLT_S_2014,4,3,3,2,3,0.816496581,63,0,0,0,3,16,0,0,38,38,4.25,0,3,.
2014,KLT,S,KLT_S,KLT_S_2014,KLT_S_2014,3,3,3,3,3,0,3,3,16,0,38,38,0,0,16,86,0,2,16,.
2014,KLT,W,KLT_W,KLT_W_2014,KLT_W_2014,9,11,10,11,10.25,0.957427108,0,0,38,0,86,3,0,0,16,86,0,0,63,.
2014,KLT,W,KLT_W,KLT_W_2014,KLT_W_2014,8,11,11,10,10,1.414213562,0,16,38,0,63,0,0,0,3,86,1,0,63,.
2014,KLT,W,KLT_W,KLT_W_2014,KLT_W_2014,10,8,6,7,7.75,1.707825128,3,0,63,3,38,0,0,0,0,0,0,0,16,.
2014,KLT,W,KLT_W,KLT_W_2014,KLT_W_2014,8,7,9,7,7.75,0.957427108,38,0,16,38,38,38,0,3,16,86,4.25,0,16,.
2014,KLT,W,KLT_W,KLT_W_2014,KLT_W_2014,7,8,6,9,7.5,1.290994449,38,0,16,0,63,16,0,0,0,98,12,0,38,.
2014,KLT,W,KLT_W,KLT_W_2014,KLT_W_2014,7,7,6,7,6.75,0.5,38,0,16,0,63,16,0,0,0,86,4.25,0,16,.
2014,KLT,W,KLT_W,KLT_W_2014,KLT_W_2014,5,8,6,7,6.5,1.290994449,16,0,16,0,38,16,0,0,16,63,0,0,38,.
2014,KLT,W,KLT_W,KLT_W_2014,KLT_W_2014,6,7,7,6,6.5,0.577350269,38,0,3,0,16,16,3,0,0,98,9,0,16,.
2014,KLT,W,KLT_W,KLT_W_2014,KLT_W_2014,5,6,7,6,6,0.816496581,63,0,3,0,63,16,0,0,0,98,6.75,0,63,.
2014,KLT,W,KLT_W,KLT_W_2014,KLT_W_2014,6,7,5,6,6,0.816496581,38,0,3,0,16,16,0,0,38,63,0.75,0,38,.
2014,KLT,W,KLT_W,KLT_W_2014,KLT_W_2014,5,5,6,6,5.5,0.577350269,63,0,0,0,16,16,3,3,0,98,13,0,16,.
2014,KLT,W,KLT_W,KLT_W_2014,KLT_W_2014,5,5,6,5,5.25,0.5,38,0,3,0,63,3,0,0,16,86,0,0,63,.
2014,KLT,W,KLT_W,KLT_W_2014,KLT_W_2014,6,6,5,4,5.25,0.957427108,16,3,38,0,63,3,0,0,38,63,0.5,0,38,.
2014,KLT,W,KLT_W,KLT_W_2014,KLT_W_2014,6,5,4,5,5,0.816496581,38,0,3,0,16,16,0,0,16,86,5,0,16,.
2014,KLT,W,KLT_W,KLT_W_2014,KLT_W_2014,4,5,5,4,4.5,0.577350269,38,0,16,0,38,3,0,0,3,98,4.25,0,38,.
2014,KLT,W,KLT_W,KLT_W_2014,KLT_W_2014,3,5,5,5,4.5,1,63,0,0,0,3,16,0,0,3,98,13,0,16,.
2014,KLT,W,KLT_W,KLT_W_2014,KLT_W_2014,5,5,3,4,4.25,0.957427108,86,0,0,0,38,16,0,0,3,98,4.5,0,38,.
2014,KLT,W,KLT_W,KLT_W_2014,KLT_W_2014,4,4,3,6,4.25,1.258305739,38,0,3,0,38,16,16,0,3,98,4.25,0,16,.
2014,KLT,W,KLT_W,KLT_W_2014,KLT_W_2014,4,4,4,5,4.25,0.5,86,0,16,0,16,16,0,0,3,98,7,0,16,.
2014,KLT,W,KLT_W,KLT_W_2014,KLT_W_2014,5,3,4,5,4.25,0.957427108,38,0,0,0,16,16,0,0,0,98,2.75,0,16,.
2014,KLT,W,KLT_W,KLT_W_2014,KLT_W_2014,5,4,3,4,4,0.816496581,86,0,0,0,16,16,3,0,3,98,2.25,0,16,.
2014,KLT,W,KLT_W,KLT_W_2014,KLT_W_2014,4,3,4,4,3.75,0.5,63,3,0,0,16,0,0,0,3,98,9.5,0,16,.
2014,KLT,W,KLT_W,KLT_W_2014,KLT_W_2014,4,3,4,3,3.5,0.577350269,86,0,16,0,16,3,0,0,16,86,5.25,0,16,.
2014,KLT,W,KLT_W,KLT_W_2014,KLT_W_2014,3,3,4,4,3.5,0.577350269,16,0,38,0,3,3,0,0,3,98,4.5,0,16,.
2014,KLT,W,KLT_W,KLT_W_2014,KLT_W_2014,3,3,3,5,3.5,1,63,0,16,0,16,0,0,0,3,98,7.75,0,16,.
2014,KLT,W,KLT_W,KLT_W_2014,KLT_W_2014,2,3,4,4,3.25,0.957427108,63,0,0,0,3,3,0,0,38,63,3,0,3,.
2014,KLT,W,KLT_W,KLT_W_2014,KLT_W_2014,3,3,3,4,3.25,0.5,86,0,1,0,16,3,0,0,0,98,7,0,16,.
2014,KLT,W,KLT_W,KLT_W_2014,KLT_W_2014,3,3,3,4,3.25,0.5,86,0,3,0,16,1,0,0,3,98,7,0,3,.
2014,KLT,W,KLT_W,KLT_W_2014,KLT_W_2014,3,2,3,3,2.75,0.5,0,0,1,0,16,16,0,0,16,86,10,0,16,.
2014,KLT,W,KLT_W,KLT_W_2014,KLT_W_2014,3,2,1,4,2.5,1.290994449,38,0,3,0,16,0,0,0,16,86,0,1,16,.
2014,LTR,C,LTR_C,LTR_C_2014,LTR_C_2014,7,5,5,5,5.5,1,0,0,63,3,16,0,63,0,3,86,0.5,1,16,.
2014,LTR,C,LTR_C,LTR_C_2014,LTR_C_2014,5,5,1,5,4,2,0,38,16,16,3,1,63,0,16,86,0.25,1,3,.
2014,LTR,C,LTR_C,LTR_C_2014,LTR_C_2014,6,2,3,2,3.25,1.892969449,16,0,38,63,16,3,38,0,16,86,0.25,1,16,.
2014,LTR,C,LTR_C,LTR_C_2014,LTR_C_2014,3,2,2,4,2.75,0.957427108,3,0,63,16,38,0,16,0,38,63,0,2,3,.
2014,LTR,C,LTR_C,LTR_C_2014,LTR_C_2014,5,1,1,1,2,2,16,16,38,38,16,3,0,0,38,63,0,1,0,.
2014,LTR,C,LTR_C,LTR_C_2014,LTR_C_2014,1,4,1,1,1.75,1.5,0,38,38,63,3,16,16,0,16,86,0,0,0,.
2014,LTR,C,LTR_C,LTR_C_2014,LTR_C_2014,2,2,1,2,1.75,0.5,3,38,16,16,16,16,0,0,3,86,0.25,1,3,.
2014,LTR,C,LTR_C,LTR_C_2014,LTR_C_2014,1,2,3,1,1.75,0.957427108,16,16,16,38,38,3,16,0,16,86,0.5,0,38,.
2014,LTR,C,LTR_C,LTR_C_2014,LTR_C_2014,3,1,1,2,1.75,0.957427108,16,38,16,63,16,3,3,0,16,63,0,1,16,.
2014,LTR,C,LTR_C,LTR_C_2014,LTR_C_2014,1,1,1,3,1.5,1,0,63,16,38,16,16,3,0,16,86,0,0,16,.
2014,LTR,C,LTR_C,LTR_C_2014,LTR_C_2014,2,1,1,2,1.5,0.577350269,38,0,16,16,16,3,0,0,3,86,0.5,2,16,.
2014,LTR,C,LTR_C,LTR_C_2014,LTR_C_2014,1,1,2,1,1.25,0.5,0,63,16,38,3,0,0,0,3,86,1.5,1,3,.
2014,LTR,C,LTR_C,LTR_C_2014,LTR_C_2014,1,1,1,2,1.25,0.5,38,16,16,16,3,3,0,0,16,86,0.75,1,3,.
2014,LTR,C,LTR_C,LTR_C_2014,LTR_C_2014,1,1,1,2,1.25,0.5,38,38,16,38,3,16,0,0,38,63,0,1,3,.
2014,LTR,C,LTR_C,LTR_C_2014,LTR_C_2014,1,1,2,1,1.25,0.5,38,16,16,38,3,0,3,0,38,63,0,1,1,.
2014,LTR,C,LTR_C,LTR_C_2014,LTR_C_2014,1,1,1,1,1,0,16,38,16,0,3,3,0,0,38,63,0,0,3,.
2014,LTR,C,LTR_C,LTR_C_2014,LTR_C_2014,1,1,1,1,1,0,0,63,16,0,3,3,0,0,16,86,0.5,0,0,.
2014,LTR,C,LTR_C,LTR_C_2014,LTR_C_2014,1,1,1,1,1,0,38,16,38,38,16,3,0,0,38,38,0,2,3,.
2014,LTR,C,LTR_C,LTR_C_2014,LTR_C_2014,1,1,1,1,1,0,3,63,16,0,16,3,0,0,16,86,0.25,0,16,.
2014,LTR,C,LTR_C,LTR_C_2014,LTR_C_2014,1,1,1,1,1,0,0,16,63,0,3,1,0,0,16,86,0,0,0,.
2014,LTR,C,LTR_C,LTR_C_2014,LTR_C_2014,1,1,1,1,1,0,3,38,38,0,1,3,0,0,16,86,0,0,0,.
2014,LTR,C,LTR_C,LTR_C_2014,LTR_C_2014,1,1,1,1,1,0,3,38,63,38,3,3,0,0,38,63,0,1,3,.
2014,LTR,C,LTR_C,LTR_C_2014,LTR_C_2014,1,1,1,1,1,0,0,38,38,38,3,1,3,0,16,86,0,0,0,.
2014,LTR,C,LTR_C,LTR_C_2014,LTR_C_2014,1,1,1,1,1,0,16,38,16,38,3,16,0,0,16,63,0,1,1,.
2014,LTR,C,LTR_C,LTR_C_2014,LTR_C_2014,1,1,1,1,1,0,38,3,16,38,16,38,0,3,38,63,0,1,16,.
2014,LTR,C,LTR_C,LTR_C_2014,LTR_C_2014,1,1,1,1,1,0,0,16,38,16,38,3,0,3,3,86,0.5,0,16,.
2014,LTR,C,LTR_C,LTR_C_2014,LTR_C_2014,1,1,1,1,1,0,38,0,16,38,16,3,0,0,63,38,0,1,3,.
2014,LTR,C,LTR_C,LTR_C_2014,LTR_C_2014,1,1,1,1,1,0,16,16,16,38,16,3,0,0,38,63,0,1,16,.
2014,LTR,C,LTR_C,LTR_C_2014,LTR_C_2014,1,1,1,1,1,0,38,38,16,63,3,3,0,0,38,63,0,1,0,.
2014,LTR,C,LTR_C,LTR_C_2014,LTR_C_2014,1,1,1,1,1,0,16,3,38,16,16,38,3,3,38,63,0,2,16,.
2014,LTR,E,LTR_E,LTR_E_2014,LTR_E_2014,6,1,2,6,3.75,2.62995564,16,16,38,16,3,16,16,0,16,86,0,0,0,.
2014,LTR,E,LTR_E,LTR_E_2014,LTR_E_2014,1,1,3,4,2.25,1.5,16,16,38,38,16,0,3,0,16,86,0,1,0,.
2014,LTR,E,LTR_E,LTR_E_2014,LTR_E_2014,2,2,2,2,2,0,16,16,63,16,0,3,0,0,3,86,0.5,0,0,.
2014,LTR,E,LTR_E,LTR_E_2014,LTR_E_2014,2,2,2,1,1.75,0.5,16,38,16,38,38,3,0,0,16,86,0.25,1,3,.
2014,LTR,E,LTR_E,LTR_E_2014,LTR_E_2014,2,2,1,2,1.75,0.5,3,38,38,16,16,3,0,0,16,86,0,1,3,.
2014,LTR,E,LTR_E,LTR_E_2014,LTR_E_2014,2,2,1,2,1.75,0.5,0,38,38,38,16,3,0,0,16,86,1,0,0,.
2014,LTR,E,LTR_E,LTR_E_2014,LTR_E_2014,1,3,1,2,1.75,0.957427108,16,38,38,63,16,0,0,0,3,86,2,0,16,.
2014,LTR,E,LTR_E,LTR_E_2014,LTR_E_2014,1,1,2,2,1.5,0.577350269,0,38,38,86,16,16,1,0,16,86,0.75,0,38,.
2014,LTR,E,LTR_E,LTR_E_2014,LTR_E_2014,1,1,1,3,1.5,1,1,38,38,63,38,3,0,0,16,86,1,1,16,.
2014,LTR,E,LTR_E,LTR_E_2014,LTR_E_2014,2,1,2,1,1.5,0.577350269,0,38,38,86,16,3,0,0,3,86,1,0,3,.
2014,LTR,E,LTR_E,LTR_E_2014,LTR_E_2014,2,1,2,1,1.5,0.577350269,0,38,38,38,3,0,0,0,16,86,2,1,0,.
2014,LTR,E,LTR_E,LTR_E_2014,LTR_E_2014,2,1,1,1,1.25,0.5,3,38,38,38,38,0,0,0,3,86,1.75,0,38,.
2014,LTR,E,LTR_E,LTR_E_2014,LTR_E_2014,1,1,1,2,1.25,0.5,3,38,38,38,16,0,0,0,16,86,0.25,1,0,.
2014,LTR,E,LTR_E,LTR_E_2014,LTR_E_2014,2,1,1,1,1.25,0.5,0,38,38,38,3,0,3,0,3,86,2,2,3,.
2014,LTR,E,LTR_E,LTR_E_2014,LTR_E_2014,1,2,1,1,1.25,0.5,0,63,16,86,16,3,0,0,3,86,1.5,0,0,.
2014,LTR,E,LTR_E,LTR_E_2014,LTR_E_2014,1,1,1,2,1.25,0.5,0,16,63,38,3,3,0,0,3,86,2,0,0,.
2014,LTR,E,LTR_E,LTR_E_2014,LTR_E_2014,2,1,1,1,1.25,0.5,0,16,38,38,3,16,0,0,3,86,1.5,1,0,.
2014,LTR,E,LTR_E,LTR_E_2014,LTR_E_2014,1,1,1,1,1,0,16,38,16,16,16,0,0,0,16,86,0.25,1,3,.
2014,LTR,E,LTR_E,LTR_E_2014,LTR_E_2014,1,1,1,1,1,0,38,38,3,0,3,3,0,0,38,63,0,0,3,.
2014,LTR,E,LTR_E,LTR_E_2014,LTR_E_2014,1,1,1,1,1,0,0,63,38,63,3,1,16,0,16,86,0.75,1,0,.
2014,LTR,E,LTR_E,LTR_E_2014,LTR_E_2014,1,1,1,1,1,0,38,16,38,16,38,0,0,0,16,86,0,1,3,.
2014,LTR,E,LTR_E,LTR_E_2014,LTR_E_2014,1,1,1,1,1,0,0,38,38,63,3,38,0,0,1,86,2,0,38,.
2014,LTR,E,LTR_E,LTR_E_2014,LTR_E_2014,1,1,1,1,1,0,16,16,3,0,3,63,0,0,38,38,0,0,0,.
2014,LTR,E,LTR_E,LTR_E_2014,LTR_E_2014,1,1,1,1,1,0,16,16,16,16,16,16,0,0,38,63,0,1,3,.
2014,LTR,E,LTR_E,LTR_E_2014,LTR_E_2014,1,1,1,1,1,0,3,16,38,38,3,63,0,0,38,38,0,1,3,.
2014,LTR,E,LTR_E,LTR_E_2014,LTR_E_2014,1,1,1,1,1,0,0,38,38,86,16,16,0,0,16,86,0,0,16,.
2014,LTR,E,LTR_E,LTR_E_2014,LTR_E_2014,1,1,1,1,1,0,0,3,38,16,16,63,0,0,38,38,0,0,0,.
2014,LTR,E,LTR_E,LTR_E_2014,LTR_E_2014,1,1,1,1,1,0,38,16,16,16,3,3,3,0,38,63,0,2,3,.
2014,LTR,E,LTR_E,LTR_E_2014,LTR_E_2014,1,1,1,1,1,0,0,16,63,63,16,3,16,0,3,86,0.5,0,3,.
2014,LTR,E,LTR_E,LTR_E_2014,LTR_E_2014,1,1,1,1,1,0,0,63,16,16,3,1,0,0,3,86,1,1,0,.
2014,LTR,W,LTR_W,LTR_W_2014,LTR_W_2014,1,3,6,3,3.25,2.061552813,16,3,63,16,3,3,3,0,16,63,0,0,0,.
2014,LTR,W,LTR_W,LTR_W_2014,LTR_W_2014,2,2,2,2,2,0,38,0,38,38,38,3,16,16,16,86,0.5,1,16,.
2014,LTR,W,LTR_W,LTR_W_2014,LTR_W_2014,1,1,5,1,2,2,38,0,38,38,16,38,0,0,38,63,0,1,38,.
2014,LTR,W,LTR_W,LTR_W_2014,LTR_W_2014,2,2,1,2,1.75,0.5,38,3,38,38,16,3,0,0,38,63,0,2,16,.
2014,LTR,W,LTR_W,LTR_W_2014,LTR_W_2014,2,2,1,1,1.5,0.577350269,63,16,16,38,16,3,0,0,16,86,0,1,16,.
2014,LTR,W,LTR_W,LTR_W_2014,LTR_W_2014,1,2,1,2,1.5,0.577350269,63,16,16,38,16,38,0,16,38,63,0,1,16,.
2014,LTR,W,LTR_W,LTR_W_2014,LTR_W_2014,2,2,1,1,1.5,0.577350269,63,3,16,86,16,16,16,0,16,86,0.25,1,16,.
2014,LTR,W,LTR_W,LTR_W_2014,LTR_W_2014,2,1,1,1,1.25,0.5,63,0,16,38,38,3,0,3,16,86,0.25,1,3,.
2014,LTR,W,LTR_W,LTR_W_2014,LTR_W_2014,2,1,1,1,1.25,0.5,38,3,16,86,3,38,0,0,38,63,0,1,3,.
2014,LTR,W,LTR_W,LTR_W_2014,LTR_W_2014,1,2,1,1,1.25,0.5,16,38,16,98,3,3,16,0,16,86,0,0,3,.
2014,LTR,W,LTR_W,LTR_W_2014,LTR_W_2014,1,1,1,2,1.25,0.5,16,16,38,16,16,38,0,0,38,63,0,0,3,.
2014,LTR,W,LTR_W,LTR_W_2014,LTR_W_2014,2,1,1,1,1.25,0.5,38,0,16,3,3,38,0,0,63,16,0,1,0,.
2014,LTR,W,LTR_W,LTR_W_2014,LTR_W_2014,1,1,1,1,1,0,16,38,38,16,3,1,0,0,38,63,0,1,3,.
2014,LTR,W,LTR_W,LTR_W_2014,LTR_W_2014,1,1,1,1,1,0,38,38,16,63,16,16,0,0,38,63,0,0,0,.
2014,LTR,W,LTR_W,LTR_W_2014,LTR_W_2014,1,1,1,1,1,0,38,16,16,86,16,16,0,0,63,38,0,1,3,.
2014,LTR,W,LTR_W,LTR_W_2014,LTR_W_2014,1,1,1,1,1,0,38,16,16,38,3,38,0,0,38,63,0,1,3,.
2014,LTR,W,LTR_W,LTR_W_2014,LTR_W_2014,1,1,1,1,1,0,38,16,16,98,16,16,16,3,16,86,0,1,16,.
2014,LTR,W,LTR_W,LTR_W_2014,LTR_W_2014,1,1,1,1,1,0,38,16,16,86,16,38,0,0,38,63,0,1,16,.
2014,LTR,W,LTR_W,LTR_W_2014,LTR_W_2014,1,1,1,1,1,0,16,3,3,38,3,63,0,0,38,16,0,1,0,.
2014,LTR,W,LTR_W,LTR_W_2014,LTR_W_2014,1,1,1,1,1,0,3,63,16,86,16,0,3,0,16,86,0.25,0,3,.
2014,LTR,W,LTR_W,LTR_W_2014,LTR_W_2014,1,1,1,1,1,0,16,3,16,38,3,3,0,0,63,16,0,1,3,.
2014,LTR,W,LTR_W,LTR_W_2014,LTR_W_2014,1,1,1,1,1,0,38,0,16,63,3,16,3,0,63,38,0,1,1,.
2014,LTR,W,LTR_W,LTR_W_2014,LTR_W_2014,1,1,1,1,1,0,16,3,38,38,16,3,3,0,38,63,0.25,1,3,.
2014,LTR,W,LTR_W,LTR_W_2014,LTR_W_2014,1,1,1,1,1,0,16,0,16,38,16,38,0,0,63,38,0,1,3,.
2014,LTR,W,LTR_W,LTR_W_2014,LTR_W_2014,1,1,1,1,1,0,16,38,16,16,0,38,0,0,38,63,0,0,0,.
2014,LTR,W,LTR_W,LTR_W_2014,LTR_W_2014,1,1,1,1,1,0,16,38,16,86,3,38,0,0,16,63,0,0,0,.
2014,LTR,W,LTR_W,LTR_W_2014,LTR_W_2014,1,1,1,1,1,0,38,16,16,86,3,16,0,0,38,63,0,1,1,.
2014,LTR,W,LTR_W,LTR_W_2014,LTR_W_2014,1,1,1,1,1,0,16,16,3,86,16,38,0,0,63,38,0,1,3,.
2014,LTR,W,LTR_W,LTR_W_2014,LTR_W_2014,1,1,1,1,1,0,38,3,3,16,16,3,0,0,63,16,0,1,3,.
2014,LTR,W,LTR_W,LTR_W_2014,LTR_W_2014,1,1,1,1,1,0,38,3,16,38,3,0,0,0,16,86,0,1,3,.
2014,PAW,E,PAW_E,PAW_E_2014,PAW_E_2014,8,8,9,9,8.5,0.577350269,16,0,16,86,86,0,3,0,16,63,2,0,38,.
2014,PAW,E,PAW_E,PAW_E_2014,PAW_E_2014,9,6,8,9,8,1.414213562,38,0,16,63,16,16,16,0,3,86,4,1,16,.
2014,PAW,E,PAW_E,PAW_E_2014,PAW_E_2014,8,11,5,7,7.75,2.5,3,0,16,63,63,0,3,0,16,38,2,1,16,.
2014,PAW,E,PAW_E,PAW_E_2014,PAW_E_2014,9,7,7,8,7.75,0.957427108,38,0,16,63,38,0,16,0,16,63,1,0,38,.
2014,PAW,E,PAW_E,PAW_E_2014,PAW_E_2014,6,8,6,6,6.5,1,63,0,3,0,38,3,16,0,3,86,12,0,16,.
2014,PAW,E,PAW_E,PAW_E_2014,PAW_E_2014,7,7,7,5,6.5,1,63,0,0,0,38,0,0,0,3,86,7,0,16,.
2014,PAW,E,PAW_E,PAW_E_2014,PAW_E_2014,7,7,6,6,6.5,0.577350269,16,0,16,63,16,0,63,0,38,38,1,0,16,.
2014,PAW,E,PAW_E,PAW_E_2014,PAW_E_2014,6,6,6,6,6,0,63,0,3,0,38,0,16,3,1,86,4,1,3,.
2014,PAW,E,PAW_E,PAW_E_2014,PAW_E_2014,8,5,4,6,5.75,1.707825128,86,0,16,0,16,3,3,3,3,86,2,1,3,.
2014,PAW,E,PAW_E,PAW_E_2014,PAW_E_2014,6,6,5,5,5.5,0.577350269,16,0,63,16,38,0,16,0,3,63,9,1,16,.
2014,PAW,E,PAW_E,PAW_E_2014,PAW_E_2014,6,7,5,4,5.5,1.290994449,3,0,38,86,63,0,38,0,16,63,1,1,16,.
2014,PAW,E,PAW_E,PAW_E_2014,PAW_E_2014,6,4,5,6,5.25,0.957427108,63,0,16,16,38,0,0,0,3,86,6,1,3,.
2014,PAW,E,PAW_E,PAW_E_2014,PAW_E_2014,6,5,5,5,5.25,0.5,16,0,86,16,16,0,0,0,16,63,2,0,3,.
2014,PAW,E,PAW_E,PAW_E_2014,PAW_E_2014,6,4,5,6,5.25,0.957427108,38,0,16,3,63,16,16,0,3,86,5,1,16,.
2014,PAW,E,PAW_E,PAW_E_2014,PAW_E_2014,6,5,4,5,5,0.816496581,63,0,16,0,63,0,16,0,16,63,3,1,38,.
2014,PAW,E,PAW_E,PAW_E_2014,PAW_E_2014,6,4,5,5,5,0.816496581,63,0,0,0,16,3,38,0,1,86,4,0,16,.
2014,PAW,E,PAW_E,PAW_E_2014,PAW_E_2014,5,5,5,5,5,0,63,0,3,63,38,0,16,0,1,86,3,1,3,.
2014,PAW,E,PAW_E,PAW_E_2014,PAW_E_2014,4,6,5,5,5,0.816496581,63,0,16,63,38,0,38,0,3,63,4,1,16,.
2014,PAW,E,PAW_E,PAW_E_2014,PAW_E_2014,5,5,6,4,5,0.816496581,38,0,16,86,16,3,38,0,3,86,1,0,3,.
2014,PAW,E,PAW_E,PAW_E_2014,PAW_E_2014,4,5,4,6,4.75,0.957427108,16,0,16,63,38,16,38,3,3,86,2,1,16,.
2014,PAW,E,PAW_E,PAW_E_2014,PAW_E_2014,5,4,5,5,4.75,0.5,63,3,0,0,63,16,16,0,16,63,2,0,16,.
2014,PAW,E,PAW_E,PAW_E_2014,PAW_E_2014,5,5,4,5,4.75,0.5,63,0,16,38,38,0,16,0,3,86,5,0,3,.
2014,PAW,E,PAW_E,PAW_E_2014,PAW_E_2014,4,5,4,5,4.5,0.577350269,63,0,16,63,16,0,3,0,1,86,7,0,16,.
2014,PAW,E,PAW_E,PAW_E_2014,PAW_E_2014,4,4,5,5,4.5,0.577350269,63,0,3,63,16,0,16,3,16,63,9,0,3,.
2014,PAW,E,PAW_E,PAW_E_2014,PAW_E_2014,4,5,5,4,4.5,0.577350269,38,0,3,16,63,0,16,0,16,63,5,1,38,.
2014,PAW,E,PAW_E,PAW_E_2014,PAW_E_2014,4,4,5,5,4.5,0.577350269,16,0,3,0,38,0,63,0,16,63,1,0,1,.
2014,PAW,E,PAW_E,PAW_E_2014,PAW_E_2014,4,4,4,5,4.25,0.5,38,0,16,16,3,0,63,0,3,63,7,0,3,.
2014,PAW,E,PAW_E,PAW_E_2014,PAW_E_2014,4,4,4,3,3.75,0.5,86,0,16,38,16,0,3,0,3,63,5,0,16,.
2014,PAW,E,PAW_E,PAW_E_2014,PAW_E_2014,4,3,5,3,3.75,0.957427108,0,0,38,63,63,0,3,0,3,86,4,0,16,.
2014,PAW,E,PAW_E,PAW_E_2014,PAW_E_2014,3,4,3,3,3.25,0.5,63,0,16,0,16,16,16,0,3,86,2,1,16,.
2014,PAW,N,PAW_N,PAW_N_2014,PAW_N_2014,9,8,7,9,8.25,0.957427108,63,0,0,0,63,16,3,3,0,98,3,0,16,.
2014,PAW,N,PAW_N,PAW_N_2014,PAW_N_2014,8,7,7,8,7.5,0.577350269,38,0,3,0,63,0,0,3,3,86,5,0,3,.
2014,PAW,N,PAW_N,PAW_N_2014,PAW_N_2014,9,8,6,6,7.25,1.5,86,0,3,86,16,0,0,3,0,98,5,0,16,.
2014,PAW,N,PAW_N,PAW_N_2014,PAW_N_2014,7,8,7,7,7.25,0.5,63,0,3,63,63,0,0,3,3,63,4,0,3,.
2014,PAW,N,PAW_N,PAW_N_2014,PAW_N_2014,7,7,7,7,7,0,38,0,16,16,63,3,16,0,3,86,4,0,16,.
2014,PAW,N,PAW_N,PAW_N_2014,PAW_N_2014,7,7,7,7,7,0,3,0,16,63,86,0,0,0,16,63,9,0,38,.
2014,PAW,N,PAW_N,PAW_N_2014,PAW_N_2014,7,7,7,7,7,0,16,0,16,63,63,0,16,3,16,63,3,0,38,.
2014,PAW,N,PAW_N,PAW_N_2014,PAW_N_2014,6,7,6,7,6.5,0.577350269,63,0,3,63,38,0,16,16,1,86,7,0,16,.
2014,PAW,N,PAW_N,PAW_N_2014,PAW_N_2014,6,7,7,6,6.5,0.577350269,63,0,3,86,38,3,16,0,1,86,5,1,16,.
2014,PAW,N,PAW_N,PAW_N_2014,PAW_N_2014,6,6,7,7,6.5,0.577350269,63,0,0,0,63,0,0,3,16,63,0,0,38,.
2014,PAW,N,PAW_N,PAW_N_2014,PAW_N_2014,7,5,5,7,6,1.154700538,16,0,16,86,86,0,0,0,16,63,2,1,16,.
2014,PAW,N,PAW_N,PAW_N_2014,PAW_N_2014,7,6,5,6,6,0.816496581,63,0,3,86,38,0,3,0,16,86,5,0,3,.
2014,PAW,N,PAW_N,PAW_N_2014,PAW_N_2014,5,7,5,6,5.75,0.957427108,16,0,3,63,86,0,3,3,38,38,0,0,38,.
2014,PAW,N,PAW_N,PAW_N_2014,PAW_N_2014,6,5,8,4,5.75,1.707825128,63,0,16,3,63,3,0,16,3,63,4,0,38,.
2014,PAW,N,PAW_N,PAW_N_2014,PAW_N_2014,6,5,6,6,5.75,0.5,86,0,0,0,16,0,3,0,1,86,6,0,3,.
2014,PAW,N,PAW_N,PAW_N_2014,PAW_N_2014,5,6,6,5,5.5,0.577350269,86,0,3,86,16,0,0,0,3,86,5,0,16,.
2014,PAW,N,PAW_N,PAW_N_2014,PAW_N_2014,5,6,6,5,5.5,0.577350269,16,0,3,16,86,0,0,0,38,38,0,0,63,.
2014,PAW,N,PAW_N,PAW_N_2014,PAW_N_2014,5,4,5,7,5.25,1.258305739,63,0,3,16,38,0,3,3,1,86,5,1,16,.
2014,PAW,N,PAW_N,PAW_N_2014,PAW_N_2014,5,7,5,4,5.25,1.258305739,16,0,16,63,86,0,16,0,16,63,2,0,3,.
2014,PAW,N,PAW_N,PAW_N_2014,PAW_N_2014,5,5,7,4,5.25,1.258305739,16,0,16,63,38,16,16,16,3,86,3,0,3,.
2014,PAW,N,PAW_N,PAW_N_2014,PAW_N_2014,5,5,6,5,5.25,0.5,38,0,16,0,38,0,16,3,16,63,1,2,16,.
2014,PAW,N,PAW_N,PAW_N_2014,PAW_N_2014,5,4,5,5,4.75,0.5,38,16,63,63,63,3,16,0,16,63,4,1,16,.
2014,PAW,N,PAW_N,PAW_N_2014,PAW_N_2014,4,5,4,5,4.5,0.577350269,63,0,16,63,63,0,0,0,16,63,2,2,16,.
2014,PAW,N,PAW_N,PAW_N_2014,PAW_N_2014,5,5,4,4,4.5,0.577350269,63,0,16,16,63,0,3,3,16,63,1,0,3,.
2014,PAW,N,PAW_N,PAW_N_2014,PAW_N_2014,4,4,5,4,4.25,0.5,16,0,38,16,38,3,38,0,16,63,1,1,16,.
2014,PAW,N,PAW_N,PAW_N_2014,PAW_N_2014,4,3,5,4,4,0.816496581,38,0,16,16,63,16,0,3,38,38,0,2,38,.
2014,PAW,N,PAW_N,PAW_N_2014,PAW_N_2014,5,4,3,4,4,0.816496581,63,0,3,0,16,16,0,0,3,86,4,0,16,.
2014,PAW,N,PAW_N,PAW_N_2014,PAW_N_2014,4,3,4,4,3.75,0.5,16,0,16,38,63,16,16,3,16,63,1,0,16,.
2014,PAW,N,PAW_N,PAW_N_2014,PAW_N_2014,3,3,4,4,3.5,0.577350269,38,0,16,63,63,3,1,0,16,63,1,1,16,.
2014,PAW,N,PAW_N,PAW_N_2014,PAW_N_2014,3,2,3,2,2.5,0.577350269,38,0,16,16,63,0,0,0,38,38,0,0,16,.
2014,PAW,S,PAW_S,PAW_S_2014,PAW_S_2014,20,7,9,10,11.5,5.802298395,16,0,16,3,63,0,0,0,16,63,2,0,16,.
2014,PAW,S,PAW_S,PAW_S_2014,PAW_S_2014,9,8,9,10,9,0.816496581,16,0,3,3,86,0,0,0,38,38,1,0,38,.
2014,PAW,S,PAW_S,PAW_S_2014,PAW_S_2014,8,8,8,9,8.25,0.5,38,0,0,0,63,0,0,0,1,86,5,0,16,.
2014,PAW,S,PAW_S,PAW_S_2014,PAW_S_2014,9,7,7,9,8,1.154700538,63,0,38,0,16,0,0,0,0,98,10,0,0,.
2014,PAW,S,PAW_S,PAW_S_2014,PAW_S_2014,9,8,7,8,8,0.816496581,38,0,16,86,38,0,16,0,3,86,10,0,16,.
2014,PAW,S,PAW_S,PAW_S_2014,PAW_S_2014,7,8,8,8,7.75,0.5,16,0,0,0,63,0,0,0,3,86,3,0,16,.
2014,PAW,S,PAW_S,PAW_S_2014,PAW_S_2014,10,7,7,7,7.75,1.5,3,0,3,86,63,0,38,3,38,38,1,1,38,.
2014,PAW,S,PAW_S,PAW_S_2014,PAW_S_2014,7,7,9,7,7.5,1,3,0,3,63,86,0,0,0,16,63,3,0,38,.
2014,PAW,S,PAW_S,PAW_S_2014,PAW_S_2014,7,7,9,7,7.5,1,3,0,16,63,86,0,16,0,38,38,1,0,63,.
2014,PAW,S,PAW_S,PAW_S_2014,PAW_S_2014,6,8,6,6,6.5,1,3,0,16,3,38,0,16,0,16,63,1,0,3,.
2014,PAW,S,PAW_S,PAW_S_2014,PAW_S_2014,6,7,6,7,6.5,0.577350269,38,0,0,0,38,0,0,0,3,86,4,0,16,.
2014,PAW,S,PAW_S,PAW_S_2014,PAW_S_2014,6,7,7,6,6.5,0.577350269,16,0,16,16,86,1,0,0,38,38,1,1,38,.
2014,PAW,S,PAW_S,PAW_S_2014,PAW_S_2014,7,6,7,5,6.25,0.957427108,38,0,3,3,38,0,16,0,16,63,1,1,38,.
2014,PAW,S,PAW_S,PAW_S_2014,PAW_S_2014,6,7,6,4,5.75,1.258305739,63,0,0,0,16,0,16,0,3,86,4,0,16,.
2014,PAW,S,PAW_S,PAW_S_2014,PAW_S_2014,6,6,6,4,5.5,1,38,0,16,0,16,3,0,0,1,86,5,0,16,.
2014,PAW,S,PAW_S,PAW_S_2014,PAW_S_2014,5,5,5,6,5.25,0.5,63,0,3,0,38,0,0,3,16,86,3,0,16,.
2014,PAW,S,PAW_S,PAW_S_2014,PAW_S_2014,5,5,6,5,5.25,0.5,38,0,3,0,63,3,3,3,16,63,2,0,16,.
2014,PAW,S,PAW_S,PAW_S_2014,PAW_S_2014,6,5,4,6,5.25,0.957427108,38,0,3,3,63,0,0,0,16,63,2,0,38,.
2014,PAW,S,PAW_S,PAW_S_2014,PAW_S_2014,7,5,5,4,5.25,1.258305739,38,0,3,0,86,16,3,3,16,63,1,0,63,.
2014,PAW,S,PAW_S,PAW_S_2014,PAW_S_2014,5,5,5,5,5,0,38,3,16,0,38,16,0,0,3,86,4,1,16,.
2014,PAW,S,PAW_S,PAW_S_2014,PAW_S_2014,5,5,5,5,5,0,38,0,3,16,38,0,16,0,3,86,4,0,16,.
2014,PAW,S,PAW_S,PAW_S_2014,PAW_S_2014,4,5,6,5,5,0.816496581,16,0,3,38,86,0,0,0,1,86,3,0,38,.
2014,PAW,S,PAW_S,PAW_S_2014,PAW_S_2014,5,5,5,4,4.75,0.5,63,1,16,0,38,0,3,0,16,63,4,1,16,.
2014,PAW,S,PAW_S,PAW_S_2014,PAW_S_2014,5,5,5,4,4.75,0.5,38,0,16,0,63,3,16,3,16,63,2,2,16,.
2014,PAW,S,PAW_S,PAW_S_2014,PAW_S_2014,5,5,5,4,4.75,0.5,63,0,3,0,38,3,16,0,3,63,3,1,16,.
2014,PAW,S,PAW_S,PAW_S_2014,PAW_S_2014,4,5,5,4,4.5,0.577350269,63,0,3,0,38,16,0,3,3,86,3,0,16,.
2014,PAW,S,PAW_S,PAW_S_2014,PAW_S_2014,4,5,3,5,4.25,0.957427108,63,0,16,0,16,16,0,0,16,63,1,1,3,.
2014,PAW,S,PAW_S,PAW_S_2014,PAW_S_2014,3,3,5,4,3.75,0.957427108,63,0,16,3,38,0,3,3,1,86,5,2,16,.
2014,PAW,S,PAW_S,PAW_S_2014,PAW_S_2014,3,3,3,2,2.75,0.5,38,0,16,63,38,16,16,16,16,63,1,0,38,.
2014,PAW,S,PAW_S,PAW_S_2014,PAW_S_2014,2,3,3,3,2.75,0.5,63,0,3,86,38,0,0,3,16,63,1,1,38,.
2014,PYN,N,PYN_N,PYN_N_2014,PYN_N_2014,4,4,3,3,3.5,0.577350269,0,0,86,38,16,0,0,0,38,38,0,0,0,.
2014,PYN,N,PYN_N,PYN_N_2014,PYN_N_2014,3,3,3,4,3.25,0.5,0,16,63,38,16,0,0,0,0,98,3.5,0,16,.
2014,PYN,N,PYN_N,PYN_N_2014,PYN_N_2014,2,3,3,3,2.75,0.5,0,63,38,38,3,3,0,0,3,86,0.25,0,0,.
2014,PYN,N,PYN_N,PYN_N_2014,PYN_N_2014,2,2,2,3,2.25,0.5,0,38,38,86,16,0,0,0,3,98,1.75,0,0,.
2014,PYN,N,PYN_N,PYN_N_2014,PYN_N_2014,2,3,2,2,2.25,0.5,38,16,16,38,3,16,0,0,16,86,1.5,1,3,.
2014,PYN,N,PYN_N,PYN_N_2014,PYN_N_2014,2,2,2,2,2,0,0,38,38,86,0,16,0,0,16,86,0.25,1,0,.
2014,PYN,N,PYN_N,PYN_N_2014,PYN_N_2014,2,2,2,2,2,0,3,16,38,16,16,63,0,0,16,86,0,1,0,.
2014,PYN,N,PYN_N,PYN_N_2014,PYN_N_2014,2,1,2,3,2,0.816496581,3,38,16,86,16,16,16,0,16,86,0,1,3,.
2014,PYN,N,PYN_N,PYN_N_2014,PYN_N_2014,2,2,2,2,2,0,16,38,16,86,0,16,0,0,3,86,2.75,1,0,.
2014,PYN,N,PYN_N,PYN_N_2014,PYN_N_2014,1,3,2,1,1.75,0.957427108,16,38,16,16,3,63,0,0,16,86,0,1,0,.
2014,PYN,N,PYN_N,PYN_N_2014,PYN_N_2014,3,1,1,2,1.75,0.957427108,16,16,16,38,3,38,0,0,16,86,1.5,1,0,.
2014,PYN,N,PYN_N,PYN_N_2014,PYN_N_2014,3,1,1,2,1.75,0.957427108,0,38,63,38,0,38,0,0,16,86,0.75,0,0,.
2014,PYN,N,PYN_N,PYN_N_2014,PYN_N_2014,2,1,1,2,1.5,0.577350269,0,38,38,16,16,16,0,0,16,63,0,0,3,.
2014,PYN,N,PYN_N,PYN_N_2014,PYN_N_2014,1,2,2,1,1.5,0.577350269,16,38,16,0,16,63,0,0,16,86,0,1,0,.
2014,PYN,N,PYN_N,PYN_N_2014,PYN_N_2014,2,2,1,1,1.5,0.577350269,3,38,16,63,16,63,0,0,16,86,0.25,0,16,.
2014,PYN,N,PYN_N,PYN_N_2014,PYN_N_2014,1,1,2,2,1.5,0.577350269,38,16,16,38,16,16,0,0,16,63,0,1,16,.
2014,PYN,N,PYN_N,PYN_N_2014,PYN_N_2014,1,2,1,2,1.5,0.577350269,38,38,16,16,16,16,0,0,16,86,0,2,16,.
2014,PYN,N,PYN_N,PYN_N_2014,PYN_N_2014,1,1,1,2,1.25,0.5,3,38,16,16,3,63,0,0,16,86,0.25,0,0,.
2014,PYN,N,PYN_N,PYN_N_2014,PYN_N_2014,1,1,1,2,1.25,0.5,16,38,16,38,3,0,0,0,3,86,1,0,3,.
2014,PYN,N,PYN_N,PYN_N_2014,PYN_N_2014,1,1,1,2,1.25,0.5,1,16,38,16,3,38,0,0,16,63,0,2,0,.
2014,PYN,N,PYN_N,PYN_N_2014,PYN_N_2014,1,1,1,2,1.25,0.5,3,16,38,38,3,63,0,0,16,86,0,1,0,.
2014,PYN,N,PYN_N,PYN_N_2014,PYN_N_2014,1,1,1,2,1.25,0.5,0,63,3,0,3,63,0,0,38,63,0,0,0,.
2014,PYN,N,PYN_N,PYN_N_2014,PYN_N_2014,1,1,1,2,1.25,0.5,3,38,16,63,0,38,0,0,16,63,0.25,1,0,.
2014,PYN,N,PYN_N,PYN_N_2014,PYN_N_2014,1,2,1,1,1.25,0.5,3,38,16,38,3,38,0,0,16,86,1,1,3,.
2014,PYN,N,PYN_N,PYN_N_2014,PYN_N_2014,1,1,1,1,1,0,16,16,38,16,3,38,0,0,38,63,0,1,0,.
2014,PYN,N,PYN_N,PYN_N_2014,PYN_N_2014,1,1,1,1,1,0,16,16,38,3,16,16,0,0,38,38,0,2,0,.
2014,PYN,N,PYN_N,PYN_N_2014,PYN_N_2014,1,1,1,1,1,0,3,16,16,0,38,38,0,0,16,63,0,1,0,.
2014,PYN,N,PYN_N,PYN_N_2014,PYN_N_2014,1,1,1,1,1,0,0,16,38,38,3,86,0,0,16,63,0,0,0,.
2014,PYN,N,PYN_N,PYN_N_2014,PYN_N_2014,1,1,1,1,1,0,0,16,16,16,0,0,0,0,38,63,0,0,0,.
2014,PYN,N,PYN_N,PYN_N_2014,PYN_N_2014,1,1,1,1,1,0,0,16,38,0,16,86,0,0,3,86,0.25,0,0,.
2014,PYN,S,PYN_S,PYN_S_2014,PYN_S_2014,3,2,2,2,2.25,0.5,3,16,38,3,16,63,0,0,3,86,1,1,16,.
2014,PYN,S,PYN_S,PYN_S_2014,PYN_S_2014,1,2,3,3,2.25,0.957427108,0,38,38,3,16,3,0,0,3,86,0.5,0,0,.
2014,PYN,S,PYN_S,PYN_S_2014,PYN_S_2014,2,2,2,2,2,0,16,38,16,16,16,3,0,0,16,86,1,2,0,.
2014,PYN,S,PYN_S,PYN_S_2014,PYN_S_2014,2,2,2,2,2,0,16,38,16,16,3,38,0,0,16,86,0,1,0,.
2014,PYN,S,PYN_S,PYN_S_2014,PYN_S_2014,2,1,2,3,2,0.816496581,16,38,16,3,16,38,0,3,0,98,1,1,16,.
2014,PYN,S,PYN_S,PYN_S_2014,PYN_S_2014,2,2,1,2,1.75,0.5,0,63,16,0,0,63,0,0,3,86,0.5,0,0,.
2014,PYN,S,PYN_S,PYN_S_2014,PYN_S_2014,2,3,1,1,1.75,0.957427108,38,38,16,3,38,16,0,0,16,86,0,0,16,.
2014,PYN,S,PYN_S,PYN_S_2014,PYN_S_2014,1,1,2,2,1.5,0.577350269,0,38,16,38,16,38,0,0,3,86,0.5,0,0,.
2014,PYN,S,PYN_S,PYN_S_2014,PYN_S_2014,1,2,1,2,1.5,0.577350269,16,38,16,3,16,16,0,0,16,86,2,1,16,.
2014,PYN,S,PYN_S,PYN_S_2014,PYN_S_2014,2,1,2,1,1.5,0.577350269,16,16,16,0,3,63,0,0,16,63,0,1,0,.
2014,PYN,S,PYN_S,PYN_S_2014,PYN_S_2014,1,1,2,2,1.5,0.577350269,16,38,16,0,3,63,0,0,16,63,0,1,0,.
2014,PYN,S,PYN_S,PYN_S_2014,PYN_S_2014,1,2,1,1,1.25,0.5,0,16,38,3,3,63,0,0,16,63,0.5,0,0,.
2014,PYN,S,PYN_S,PYN_S_2014,PYN_S_2014,2,1,1,1,1.25,0.5,16,38,38,3,3,38,0,0,16,63,0,0,0,.
2014,PYN,S,PYN_S,PYN_S_2014,PYN_S_2014,2,1,1,1,1.25,0.5,3,16,38,16,16,63,0,0,16,86,0.25,1,0,.
2014,PYN,S,PYN_S,PYN_S_2014,PYN_S_2014,1,1,2,1,1.25,0.5,16,38,16,0,3,38,0,0,3,86,0.5,1,0,.
2014,PYN,S,PYN_S,PYN_S_2014,PYN_S_2014,1,1,1,2,1.25,0.5,38,16,16,38,16,38,0,0,16,86,0,1,3,.
2014,PYN,S,PYN_S,PYN_S_2014,PYN_S_2014,1,2,1,1,1.25,0.5,16,38,16,38,3,38,0,0,16,86,0,1,0,.
2014,PYN,S,PYN_S,PYN_S_2014,PYN_S_2014,1,1,2,1,1.25,0.5,16,16,16,0,16,38,0,0,38,63,0,1,0,.
2014,PYN,S,PYN_S,PYN_S_2014,PYN_S_2014,1,1,1,2,1.25,0.5,16,16,16,3,3,63,0,0,16,63,0,2,0,.
2014,PYN,S,PYN_S,PYN_S_2014,PYN_S_2014,1,1,1,1,1,0,3,38,16,16,16,63,0,0,38,63,0,0,0,.
2014,PYN,S,PYN_S,PYN_S_2014,PYN_S_2014,1,1,1,1,1,0,0,38,38,3,16,63,0,0,16,63,0,0,0,.
2014,PYN,S,PYN_S,PYN_S_2014,PYN_S_2014,1,1,1,1,1,0,3,38,16,16,3,63,0,0,16,63,0,0,0,.
2014,PYN,S,PYN_S,PYN_S_2014,PYN_S_2014,1,1,1,1,1,0,0,16,16,3,16,63,0,0,16,63,0.25,0,0,.
2014,PYN,S,PYN_S,PYN_S_2014,PYN_S_2014,1,1,1,1,1,0,3,16,38,0,16,38,0,0,16,63,0,1,0,.
2014,PYN,S,PYN_S,PYN_S_2014,PYN_S_2014,1,1,1,1,1,0,16,16,16,86,3,63,0,0,16,63,0.25,1,0,.
2014,PYN,S,PYN_S,PYN_S_2014,PYN_S_2014,1,1,1,1,1,0,16,38,38,38,3,38,0,0,38,63,0,1,0,.
2014,PYN,S,PYN_S,PYN_S_2014,PYN_S_2014,1,1,1,1,1,0,38,16,16,38,3,16,0,0,63,38,0,2,0,.
2014,PYN,S,PYN_S,PYN_S_2014,PYN_S_2014,1,1,1,1,1,0,38,16,3,0,3,63,0,0,16,63,0,1,0,.
2014,PYN,S,PYN_S,PYN_S_2014,PYN_S_2014,1,1,1,1,1,0,16,16,16,0,16,38,0,0,38,38,0,1,0,.
2014,PYN,S,PYN_S,PYN_S_2014,PYN_S_2014,1,1,1,1,1,0,3,38,16,38,0,63,0,0,38,63,0,1,0,.
2014,PYN,W,PYN_W,PYN_W_2014,PYN_W_2014,3,2,2,2,2.25,0.5,0,63,38,0,16,3,0,0,16,86,0,0,0,.
2014,PYN,W,PYN_W,PYN_W_2014,PYN_W_2014,1,2,4,1,2,1.414213562,3,38,16,38,16,16,0,0,16,86,0,0,0,.
2014,PYN,W,PYN_W,PYN_W_2014,PYN_W_2014,2,2,2,1,1.75,0.5,38,38,3,0,16,16,16,0,16,86,0,0,3,.
2014,PYN,W,PYN_W,PYN_W_2014,PYN_W_2014,2,1,1,2,1.5,0.577350269,16,16,38,16,16,63,0,0,16,63,0,0,3,.
2014,PYN,W,PYN_W,PYN_W_2014,PYN_W_2014,1,1,1,2,1.25,0.5,16,38,16,63,16,63,0,0,0,0,0,0,0,.
2014,PYN,W,PYN_W,PYN_W_2014,PYN_W_2014,1,1,2,1,1.25,0.5,16,38,3,63,3,63,0,0,16,63,0,0,0,.
2014,PYN,W,PYN_W,PYN_W_2014,PYN_W_2014,2,1,1,1,1.25,0.5,3,16,16,16,16,38,0,0,16,63,0,0,3,.
2014,PYN,W,PYN_W,PYN_W_2014,PYN_W_2014,1,1,2,1,1.25,0.5,3,38,38,86,16,16,0,0,63,16,0,1,3,.
2014,PYN,W,PYN_W,PYN_W_2014,PYN_W_2014,1,1,1,2,1.25,0.5,3,63,16,63,16,16,0,0,38,38,0,0,0,.
2014,PYN,W,PYN_W,PYN_W_2014,PYN_W_2014,1,1,1,1,1,0,16,16,16,16,16,63,0,0,63,38,0,1,0,.
2014,PYN,W,PYN_W,PYN_W_2014,PYN_W_2014,1,1,1,1,1,0,3,16,16,16,16,63,0,0,38,16,0,1,0,.
2014,PYN,W,PYN_W,PYN_W_2014,PYN_W_2014,1,1,1,1,1,0,3,16,63,38,3,38,0,0,16,63,0,1,0,.
2014,PYN,W,PYN_W,PYN_W_2014,PYN_W_2014,1,1,1,1,1,0,16,16,16,0,3,38,0,0,63,16,0,1,0,.
2014,PYN,W,PYN_W,PYN_W_2014,PYN_W_2014,1,1,1,1,1,0,3,38,16,16,16,16,0,0,38,38,0,0,0,.
2014,PYN,W,PYN_W,PYN_W_2014,PYN_W_2014,1,1,1,1,1,0,16,16,16,16,3,38,3,0,63,38,0,1,0,.
2014,PYN,W,PYN_W,PYN_W_2014,PYN_W_2014,1,1,1,1,1,0,16,16,38,16,16,38,0,0,38,63,0,2,0,.
2014,PYN,W,PYN_W,PYN_W_2014,PYN_W_2014,1,1,1,1,1,0,16,63,3,38,16,38,0,0,16,63,0,1,3,.
2014,PYN,W,PYN_W,PYN_W_2014,PYN_W_2014,1,1,1,1,1,0,16,16,16,63,16,38,0,0,38,38,0,1,3,.
2014,PYN,W,PYN_W,PYN_W_2014,PYN_W_2014,1,1,1,1,1,0,3,16,16,16,16,86,0,0,38,16,0,1,0,.
2014,PYN,W,PYN_W,PYN_W_2014,PYN_W_2014,1,1,1,1,1,0,3,38,16,16,3,38,0,0,38,16,0,1,0,.
2014,PYN,W,PYN_W,PYN_W_2014,PYN_W_2014,1,1,1,1,1,0,16,16,3,0,16,38,0,0,63,16,0,1,1,.
2014,PYN,W,PYN_W,PYN_W_2014,PYN_W_2014,1,1,1,1,1,0,16,3,16,98,3,63,0,0,38,38,0,0,0,.
2014,PYN,W,PYN_W,PYN_W_2014,PYN_W_2014,1,1,1,1,1,0,38,3,16,0,16,38,0,0,63,16,0,1,0,.
2014,PYN,W,PYN_W,PYN_W_2014,PYN_W_2014,1,1,1,1,1,0,16,3,16,38,16,38,0,0,63,16,0,0,0,.
2014,PYN,W,PYN_W,PYN_W_2014,PYN_W_2014,1,1,1,1,1,0,3,16,38,63,16,38,0,0,16,63,0,0,3,.
2014,PYN,W,PYN_W,PYN_W_2014,PYN_W_2014,1,1,1,1,1,0,3,38,16,38,16,38,0,0,38,38,0,1,3,.
2014,PYN,W,PYN_W,PYN_W_2014,PYN_W_2014,1,1,1,1,1,0,3,16,16,16,16,38,0,0,38,63,0,1,0,.
2014,PYN,W,PYN_W,PYN_W_2014,PYN_W_2014,1,1,1,1,1,0,16,16,16,16,16,38,0,0,63,16,0,2,3,.
2014,PYN,W,PYN_W,PYN_W_2014,PYN_W_2014,1,1,1,1,1,0,3,16,16,16,3,38,0,0,63,16,0,1,0,.
2014,PYN,W,PYN_W,PYN_W_2014,PYN_W_2014,0,0,0,0,0,0,16,16,3,38,16,16,0,0,38,63,0,1,3,.
2014,PYS,N,PYS_N,PYS_N_2014,PYS_N_2014,2,2,2,3,2.25,0.5,16,16,16,16,16,3,16,0,3,63,3,0,3,.
2014,PYS,N,PYS_N,PYS_N_2014,PYS_N_2014,3,2,1,2,2,0.816496581,3,38,16,16,16,16,0,0,1,86,2,1,3,.
2014,PYS,N,PYS_N,PYS_N_2014,PYS_N_2014,2,2,3,1,2,0.816496581,3,16,16,3,16,16,0,0,3,63,0,2,16,.
2014,PYS,N,PYS_N,PYS_N_2014,PYS_N_2014,2,2,2,2,2,0,3,38,16,3,16,3,0,0,1,86,2.5,1,16,.
2014,PYS,N,PYS_N,PYS_N_2014,PYS_N_2014,1,2,1,2,1.5,0.577350269,1,16,16,3,38,16,0,0,1,86,1.5,1,16,.
2014,PYS,N,PYS_N,PYS_N_2014,PYS_N_2014,2,2,1,1,1.5,0.577350269,0,38,38,16,16,3,1,3,0,86,2,0,16,.
2014,PYS,N,PYS_N,PYS_N_2014,PYS_N_2014,1,1,3,1,1.5,1,16,16,16,3,16,16,0,0,16,63,0,1,16,.
2014,PYS,N,PYS_N,PYS_N_2014,PYS_N_2014,2,1,2,1,1.5,0.577350269,0,16,38,0,16,16,16,3,38,38,0,0,0,.
2014,PYS,N,PYS_N,PYS_N_2014,PYS_N_2014,1,2,1,2,1.5,0.577350269,16,38,16,3,16,3,1,3,3,86,2.5,1,3,.
2014,PYS,N,PYS_N,PYS_N_2014,PYS_N_2014,2,2,1,1,1.5,0.577350269,0,38,16,3,16,0,3,3,1,86,2.5,0,16,.
2014,PYS,N,PYS_N,PYS_N_2014,PYS_N_2014,1,1,2,2,1.5,0.577350269,16,38,3,0,3,16,0,0,16,63,0,1,1,.
2014,PYS,N,PYS_N,PYS_N_2014,PYS_N_2014,1,2,1,2,1.5,0.577350269,1,16,38,3,3,3,0,0,38,38,1,1,1,.
2014,PYS,N,PYS_N,PYS_N_2014,PYS_N_2014,1,2,1,2,1.5,0.577350269,3,38,16,3,1,16,0,0,1,63,1.5,1,0,.
2014,PYS,N,PYS_N,PYS_N_2014,PYS_N_2014,1,1,1,2,1.25,0.5,3,16,16,0,16,3,0,0,3,63,3,1,16,.
2014,PYS,N,PYS_N,PYS_N_2014,PYS_N_2014,1,1,2,1,1.25,0.5,16,16,16,0,1,38,0,0,1,86,2,1,0,.
2014,PYS,N,PYS_N,PYS_N_2014,PYS_N_2014,1,1,2,1,1.25,0.5,16,38,3,3,3,16,0,0,3,86,0.5,1,3,.
2014,PYS,N,PYS_N,PYS_N_2014,PYS_N_2014,1,1,1,2,1.25,0.5,0,38,16,3,1,38,0,0,3,86,2,0,0,.
2014,PYS,N,PYS_N,PYS_N_2014,PYS_N_2014,1,1,1,2,1.25,0.5,0,38,16,3,3,3,0,0,3,63,0.5,0,0,.
2014,PYS,N,PYS_N,PYS_N_2014,PYS_N_2014,1,2,1,1,1.25,0.5,3,38,16,3,3,16,0,0,3,86,2,1,3,.
2014,PYS,N,PYS_N,PYS_N_2014,PYS_N_2014,2,1,1,1,1.25,0.5,0,16,63,3,0,16,0,0,1,86,0.5,0,0,.
2014,PYS,N,PYS_N,PYS_N_2014,PYS_N_2014,1,1,1,1,1,0,3,16,16,3,3,16,0,0,0,86,0,1,3,.
2014,PYS,N,PYS_N,PYS_N_2014,PYS_N_2014,0,1,1,2,1,0.816496581,3,16,16,3,38,16,0,0,3,63,1,1,16,.
2014,PYS,N,PYS_N,PYS_N_2014,PYS_N_2014,1,1,1,1,1,0,1,63,16,3,16,3,0,0,1,86,1,0,0,.
2014,PYS,N,PYS_N,PYS_N_2014,PYS_N_2014,1,1,1,1,1,0,1,63,3,3,1,16,0,0,3,86,4.5,0,1,.
2014,PYS,N,PYS_N,PYS_N_2014,PYS_N_2014,1,1,1,1,1,0,3,16,16,3,1,16,0,0,3,86,1,1,0,.
2014,PYS,N,PYS_N,PYS_N_2014,PYS_N_2014,1,1,1,1,1,0,0,38,38,3,3,16,0,0,1,86,0,0,0,.
2014,PYS,N,PYS_N,PYS_N_2014,PYS_N_2014,2,1,0,1,1,0.816496581,0,38,16,3,3,3,0,0,1,86,0.5,0,0,.
2014,PYS,N,PYS_N,PYS_N_2014,PYS_N_2014,0,1,1,1,0.75,0.5,0,16,16,3,3,38,0,0,16,38,0,0,0,.
2014,PYS,N,PYS_N,PYS_N_2014,PYS_N_2014,0,1,1,1,0.75,0.5,3,63,3,0,0,16,0,0,3,86,1.5,1,0,.
2014,PYS,N,PYS_N,PYS_N_2014,PYS_N_2014,1,0,0,1,0.5,0.577350269,38,16,3,3,3,3,0,0,63,16,0,1,1,.
2014,PYS,S,PYS_S,PYS_S_2014,PYS_S_2014,3,2,3,2,2.5,0.577350269,16,63,16,16,16,3,3,0,16,38,0.5,0,3,.
2014,PYS,S,PYS_S,PYS_S_2014,PYS_S_2014,2,2,2,2,2,0,1,38,63,16,1,16,0,0,16,16,0,0,0,.
2014,PYS,S,PYS_S,PYS_S_2014,PYS_S_2014,2,1,2,2,1.75,0.5,16,38,16,3,16,16,0,0,16,38,0,0,16,.
2014,PYS,S,PYS_S,PYS_S_2014,PYS_S_2014,2,2,1,2,1.75,0.5,3,16,38,16,16,16,0,0,38,38,0,0,16,.
2014,PYS,S,PYS_S,PYS_S_2014,PYS_S_2014,1,1,2,2,1.5,0.577350269,16,16,16,0,16,16,0,0,16,63,0.5,1,3,.
2014,PYS,S,PYS_S,PYS_S_2014,PYS_S_2014,1,1,1,3,1.5,1,16,38,16,3,16,16,16,0,3,63,0.5,0,0,.
2014,PYS,S,PYS_S,PYS_S_2014,PYS_S_2014,1,1,1,2,1.25,0.5,16,63,16,3,3,16,0,0,16,16,0.5,0,0,.
2014,PYS,S,PYS_S,PYS_S_2014,PYS_S_2014,2,1,1,1,1.25,0.5,16,63,16,16,16,16,1,0,16,16,0,1,1,.
2014,PYS,S,PYS_S,PYS_S_2014,PYS_S_2014,2,1,1,1,1.25,0.5,16,38,16,16,16,16,0,0,16,38,0.5,1,16,.
2014,PYS,S,PYS_S,PYS_S_2014,PYS_S_2014,2,1,1,1,1.25,0.5,3,38,16,0,16,16,0,0,38,38,0,1,1,.
2014,PYS,S,PYS_S,PYS_S_2014,PYS_S_2014,2,1,1,1,1.25,0.5,3,16,16,0,3,16,0,0,3,86,0,0,0,.
2014,PYS,S,PYS_S,PYS_S_2014,PYS_S_2014,1,1,2,1,1.25,0.5,16,16,16,3,16,16,0,0,16,63,0,1,1,.
2014,PYS,S,PYS_S,PYS_S_2014,PYS_S_2014,1,1,1,1,1,0,16,16,16,3,38,38,0,0,16,16,1.5,1,16,.
2014,PYS,S,PYS_S,PYS_S_2014,PYS_S_2014,1,1,1,1,1,0,16,38,16,16,38,16,0,0,38,38,0,1,3,.
2014,PYS,S,PYS_S,PYS_S_2014,PYS_S_2014,1,1,1,1,1,0,16,38,16,0,38,16,0,0,16,38,0.5,1,3,.
2014,PYS,S,PYS_S,PYS_S_2014,PYS_S_2014,1,2,0,1,1,0.816496581,16,63,3,0,38,16,0,0,16,38,0.5,1,1,.
2014,PYS,S,PYS_S,PYS_S_2014,PYS_S_2014,2,1,0,1,1,0.816496581,16,63,16,3,16,16,0,0,16,38,0,1,1,.
2014,PYS,S,PYS_S,PYS_S_2014,PYS_S_2014,1,1,1,1,1,0,0,38,38,3,3,38,16,0,16,16,1,0,0,.
2014,PYS,S,PYS_S,PYS_S_2014,PYS_S_2014,1,1,1,1,1,0,16,16,16,0,38,38,0,0,16,63,0,0,3,.
2014,PYS,S,PYS_S,PYS_S_2014,PYS_S_2014,1,1,1,1,1,0,3,38,3,0,16,38,0,0,16,38,0,1,3,.
2014,PYS,S,PYS_S,PYS_S_2014,PYS_S_2014,1,1,1,1,1,0,3,38,16,3,38,38,0,0,38,38,0,1,3,.
2014,PYS,S,PYS_S,PYS_S_2014,PYS_S_2014,1,1,1,1,1,0,16,38,16,0,16,16,0,0,16,38,1,1,0,.
2014,PYS,S,PYS_S,PYS_S_2014,PYS_S_2014,1,1,1,1,1,0,3,38,16,3,16,16,0,0,16,63,0,1,1,.
2014,PYS,S,PYS_S,PYS_S_2014,PYS_S_2014,1,1,1,1,1,0,0,38,16,3,1,16,0,0,3,63,0.5,1,0,.
2014,PYS,S,PYS_S,PYS_S_2014,PYS_S_2014,0,1,1,1,0.75,0.5,0,63,0,0,38,16,0,0,38,16,0,0,0,.
2014,PYS,S,PYS_S,PYS_S_2014,PYS_S_2014,0,1,1,1,0.75,0.5,16,16,16,3,0,16,16,0,86,16,0,1,3,.
2014,PYS,S,PYS_S,PYS_S_2014,PYS_S_2014,0,1,1,1,0.75,0.5,16,38,16,3,38,16,0,0,38,16,0,1,0,.
2014,PYS,S,PYS_S,PYS_S_2014,PYS_S_2014,1,1,1,0,0.75,0.5,1,16,16,0,3,38,0,0,16,38,0,1,1,.
2014,PYS,S,PYS_S,PYS_S_2014,PYS_S_2014,1,1,1,0,0.75,0.5,16,38,16,16,16,38,0,0,3,0,1,1,0,.
2014,PYS,S,PYS_S,PYS_S_2014,PYS_S_2014,0,1,0,1,0.5,0.577350269,16,16,16,0,16,38,0,0,16,63,1,1,0,.
2014,PYS,W,PYS_W,PYS_W_2014,PYS_W_2014,5,6,7,6,6,0.816496581,0,3,63,3,3,16,0,0,1,86,4.5,0,3,.
2014,PYS,W,PYS_W,PYS_W_2014,PYS_W_2014,3,1,2,2,2,0.816496581,38,16,16,3,0,16,0,0,16,63,0.5,1,0,.
2014,PYS,W,PYS_W,PYS_W_2014,PYS_W_2014,2,2,2,2,2,0,3,16,86,38,0,3,0,0,1,86,2.5,1,0,.
2014,PYS,W,PYS_W,PYS_W_2014,PYS_W_2014,2,2,2,2,2,0,16,16,38,38,16,16,0,0,3,63,1,0,3,.
2014,PYS,W,PYS_W,PYS_W_2014,PYS_W_2014,2,2,1,2,1.75,0.5,16,16,16,0,3,16,0,0,0,86,2,0,0,.
2014,PYS,W,PYS_W,PYS_W_2014,PYS_W_2014,2,2,1,2,1.75,0.5,16,16,16,16,38,16,0,0,3,63,1.5,1,38,.
2014,PYS,W,PYS_W,PYS_W_2014,PYS_W_2014,2,1,2,2,1.75,0.5,16,16,38,38,16,16,0,0,1,86,1.5,1,16,.
2014,PYS,W,PYS_W,PYS_W_2014,PYS_W_2014,1,2,2,2,1.75,0.5,16,38,16,3,16,3,0,0,1,86,1.5,1,1,.
2014,PYS,W,PYS_W,PYS_W_2014,PYS_W_2014,2,1,2,2,1.75,0.5,3,16,16,16,16,16,0,0,1,86,0,1,3,.
2014,PYS,W,PYS_W,PYS_W_2014,PYS_W_2014,1,2,2,1,1.5,0.577350269,16,38,3,3,0,16,0,0,3,86,1,1,0,.
2014,PYS,W,PYS_W,PYS_W_2014,PYS_W_2014,1,1,2,2,1.5,0.577350269,3,38,16,3,0,16,0,0,3,86,1.5,1,0,.
2014,PYS,W,PYS_W,PYS_W_2014,PYS_W_2014,2,1,1,2,1.5,0.577350269,3,38,16,0,0,38,0,0,1,86,2,0,0,.
2014,PYS,W,PYS_W,PYS_W_2014,PYS_W_2014,2,1,1,2,1.5,0.577350269,16,16,16,16,38,16,0,0,3,63,2,1,16,.
2014,PYS,W,PYS_W,PYS_W_2014,PYS_W_2014,2,1,1,2,1.5,0.577350269,38,16,16,3,16,16,0,0,1,86,4.5,1,3,.
2014,PYS,W,PYS_W,PYS_W_2014,PYS_W_2014,2,1,1,2,1.5,0.577350269,16,16,16,3,16,3,0,0,1,86,1,1,3,.
2014,PYS,W,PYS_W,PYS_W_2014,PYS_W_2014,1,1,1,2,1.25,0.5,1,38,38,3,0,16,0,0,1,86,3,1,0,.
2014,PYS,W,PYS_W,PYS_W_2014,PYS_W_2014,1,1,1,2,1.25,0.5,16,38,16,3,1,16,0,0,3,63,1.5,1,0,.
2014,PYS,W,PYS_W,PYS_W_2014,PYS_W_2014,2,1,1,1,1.25,0.5,16,16,16,3,1,16,0,0,3,86,1.5,2,0,.
2014,PYS,W,PYS_W,PYS_W_2014,PYS_W_2014,1,1,1,2,1.25,0.5,3,16,16,3,1,16,0,0,3,86,2,1,0,.
2014,PYS,W,PYS_W,PYS_W_2014,PYS_W_2014,1,1,1,2,1.25,0.5,3,38,16,3,3,38,0,0,3,86,0.5,1,0,.
2014,PYS,W,PYS_W,PYS_W_2014,PYS_W_2014,1,1,1,2,1.25,0.5,1,38,16,3,3,38,0,0,1,63,0.5,1,1,.
2014,PYS,W,PYS_W,PYS_W_2014,PYS_W_2014,1,2,1,1,1.25,0.5,16,38,16,3,16,3,0,0,3,63,0,1,3,.
2014,PYS,W,PYS_W,PYS_W_2014,PYS_W_2014,1,1,2,1,1.25,0.5,16,16,38,16,16,16,0,0,3,86,0.5,1,3,.
2014,PYS,W,PYS_W,PYS_W_2014,PYS_W_2014,1,1,2,1,1.25,0.5,3,16,38,16,38,3,0,0,3,63,1,1,16,.
2014,PYS,W,PYS_W,PYS_W_2014,PYS_W_2014,1,2,1,1,1.25,0.5,16,16,38,16,16,16,0,0,1,63,1,1,1,.
2014,PYS,W,PYS_W,PYS_W_2014,PYS_W_2014,1,1,1,2,1.25,0.5,1,16,38,3,16,16,0,0,3,86,1,1,0,.
2014,PYS,W,PYS_W,PYS_W_2014,PYS_W_2014,1,1,1,1,1,0,3,38,16,3,3,38,0,0,1,86,2,1,0,.
2014,PYS,W,PYS_W,PYS_W_2014,PYS_W_2014,1,1,1,1,1,0,16,16,38,3,16,16,0,0,3,63,1.5,1,1,.
2014,PYS,W,PYS_W,PYS_W_2014,PYS_W_2014,1,1,1,1,1,0,3,16,16,3,3,16,0,0,16,63,2,1,0,.
2014,PYS,W,PYS_W,PYS_W_2014,PYS_W_2014,0,1,1,1,0.75,0.5,1,16,38,0,3,38,0,0,1,86,0,0,0,.
2014,PYW,C,PYW_C,PYW_C_2014,PYW_C_2014,2,2,5,5,3.5,1.732050808,0,38,38,16,16,0,16,0,0,86,2,1,16,.
2014,PYW,C,PYW_C,PYW_C_2014,PYW_C_2014,3,2,2,3,2.5,0.577350269,0,63,16,16,16,0,0,0,0,86,0.5,0,0,.
2014,PYW,C,PYW_C,PYW_C_2014,PYW_C_2014,3,2,2,2,2.25,0.5,38,38,16,0,3,3,16,0,0,86,1.5,1,1,.
2014,PYW,C,PYW_C,PYW_C_2014,PYW_C_2014,2,3,1,3,2.25,0.957427108,63,16,16,3,16,16,0,0,3,86,1.5,1,16,.
2014,PYW,C,PYW_C,PYW_C_2014,PYW_C_2014,2,2,2,2,2,0,3,86,16,0,0,3,0,0,0,86,1.5,1,0,.
2014,PYW,C,PYW_C,PYW_C_2014,PYW_C_2014,2,2,1,3,2,0.816496581,63,16,16,3,3,3,0,0,0,86,1,1,0,.
2014,PYW,C,PYW_C,PYW_C_2014,PYW_C_2014,2,2,2,2,2,0,16,38,16,3,3,1,0,0,0,86,0.5,1,3,.
2014,PYW,C,PYW_C,PYW_C_2014,PYW_C_2014,2,2,1,2,1.75,0.5,16,38,16,3,16,3,0,3,1,86,0.5,1,3,.
2014,PYW,C,PYW_C,PYW_C_2014,PYW_C_2014,2,2,1,2,1.75,0.5,38,16,38,16,16,3,3,0,0,86,1,1,3,.
2014,PYW,C,PYW_C,PYW_C_2014,PYW_C_2014,1,3,1,2,1.75,0.957427108,63,16,16,3,16,3,3,0,0,86,2.5,1,3,.
2014,PYW,C,PYW_C,PYW_C_2014,PYW_C_2014,2,2,1,2,1.75,0.5,38,16,16,3,16,3,0,0,1,86,0,0,16,.
2014,PYW,C,PYW_C,PYW_C_2014,PYW_C_2014,2,2,1,1,1.5,0.577350269,38,16,38,3,0,3,0,0,0,86,0,1,0,.
2014,PYW,C,PYW_C,PYW_C_2014,PYW_C_2014,2,2,1,1,1.5,0.577350269,16,16,38,3,16,3,0,0,1,86,1,0,3,.
2014,PYW,C,PYW_C,PYW_C_2014,PYW_C_2014,1,2,1,2,1.5,0.577350269,0,38,16,3,38,3,0,0,0,86,6,0,16,.
2014,PYW,C,PYW_C,PYW_C_2014,PYW_C_2014,1,3,1,1,1.5,1,16,16,16,3,16,38,0,0,1,86,0,1,16,.
2014,PYW,C,PYW_C,PYW_C_2014,PYW_C_2014,1,2,2,1,1.5,0.577350269,63,16,3,3,3,16,0,0,3,86,2,1,3,.
2014,PYW,C,PYW_C,PYW_C_2014,PYW_C_2014,1,1,1,2,1.25,0.5,38,16,16,0,0,16,0,0,3,86,0.5,1,0,.
2014,PYW,C,PYW_C,PYW_C_2014,PYW_C_2014,1,2,1,1,1.25,0.5,38,3,16,3,3,38,0,0,1,86,0,1,0,.
2014,PYW,C,PYW_C,PYW_C_2014,PYW_C_2014,1,1,2,1,1.25,0.5,16,38,16,3,3,16,0,0,0,86,0.5,1,1,.
2014,PYW,C,PYW_C,PYW_C_2014,PYW_C_2014,1,1,1,1,1,0,16,16,16,3,3,16,0,0,0,86,1.5,1,3,.
2014,PYW,C,PYW_C,PYW_C_2014,PYW_C_2014,1,1,1,1,1,0,16,16,16,3,3,16,0,0,16,63,0,1,0,.
2014,PYW,C,PYW_C,PYW_C_2014,PYW_C_2014,1,1,1,1,1,0,16,16,16,3,3,16,0,0,3,86,0.5,1,0,.
2014,PYW,C,PYW_C,PYW_C_2014,PYW_C_2014,1,1,1,1,1,0,3,38,16,3,16,16,3,0,0,86,1,1,16,.
2014,PYW,C,PYW_C,PYW_C_2014,PYW_C_2014,1,1,1,1,1,0,16,16,16,3,3,38,0,0,0,86,0,1,1,.
2014,PYW,C,PYW_C,PYW_C_2014,PYW_C_2014,1,1,1,1,1,0,38,16,16,3,3,16,0,0,1,86,2,1,3,.
2014,PYW,C,PYW_C,PYW_C_2014,PYW_C_2014,0,1,1,1,0.75,0.5,16,16,16,16,16,16,0,0,3,86,0,2,0,.
2014,PYW,C,PYW_C,PYW_C_2014,PYW_C_2014,0,0,0,0,0,0,0,0,0,0,0,0,0,0,0,0,0,0,0,.
2014,PYW,C,PYW_C,PYW_C_2014,PYW_C_2014,0,0,0,0,0,0,0,0,0,0,0,0,0,0,0,0,0,0,0,.
2014,PYW,C,PYW_C,PYW_C_2014,PYW_C_2014,0,0,0,0,0,0,0,0,0,0,0,0,0,0,0,0,0,0,0,.
2014,PYW,C,PYW_C,PYW_C_2014,PYW_C_2014,0,0,0,0,0,0,16,3,16,3,16,16,0,0,38,38,0,1,0,.
2014,PYW,N,PYW_N,PYW_N_2014,PYW_N_2014,3,3,2,3,2.75,0.5,63,16,3,3,3,16,0,0,1,86,0,1,3,.
2014,PYW,N,PYW_N,PYW_N_2014,PYW_N_2014,2,3,2,3,2.5,0.577350269,0,86,3,0,3,16,0,0,0,86,1,0,0,.
2014,PYW,N,PYW_N,PYW_N_2014,PYW_N_2014,2,3,2,3,2.5,0.577350269,0,38,16,3,3,16,0,0,0,86,1,0,0,.
2014,PYW,N,PYW_N,PYW_N_2014,PYW_N_2014,2,2,2,3,2.25,0.5,3,63,16,3,1,16,0,0,1,86,0.5,0,0,.
2014,PYW,N,PYW_N,PYW_N_2014,PYW_N_2014,1,3,2,2,2,0.816496581,0,86,3,3,3,3,0,0,0,86,1,0,1,.
2014,PYW,N,PYW_N,PYW_N_2014,PYW_N_2014,1,2,3,2,2,0.816496581,3,63,16,3,3,16,0,0,1,86,0,0,0,.
2014,PYW,N,PYW_N,PYW_N_2014,PYW_N_2014,2,2,1,3,2,0.816496581,16,38,16,0,16,3,16,0,1,86,0.5,1,3,.
2014,PYW,N,PYW_N,PYW_N_2014,PYW_N_2014,2,2,2,2,2,0,16,63,16,3,0,16,0,0,0,86,2,1,0,.
2014,PYW,N,PYW_N,PYW_N_2014,PYW_N_2014,2,2,2,2,2,0,0,63,16,3,0,16,0,0,0,86,0,1,0,.
2014,PYW,N,PYW_N,PYW_N_2014,PYW_N_2014,2,2,2,2,2,0,0,38,38,3,3,3,0,0,0,86,3,1,0,.
2014,PYW,N,PYW_N,PYW_N_2014,PYW_N_2014,1,2,2,2,1.75,0.5,0,16,63,3,3,3,0,0,16,86,0,0,3,.
2014,PYW,N,PYW_N,PYW_N_2014,PYW_N_2014,2,1,2,2,1.75,0.5,38,38,16,3,3,38,0,0,3,86,1,1,1,.
2014,PYW,N,PYW_N,PYW_N_2014,PYW_N_2014,2,2,1,2,1.75,0.5,16,38,16,0,16,38,0,0,3,86,0,1,16,.
2014,PYW,N,PYW_N,PYW_N_2014,PYW_N_2014,2,1,2,2,1.75,0.5,3,38,38,16,3,16,0,0,3,86,0,0,3,.
2014,PYW,N,PYW_N,PYW_N_2014,PYW_N_2014,1,4,1,1,1.75,1.5,16,3,38,16,16,16,0,0,0,86,3,0,16,.
2014,PYW,N,PYW_N,PYW_N_2014,PYW_N_2014,2,2,1,2,1.75,0.5,0,38,38,3,1,16,0,0,0,86,2,0,0,.
2014,PYW,N,PYW_N,PYW_N_2014,PYW_N_2014,1,1,2,2,1.5,0.577350269,16,63,16,0,0,16,0,0,0,86,1.5,1,0,.
2014,PYW,N,PYW_N,PYW_N_2014,PYW_N_2014,2,1,1,2,1.5,0.577350269,0,86,16,3,3,3,0,0,0,86,3,1,3,.
2014,PYW,N,PYW_N,PYW_N_2014,PYW_N_2014,1,1,1,2,1.25,0.5,1,38,63,3,0,3,0,0,1,86,2,0,0,.
2014,PYW,N,PYW_N,PYW_N_2014,PYW_N_2014,1,1,2,1,1.25,0.5,38,16,3,0,3,16,0,0,3,86,0,1,3,.
2014,PYW,N,PYW_N,PYW_N_2014,PYW_N_2014,1,1,1,2,1.25,0.5,38,16,16,0,0,16,0,0,1,86,0.5,2,0,.
2014,PYW,N,PYW_N,PYW_N_2014,PYW_N_2014,1,1,1,2,1.25,0.5,16,38,3,3,1,38,0,0,1,86,1.5,0,0,.
2014,PYW,N,PYW_N,PYW_N_2014,PYW_N_2014,1,1,1,2,1.25,0.5,38,16,3,0,3,16,0,0,1,86,0,1,0,.
2014,PYW,N,PYW_N,PYW_N_2014,PYW_N_2014,1,1,1,2,1.25,0.5,0,38,16,3,16,3,0,0,0,86,3,1,16,.
2014,PYW,N,PYW_N,PYW_N_2014,PYW_N_2014,1,2,1,1,1.25,0.5,3,38,16,3,0,16,0,0,1,86,1,1,0,.
2014,PYW,N,PYW_N,PYW_N_2014,PYW_N_2014,1,1,1,1,1,0,16,38,16,3,0,16,0,0,16,63,0,1,0,.
2014,PYW,N,PYW_N,PYW_N_2014,PYW_N_2014,1,1,1,1,1,0,16,16,16,3,1,38,3,0,16,86,1,1,1,.
2014,PYW,N,PYW_N,PYW_N_2014,PYW_N_2014,0,1,1,1,0.75,0.5,16,38,16,3,1,16,0,0,16,86,0,1,1,.
2014,PYW,N,PYW_N,PYW_N_2014,PYW_N_2014,1,1,0,1,0.75,0.5,3,38,16,3,3,16,0,0,3,86,0,1,0,.
2014,PYW,N,PYW_N,PYW_N_2014,PYW_N_2014,0,1,1,0,0.5,0.577350269,3,38,16,0,3,3,0,0,16,63,0,0,1,.
2014,PYW,S,PYW_S,PYW_S_2014,PYW_S_2014,1,2,2,10,3.75,4.193248542,0,38,16,3,16,38,0,0,1,63,1,1,1,.
2014,PYW,S,PYW_S,PYW_S_2014,PYW_S_2014,3,2,2,3,2.5,0.577350269,16,16,16,3,3,16,0,0,0,86,2.5,1,3,.
2014,PYW,S,PYW_S,PYW_S_2014,PYW_S_2014,2,2,3,3,2.5,0.577350269,16,16,16,3,3,38,16,0,0,86,2,1,3,.
2014,PYW,S,PYW_S,PYW_S_2014,PYW_S_2014,2,2,3,2,2.25,0.5,16,16,16,3,16,38,0,0,16,86,2,0,3,.
2014,PYW,S,PYW_S,PYW_S_2014,PYW_S_2014,3,1,2,2,2,0.816496581,0,16,16,3,16,38,1,0,0,86,0,0,16,.
2014,PYW,S,PYW_S,PYW_S_2014,PYW_S_2014,2,2,2,2,2,0,0,38,16,3,3,38,0,0,0,86,1,0,1,.
2014,PYW,S,PYW_S,PYW_S_2014,PYW_S_2014,2,2,2,2,2,0,16,16,16,3,3,16,0,0,0,86,3.5,1,0,.
2014,PYW,S,PYW_S,PYW_S_2014,PYW_S_2014,2,2,2,2,2,0,0,38,16,3,16,16,0,0,0,86,5,0,3,.
2014,PYW,S,PYW_S,PYW_S_2014,PYW_S_2014,2,2,2,2,2,0,3,38,16,3,3,16,0,0,3,86,1,1,0,.
2014,PYW,S,PYW_S,PYW_S_2014,PYW_S_2014,2,2,1,2,1.75,0.5,16,38,16,3,3,38,0,0,0,86,1.5,1,0,.
2014,PYW,S,PYW_S,PYW_S_2014,PYW_S_2014,2,2,1,2,1.75,0.5,16,38,16,3,0,38,0,0,0,86,3,1,0,.
2014,PYW,S,PYW_S,PYW_S_2014,PYW_S_2014,2,1,2,2,1.75,0.5,16,16,16,3,16,16,0,0,3,86,1,1,16,.
2014,PYW,S,PYW_S,PYW_S_2014,PYW_S_2014,2,1,2,2,1.75,0.5,16,16,16,3,16,16,0,0,3,86,0,1,16,.
2014,PYW,S,PYW_S,PYW_S_2014,PYW_S_2014,2,2,1,2,1.75,0.5,16,16,16,16,16,3,0,0,0,86,2,1,3,.
2014,PYW,S,PYW_S,PYW_S_2014,PYW_S_2014,2,2,1,2,1.75,0.5,16,16,16,3,3,38,0,0,0,86,0,0,3,.
2014,PYW,S,PYW_S,PYW_S_2014,PYW_S_2014,2,1,2,2,1.75,0.5,3,63,3,3,3,16,0,0,1,86,0,1,3,.
2014,PYW,S,PYW_S,PYW_S_2014,PYW_S_2014,1,1,2,2,1.5,0.577350269,3,38,16,3,3,16,0,0,3,86,0,1,3,.
2014,PYW,S,PYW_S,PYW_S_2014,PYW_S_2014,2,2,1,1,1.5,0.577350269,16,16,16,3,0,16,0,0,1,86,0.5,1,0,.
2014,PYW,S,PYW_S,PYW_S_2014,PYW_S_2014,1,1,2,2,1.5,0.577350269,16,16,16,3,3,38,0,0,1,86,0,1,1,.
2014,PYW,S,PYW_S,PYW_S_2014,PYW_S_2014,2,2,1,1,1.5,0.577350269,16,16,38,3,16,16,0,0,3,86,0,1,16,.
2014,PYW,S,PYW_S,PYW_S_2014,PYW_S_2014,1,2,1,1,1.25,0.5,3,38,16,3,3,38,0,0,0,86,0.5,1,1,.
2014,PYW,S,PYW_S,PYW_S_2014,PYW_S_2014,1,1,2,1,1.25,0.5,16,16,16,3,16,38,0,0,3,86,0,1,3,.
2014,PYW,S,PYW_S,PYW_S_2014,PYW_S_2014,1,1,2,1,1.25,0.5,16,16,16,0,0,16,0,0,0,86,0,0,0,.
2014,PYW,S,PYW_S,PYW_S_2014,PYW_S_2014,1,1,1,1,1,0,16,16,16,3,1,16,0,0,16,63,0,1,1,.
2014,PYW,S,PYW_S,PYW_S_2014,PYW_S_2014,1,1,1,1,1,0,3,16,16,0,3,16,1,0,3,86,0.5,1,0,.
2014,PYW,S,PYW_S,PYW_S_2014,PYW_S_2014,1,1,1,0,0.75,0.5,3,16,16,3,3,16,0,0,38,38,0,1,1,.
2014,PYW,S,PYW_S,PYW_S_2014,PYW_S_2014,1,1,1,0,0.75,0.5,0,16,38,3,16,38,0,0,3,86,0,0,1,.
2014,PYW,S,PYW_S,PYW_S_2014,PYW_S_2014,1,0,1,0,0.5,0.577350269,16,38,16,3,3,38,0,0,3,86,0,1,0,.
2014,PYW,S,PYW_S,PYW_S_2014,PYW_S_2014,0,1,1,0,0.5,0.577350269,0,16,38,3,3,38,0,0,3,63,0,1,0,.
2014,PYW,S,PYW_S,PYW_S_2014,PYW_S_2014,0,0,1,1,0.5,0.577350269,0,16,38,3,3,38,0,0,38,38,0,1,0,.
2014,RC2,C,RC2_C,RC2_C_2014,RC2_C_2014,15,12,13,12,13,1.414213562,0,16,16,0,86,0,3,0,16,63,1,0,0,.
2014,RC2,C,RC2_C,RC2_C_2014,RC2_C_2014,8,8,9,9,8.5,0.577350269,0,16,16,63,63,38,0,0,38,38,0,0,0,.
2014,RC2,C,RC2_C,RC2_C_2014,RC2_C_2014,9,7,8,7,7.75,0.957427108,0,3,86,0,0,0,0,0,16,38,1,0,0,.
2014,RC2,C,RC2_C,RC2_C_2014,RC2_C_2014,8,8,6,5,6.75,1.5,0,3,16,0,38,63,0,0,63,38,0,0,0,.
2014,RC2,C,RC2_C,RC2_C_2014,RC2_C_2014,5,5,6,8,6,1.414213562,0,0,98,0,0,0,0,0,1,86,5,0,0,.
2014,RC2,C,RC2_C,RC2_C_2014,RC2_C_2014,5,8,6,5,6,1.414213562,0,16,63,0,16,0,1,0,1,86,5,0,16,.
2014,RC2,C,RC2_C,RC2_C_2014,RC2_C_2014,7,5,5,6,5.75,0.957427108,0,3,86,0,0,3,0,0,63,16,0,0,0,.
2014,RC2,C,RC2_C,RC2_C_2014,RC2_C_2014,7,4,5,6,5.5,1.290994449,0,38,86,0,1,3,0,0,16,38,0,0,0,.
2014,RC2,C,RC2_C,RC2_C_2014,RC2_C_2014,6,6,4,5,5.25,0.957427108,0,38,63,0,3,3,0,0,38,63,1,0,0,.
2014,RC2,C,RC2_C,RC2_C_2014,RC2_C_2014,5,4,6,6,5.25,0.957427108,0,38,63,16,0,0,0,0,16,63,1,0,0,.
2014,RC2,C,RC2_C,RC2_C_2014,RC2_C_2014,5,5,5,5,5,0,0,16,86,3,0,16,0,0,38,38,1,0,0,.
2014,RC2,C,RC2_C,RC2_C_2014,RC2_C_2014,4,3,7,6,5,1.825741858,0,86,16,16,16,0,0,0,16,38,0,0,3,.
2014,RC2,C,RC2_C,RC2_C_2014,RC2_C_2014,5,5,5,5,5,0,0,3,86,0,1,0,0,0,63,38,0,0,0,.
2014,RC2,C,RC2_C,RC2_C_2014,RC2_C_2014,5,4,5,5,4.75,0.5,0,0,0,0,16,86,0,0,16,63,1,0,0,.
2014,RC2,C,RC2_C,RC2_C_2014,RC2_C_2014,4,5,4,6,4.75,0.957427108,0,16,86,0,3,38,0,0,16,63,1,0,3,.
2014,RC2,C,RC2_C,RC2_C_2014,RC2_C_2014,5,4,4,5,4.5,0.577350269,0,38,86,0,0,0,0,0,16,63,1,0,0,.
2014,RC2,C,RC2_C,RC2_C_2014,RC2_C_2014,5,4,5,4,4.5,0.577350269,0,63,38,0,16,0,0,0,16,86,1,0,0,.
2014,RC2,C,RC2_C,RC2_C_2014,RC2_C_2014,4,4,4,5,4.25,0.5,0,63,38,0,1,0,0,0,16,63,1,0,0,.
2014,RC2,C,RC2_C,RC2_C_2014,RC2_C_2014,4,4,5,4,4.25,0.5,0,16,63,0,0,3,16,0,16,63,1,2,0,.
2014,RC2,C,RC2_C,RC2_C_2014,RC2_C_2014,5,4,3,4,4,0.816496581,0,38,63,0,3,0,0,0,3,86,5,0,0,.
2014,RC2,C,RC2_C,RC2_C_2014,RC2_C_2014,4,4,4,4,4,0,0,3,86,0,3,3,0,0,38,38,0,0,3,.
2014,RC2,C,RC2_C,RC2_C_2014,RC2_C_2014,4,4,4,3,3.75,0.5,0,38,63,0,16,0,0,0,16,63,1,0,0,.
2014,RC2,C,RC2_C,RC2_C_2014,RC2_C_2014,3,4,4,4,3.75,0.5,0,0,0,0,16,86,0,0,38,38,1,0,0,.
2014,RC2,C,RC2_C,RC2_C_2014,RC2_C_2014,3,5,4,3,3.75,0.957427108,0,16,16,3,16,63,0,0,16,63,1,0,0,.
2014,RC2,C,RC2_C,RC2_C_2014,RC2_C_2014,3,4,4,4,3.75,0.5,0,16,38,16,38,16,0,16,3,63,2,0,0,.
2014,RC2,C,RC2_C,RC2_C_2014,RC2_C_2014,3,3,4,3,3.25,0.5,0,38,63,3,3,3,0,0,38,38,0,0,0,.
2014,RC2,C,RC2_C,RC2_C_2014,RC2_C_2014,3,2,4,4,3.25,0.957427108,0,16,86,16,0,3,0,0,3,63,2,0,0,.
2014,RC2,C,RC2_C,RC2_C_2014,RC2_C_2014,3,3,3,3,3,0,0,38,63,0,3,3,0,0,16,38,2,0,0,.
2014,RC2,C,RC2_C,RC2_C_2014,RC2_C_2014,3,3,3,3,3,0,0,16,86,38,0,16,0,0,63,38,0,0,0,.
2014,RC2,C,RC2_C,RC2_C_2014,RC2_C_2014,3,3,2,3,2.75,0.5,0,63,38,0,1,3,0,0,16,63,1,0,0,.
2014,RC2,N,RC2_N,RC2_N_2014,RC2_N_2014,5,9,7,4,6.25,2.217355783,0,16,86,38,0,16,0,0,16,63,2,0,0,.
2014,RC2,N,RC2_N,RC2_N_2014,RC2_N_2014,5,9,5,5,6,2,0,16,86,16,0,0,0,0,3,63,1,0,0,.
2014,RC2,N,RC2_N,RC2_N_2014,RC2_N_2014,7,5,4,5,5.25,1.258305739,0,16,86,16,3,0,0,0,16,38,1,0,0,.
2014,RC2,N,RC2_N,RC2_N_2014,RC2_N_2014,5,4,5,6,5,0.816496581,0,38,63,0,0,0,0,0,63,16,0,0,0,.
2014,RC2,N,RC2_N,RC2_N_2014,RC2_N_2014,4,3,3,9,4.75,2.872281323,0,63,38,0,0,1,1,0,16,38,0,0,0,.
2014,RC2,N,RC2_N,RC2_N_2014,RC2_N_2014,5,5,4,5,4.75,0.5,0,38,63,16,0,3,0,0,16,38,1,0,0,.
2014,RC2,N,RC2_N,RC2_N_2014,RC2_N_2014,5,4,4,5,4.5,0.577350269,0,38,63,3,3,1,0,0,16,38,0,0,3,.
2014,RC2,N,RC2_N,RC2_N_2014,RC2_N_2014,4,5,5,4,4.5,0.577350269,0,3,86,0,1,1,0,0,3,63,0,0,0,.
2014,RC2,N,RC2_N,RC2_N_2014,RC2_N_2014,5,5,4,4,4.5,0.577350269,0,38,63,38,0,16,0,0,3,86,2,0,0,.
2014,RC2,N,RC2_N,RC2_N_2014,RC2_N_2014,4,3,3,5,3.75,0.957427108,0,38,38,0,0,3,0,0,38,38,0,0,0,.
2014,RC2,N,RC2_N,RC2_N_2014,RC2_N_2014,3,6,3,3,3.75,1.5,0,38,38,63,0,16,0,0,3,63,1,0,0,.
2014,RC2,N,RC2_N,RC2_N_2014,RC2_N_2014,4,3,4,4,3.75,0.5,0,16,63,16,16,0,0,0,16,63,1,0,0,.
2014,RC2,N,RC2_N,RC2_N_2014,RC2_N_2014,4,3,4,4,3.75,0.5,0,38,63,16,1,0,0,0,16,38,1,0,0,.
2014,RC2,N,RC2_N,RC2_N_2014,RC2_N_2014,4,4,4,3,3.75,0.5,0,38,63,3,0,3,0,0,3,63,2,0,0,.
2014,RC2,N,RC2_N,RC2_N_2014,RC2_N_2014,4,3,3,4,3.5,0.577350269,16,16,38,0,1,0,0,0,16,63,1,0,0,.
2014,RC2,N,RC2_N,RC2_N_2014,RC2_N_2014,3,3,3,4,3.25,0.5,0,63,38,38,1,3,0,0,16,38,0,0,0,.
2014,RC2,N,RC2_N,RC2_N_2014,RC2_N_2014,4,3,2,4,3.25,0.957427108,16,38,16,3,0,0,0,0,16,38,0,0,0,.
2014,RC2,N,RC2_N,RC2_N_2014,RC2_N_2014,3,3,4,3,3.25,0.5,0,16,63,0,0,3,0,0,16,38,1,0,0,.
2014,RC2,N,RC2_N,RC2_N_2014,RC2_N_2014,4,3,3,3,3.25,0.5,3,38,63,3,3,3,0,0,3,63,1,0,0,.
2014,RC2,N,RC2_N,RC2_N_2014,RC2_N_2014,3,3,3,3,3,0,0,63,38,0,0,0,0,0,16,38,0,0,0,.
2014,RC2,N,RC2_N,RC2_N_2014,RC2_N_2014,3,4,3,2,3,0.816496581,0,38,63,16,0,0,0,0,16,63,1,0,0,.
2014,RC2,N,RC2_N,RC2_N_2014,RC2_N_2014,4,2,3,3,3,0.816496581,0,38,63,0,0,3,0,0,16,63,1,1,0,.
2014,RC2,N,RC2_N,RC2_N_2014,RC2_N_2014,3,3,3,3,3,0,0,16,63,38,3,1,0,0,16,63,1,0,0,.
2014,RC2,N,RC2_N,RC2_N_2014,RC2_N_2014,3,3,3,3,3,0,0,38,63,0,3,0,0,0,3,63,2,0,0,.
2014,RC2,N,RC2_N,RC2_N_2014,RC2_N_2014,2,3,3,3,2.75,0.5,0,63,38,0,3,3,0,0,3,63,2,0,0,.
2014,RC2,N,RC2_N,RC2_N_2014,RC2_N_2014,3,2,2,3,2.5,0.577350269,16,16,63,3,1,0,0,0,16,63,1,0,0,.
2014,RC2,N,RC2_N,RC2_N_2014,RC2_N_2014,2,2,3,3,2.5,0.577350269,0,38,63,16,3,3,0,0,38,38,0,2,3,.
2014,RC2,N,RC2_N,RC2_N_2014,RC2_N_2014,2,3,2,2,2.25,0.5,3,38,38,0,3,3,0,0,16,63,1,0,3,.
2014,RC2,N,RC2_N,RC2_N_2014,RC2_N_2014,2,2,2,3,2.25,0.5,0,38,38,0,3,0,0,0,16,38,0,0,0,.
2014,RC2,N,RC2_N,RC2_N_2014,RC2_N_2014,3,2,2,2,2.25,0.5,0,38,38,0,0,16,0,0,38,16,0,0,0,.
2014,RC2,S,RC2_S,RC2_S_2014,RC2_S_2014,7,9,9,9,8.5,1,0,38,16,3,38,0,0,0,3,86,5,0,3,.
2014,RC2,S,RC2_S,RC2_S_2014,RC2_S_2014,9,7,9,5,7.5,1.914854216,0,3,86,0,3,0,0,0,63,38,0,0,0,.
2014,RC2,S,RC2_S,RC2_S_2014,RC2_S_2014,7,7,7,7,7,0,0,0,16,63,86,38,0,0,63,16,0,0,1,.
2014,RC2,S,RC2_S,RC2_S_2014,RC2_S_2014,8,5,6,7,6.5,1.290994449,0,0,98,0,0,0,0,0,1,86,7,0,0,.
2014,RC2,S,RC2_S,RC2_S_2014,RC2_S_2014,8,4,6,7,6.25,1.707825128,0,0,3,3,86,38,0,0,63,16,0,0,3,.
2014,RC2,S,RC2_S,RC2_S_2014,RC2_S_2014,5,5,5,6,5.25,0.5,0,63,38,3,16,0,0,0,1,86,4,0,0,.
2014,RC2,S,RC2_S,RC2_S_2014,RC2_S_2014,6,5,5,5,5.25,0.5,0,16,86,0,0,0,0,0,38,38,1,0,0,.
2014,RC2,S,RC2_S,RC2_S_2014,RC2_S_2014,5,4,5,5,4.75,0.5,0,3,38,16,63,38,0,0,38,38,1,0,0,.
2014,RC2,S,RC2_S,RC2_S_2014,RC2_S_2014,5,5,4,5,4.75,0.5,0,3,16,16,38,63,0,0,63,16,0,0,0,.
2014,RC2,S,RC2_S,RC2_S_2014,RC2_S_2014,4,7,4,4,4.75,1.5,0,16,63,16,63,38,0,0,38,38,0,0,0,.
2014,RC2,S,RC2_S,RC2_S_2014,RC2_S_2014,5,5,4,5,4.75,0.5,0,16,86,0,1,3,0,0,63,16,0,0,0,.
2014,RC2,S,RC2_S,RC2_S_2014,RC2_S_2014,5,5,5,3,4.5,1,0,3,16,16,63,63,0,0,63,16,0,0,0,.
2014,RC2,S,RC2_S,RC2_S_2014,RC2_S_2014,4,7,3,4,4.5,1.732050808,0,38,38,3,38,0,16,0,3,86,4,0,0,.
2014,RC2,S,RC2_S,RC2_S_2014,RC2_S_2014,3,4,5,5,4.25,0.957427108,0,3,63,16,38,63,0,0,38,38,0,0,0,.
2014,RC2,S,RC2_S,RC2_S_2014,RC2_S_2014,5,4,4,4,4.25,0.5,0,63,38,0,0,38,0,0,16,38,0,0,0,.
2014,RC2,S,RC2_S,RC2_S_2014,RC2_S_2014,3,4,6,4,4.25,1.258305739,0,38,63,0,0,16,0,0,16,38,0,0,0,.
2014,RC2,S,RC2_S,RC2_S_2014,RC2_S_2014,4,4,4,4,4,0,0,16,86,0,0,3,0,0,38,38,0,0,0,.
2014,RC2,S,RC2_S,RC2_S_2014,RC2_S_2014,3,5,4,4,4,0.816496581,0,16,86,3,0,0,0,0,38,38,0,0,0,.
2014,RC2,S,RC2_S,RC2_S_2014,RC2_S_2014,3,4,4,4,3.75,0.5,0,16,3,16,38,38,0,0,63,38,0,0,0,.
2014,RC2,S,RC2_S,RC2_S_2014,RC2_S_2014,3,4,4,4,3.75,0.5,0,16,38,16,38,63,0,0,38,38,0,0,0,.
2014,RC2,S,RC2_S,RC2_S_2014,RC2_S_2014,4,3,3,5,3.75,0.957427108,0,0,3,16,86,38,0,0,63,38,0,0,0,.
2014,RC2,S,RC2_S,RC2_S_2014,RC2_S_2014,3,3,4,3,3.25,0.5,0,3,63,16,38,63,0,0,38,38,0,0,0,.
2014,RC2,S,RC2_S,RC2_S_2014,RC2_S_2014,3,4,3,3,3.25,0.5,0,0,3,0,38,86,0,0,38,38,0,0,0,.
2014,RC2,S,RC2_S,RC2_S_2014,RC2_S_2014,3,4,2,3,3,0.816496581,0,0,0,16,16,86,0,0,38,38,1,0,0,.
2014,RC2,S,RC2_S,RC2_S_2014,RC2_S_2014,3,2,4,3,3,0.816496581,0,16,16,16,38,38,0,0,16,63,2,0,0,.
2014,RC2,S,RC2_S,RC2_S_2014,RC2_S_2014,3,2,4,3,3,0.816496581,0,3,3,16,63,38,0,0,63,38,0,0,0,.
2014,RC2,S,RC2_S,RC2_S_2014,RC2_S_2014,3,3,3,3,3,0,0,16,86,16,0,3,0,0,16,38,1,0,0,.
2014,RC2,S,RC2_S,RC2_S_2014,RC2_S_2014,3,2,3,3,2.75,0.5,0,0,0,38,38,38,16,0,38,38,0,2,0,.
2014,RC2,S,RC2_S,RC2_S_2014,RC2_S_2014,3,3,2,3,2.75,0.5,0,0,86,16,86,38,0,0,38,16,0,0,0,.
2014,RC2,S,RC2_S,RC2_S_2014,RC2_S_2014,2,2,3,3,2.5,0.577350269,0,3,3,16,38,63,0,0,38,38,1,0,0,.
2014,RCH2014,C,RCH2014_C,RCH2014_C_2014,RCH2014_C_2014,7,5,5,9,6.5,1.914854216,0,16,63,0,16,0,38,0,1,86,4,0,16,.
2014,RCH2014,C,RCH2014_C,RCH2014_C_2014,RCH2014_C_2014,5,5,5,4,4.75,0.5,0,16,86,3,1,0,3,0,16,63,5,0,0,.
2014,RCH2014,C,RCH2014_C,RCH2014_C_2014,RCH2014_C_2014,15,1,1,1,4.5,7,0,3,3,0,63,38,3,16,38,3,0,0,3,.
2014,RCH2014,C,RCH2014_C,RCH2014_C_2014,RCH2014_C_2014,5,4,4,5,4.5,0.577350269,3,38,16,3,63,0,3,0,0,98,10,0,38,.
2014,RCH2014,C,RCH2014_C,RCH2014_C_2014,RCH2014_C_2014,5,4,3,4,4,0.816496581,0,38,63,3,3,0,16,0,16,63,2,0,0,.
2014,RCH2014,C,RCH2014_C,RCH2014_C_2014,RCH2014_C_2014,4,4,4,4,4,0,0,16,86,3,0,0,0,0,1,86,9,0,0,.
2014,RCH2014,C,RCH2014_C,RCH2014_C_2014,RCH2014_C_2014,6,1,6,3,4,2.449489743,0,3,63,0,16,3,3,38,16,63,1,0,0,.
2014,RCH2014,C,RCH2014_C,RCH2014_C_2014,RCH2014_C_2014,3,3,4,5,3.75,0.957427108,0,3,63,0,38,0,16,0,1,86,2,0,16,.
2014,RCH2014,C,RCH2014_C,RCH2014_C_2014,RCH2014_C_2014,4,3,3,3,3.25,0.5,0,38,38,38,16,0,3,0,3,63,4,2,16,.
2014,RCH2014,C,RCH2014_C,RCH2014_C_2014,RCH2014_C_2014,4,3,3,3,3.25,0.5,16,38,38,16,16,3,0,0,3,86,1,0,3,.
2014,RCH2014,C,RCH2014_C,RCH2014_C_2014,RCH2014_C_2014,3,3,3,3,3,0,0,63,38,16,16,0,0,0,3,86,2,1,16,.
2014,RCH2014,C,RCH2014_C,RCH2014_C_2014,RCH2014_C_2014,3,3,3,3,3,0,0,38,63,3,3,0,0,0,0,98,5,0,3,.
2014,RCH2014,C,RCH2014_C,RCH2014_C_2014,RCH2014_C_2014,3,3,3,3,3,0,0,16,63,3,16,0,0,0,3,86,4,0,16,.
2014,RCH2014,C,RCH2014_C,RCH2014_C_2014,RCH2014_C_2014,5,2,2,3,3,1.414213562,0,63,38,38,38,0,3,3,3,86,1,0,38,.
2014,RCH2014,C,RCH2014_C,RCH2014_C_2014,RCH2014_C_2014,2,3,3,3,2.75,0.5,3,16,16,0,38,0,16,0,3,86,2,1,3,.
2014,RCH2014,C,RCH2014_C,RCH2014_C_2014,RCH2014_C_2014,2,1,4,3,2.5,1.290994449,1,38,63,0,3,0,3,0,1,86,2,0,3,.
2014,RCH2014,C,RCH2014_C,RCH2014_C_2014,RCH2014_C_2014,4,2,2,2,2.5,1,16,38,38,3,16,0,0,0,1,86,3,2,3,.
2014,RCH2014,C,RCH2014_C,RCH2014_C_2014,RCH2014_C_2014,3,3,2,2,2.5,0.577350269,0,16,86,3,16,0,0,0,1,86,4,0,0,.
2014,RCH2014,C,RCH2014_C,RCH2014_C_2014,RCH2014_C_2014,2,3,2,3,2.5,0.577350269,16,38,38,16,3,0,0,0,16,63,1,0,1,.
2014,RCH2014,C,RCH2014_C,RCH2014_C_2014,RCH2014_C_2014,2,3,3,2,2.5,0.577350269,0,86,3,0,3,0,0,0,0,98,1,0,3,.
2014,RCH2014,C,RCH2014_C,RCH2014_C_2014,RCH2014_C_2014,4,0,5,1,2.5,2.380476143,0,16,38,16,16,3,3,0,38,16,0,0,3,.
2014,RCH2014,C,RCH2014_C,RCH2014_C_2014,RCH2014_C_2014,2,2,3,2,2.25,0.5,16,38,38,0,16,16,0,0,1,86,1,0,16,.
2014,RCH2014,C,RCH2014_C,RCH2014_C_2014,RCH2014_C_2014,3,2,2,2,2.25,0.5,0,63,38,3,16,0,0,0,3,86,2,0,16,.
2014,RCH2014,C,RCH2014_C,RCH2014_C_2014,RCH2014_C_2014,2,3,2,2,2.25,0.5,16,16,38,3,3,16,0,0,3,86,1,1,0,.
2014,RCH2014,C,RCH2014_C,RCH2014_C_2014,RCH2014_C_2014,1,3,3,2,2.25,0.957427108,0,38,38,3,16,3,0,0,16,63,1,1,16,.
2014,RCH2014,C,RCH2014_C,RCH2014_C_2014,RCH2014_C_2014,2,1,2,3,2,0.816496581,0,38,63,3,0,0,3,0,0,98,4,0,0,.
2014,RCH2014,C,RCH2014_C,RCH2014_C_2014,RCH2014_C_2014,2,2,1,2,1.75,0.5,0,38,63,3,3,0,0,0,0,98,1,0,3,.
2014,RCH2014,C,RCH2014_C,RCH2014_C_2014,RCH2014_C_2014,1,2,1,1,1.25,0.5,0,63,38,3,16,0,0,0,16,63,2,0,16,.
2014,RCH2014,C,RCH2014_C,RCH2014_C_2014,RCH2014_C_2014,1,1,1,1,1,0,16,38,16,38,16,16,0,0,38,3,0,0,16,.
2014,RCH2014,C,RCH2014_C,RCH2014_C_2014,RCH2014_C_2014,1,1,1,1,1,0,3,38,38,3,16,16,0,0,3,86,1,0,3,.
2014,RCH2014,E,RCH2014_E,RCH2014_E_2014,RCH2014_E_2014,5,6,5,4,5,0.816496581,0,38,38,0,16,0,16,0,1,86,4,0,3,.
2014,RCH2014,E,RCH2014_E,RCH2014_E_2014,RCH2014_E_2014,6,5,4,4,4.75,0.957427108,3,16,63,0,38,0,0,0,0,98,9,0,3,.
2014,RCH2014,E,RCH2014_E,RCH2014_E_2014,RCH2014_E_2014,4,7,4,3,4.5,1.732050808,0,16,63,0,16,0,16,0,1,86,5,0,16,.
2014,RCH2014,E,RCH2014_E,RCH2014_E_2014,RCH2014_E_2014,4,5,4,3,4,0.816496581,0,16,38,0,16,0,16,0,16,38,0,0,0,.
2014,RCH2014,E,RCH2014_E,RCH2014_E_2014,RCH2014_E_2014,3,4,4,4,3.75,0.5,0,0,98,0,3,0,0,0,0,98,3,0,1,.
2014,RCH2014,E,RCH2014_E,RCH2014_E_2014,RCH2014_E_2014,5,5,2,3,3.75,1.5,0,16,63,63,38,0,0,0,0,98,4,0,0,.
2014,RCH2014,E,RCH2014_E,RCH2014_E_2014,RCH2014_E_2014,4,4,3,3,3.5,0.577350269,0,63,38,3,38,0,0,0,0,98,6,0,3,.
2014,RCH2014,E,RCH2014_E,RCH2014_E_2014,RCH2014_E_2014,3,3,3,4,3.25,0.5,0,3,86,0,3,0,0,0,0,98,5,0,0,.
2014,RCH2014,E,RCH2014_E,RCH2014_E_2014,RCH2014_E_2014,3,4,2,3,3,0.816496581,0,3,98,0,0,0,0,0,0,98,6,0,0,.
2014,RCH2014,E,RCH2014_E,RCH2014_E_2014,RCH2014_E_2014,3,3,3,2,2.75,0.5,0,86,16,0,16,0,0,0,3,86,4,0,3,.
2014,RCH2014,E,RCH2014_E,RCH2014_E_2014,RCH2014_E_2014,3,2,3,3,2.75,0.5,3,16,86,0,16,0,0,0,0,98,9,0,0,.
2014,RCH2014,E,RCH2014_E,RCH2014_E_2014,RCH2014_E_2014,4,3,2,2,2.75,0.957427108,3,86,16,0,3,0,0,0,3,86,10,1,1,.
2014,RCH2014,E,RCH2014_E,RCH2014_E_2014,RCH2014_E_2014,3,3,3,2,2.75,0.5,3,63,16,0,38,0,0,0,0,98,4,0,0,.
2014,RCH2014,E,RCH2014_E,RCH2014_E_2014,RCH2014_E_2014,2,2,5,2,2.75,1.5,3,16,38,0,63,0,0,0,1,86,3,0,0,.
2014,RCH2014,E,RCH2014_E,RCH2014_E_2014,RCH2014_E_2014,3,3,2,3,2.75,0.5,1,86,16,3,16,0,0,0,1,86,5,0,16,.
2014,RCH2014,E,RCH2014_E,RCH2014_E_2014,RCH2014_E_2014,2,3,2,3,2.5,0.577350269,0,63,38,0,0,0,0,0,0,98,5,0,0,.
2014,RCH2014,E,RCH2014_E,RCH2014_E_2014,RCH2014_E_2014,2,2,3,3,2.5,0.577350269,3,86,16,0,3,0,0,0,0,98,5,0,0,.
2014,RCH2014,E,RCH2014_E,RCH2014_E_2014,RCH2014_E_2014,2,3,3,2,2.5,0.577350269,0,86,16,0,1,0,0,0,0,98,6,0,0,.
2014,RCH2014,E,RCH2014_E,RCH2014_E_2014,RCH2014_E_2014,2,3,3,2,2.5,0.577350269,16,38,16,0,38,0,0,0,3,86,3,1,3,.
2014,RCH2014,E,RCH2014_E,RCH2014_E_2014,RCH2014_E_2014,2,2,3,3,2.5,0.577350269,3,38,38,16,16,0,0,0,1,86,2,0,0,.
2014,RCH2014,E,RCH2014_E,RCH2014_E_2014,RCH2014_E_2014,2,2,3,3,2.5,0.577350269,0,3,86,38,3,0,1,0,0,98,2,0,3,.
2014,RCH2014,E,RCH2014_E,RCH2014_E_2014,RCH2014_E_2014,2,3,2,2,2.25,0.5,0,38,63,16,1,0,0,0,1,86,3,0,0,.
2014,RCH2014,E,RCH2014_E,RCH2014_E_2014,RCH2014_E_2014,3,2,2,2,2.25,0.5,0,63,38,16,16,0,16,0,0,98,4,0,3,.
2014,RCH2014,E,RCH2014_E,RCH2014_E_2014,RCH2014_E_2014,2,2,2,3,2.25,0.5,0,63,16,0,16,0,0,0,0,98,10,0,3,.
2014,RCH2014,E,RCH2014_E,RCH2014_E_2014,RCH2014_E_2014,2,3,2,2,2.25,0.5,0,86,3,0,16,0,0,0,0,98,10,0,3,.
2014,RCH2014,E,RCH2014_E,RCH2014_E_2014,RCH2014_E_2014,2,2,2,2,2,0,63,16,16,0,3,0,3,0,3,86,4,0,3,.
2014,RCH2014,E,RCH2014_E,RCH2014_E_2014,RCH2014_E_2014,3,1,2,1,1.75,0.957427108,0,63,38,0,16,0,0,0,1,86,3,1,3,.
2014,RCH2014,E,RCH2014_E,RCH2014_E_2014,RCH2014_E_2014,2,2,2,1,1.75,0.5,16,63,16,0,16,0,0,0,0,98,5,0,3,.
2014,RCH2014,E,RCH2014_E,RCH2014_E_2014,RCH2014_E_2014,1,2,2,2,1.75,0.5,63,16,16,0,16,0,0,0,0,98,5,1,0,.
2014,RCH2014,E,RCH2014_E,RCH2014_E_2014,RCH2014_E_2014,1,2,2,1,1.5,0.577350269,1,86,16,0,3,0,0,0,0,98,5,0,0,.
2014,RCH2014,W,RCH2014_W,RCH2014_W_2014,RCH2014_W_2014,2,6,2,1,2.75,2.217355783,3,38,16,3,16,0,0,0,38,38,0,0,3,.
2014,RCH2014,W,RCH2014_W,RCH2014_W_2014,RCH2014_W_2014,3,3,1,3,2.5,1,0,63,16,63,38,0,0,0,16,16,0,0,0,.
2014,RCH2014,W,RCH2014_W,RCH2014_W_2014,RCH2014_W_2014,3,1,2,3,2.25,0.957427108,0,38,16,16,16,3,0,0,63,16,0,0,3,.
2014,RCH2014,W,RCH2014_W,RCH2014_W_2014,RCH2014_W_2014,2,3,3,1,2.25,0.957427108,0,86,3,0,3,16,0,0,16,63,1,0,0,.
2014,RCH2014,W,RCH2014_W,RCH2014_W_2014,RCH2014_W_2014,5,1,1,1,2,2,0,63,38,16,16,1,0,0,16,16,0,0,3,.
2014,RCH2014,W,RCH2014_W,RCH2014_W_2014,RCH2014_W_2014,3,1,1,1,1.5,1,0,63,38,0,3,3,0,0,16,38,0,0,3,.
2014,RCH2014,W,RCH2014_W,RCH2014_W_2014,RCH2014_W_2014,3,1,1,1,1.5,1,0,63,16,16,16,16,0,0,16,38,0,0,0,.
2014,RCH2014,W,RCH2014_W,RCH2014_W_2014,RCH2014_W_2014,2,2,1,1,1.5,0.577350269,0,16,63,16,16,3,0,0,63,16,0,0,3,.
2014,RCH2014,W,RCH2014_W,RCH2014_W_2014,RCH2014_W_2014,2,1,1,2,1.5,0.577350269,0,86,16,3,3,0,0,0,16,16,0,0,0,.
2014,RCH2014,W,RCH2014_W,RCH2014_W_2014,RCH2014_W_2014,1,1,2,1,1.25,0.5,3,63,16,16,16,0,0,0,16,38,0,0,0,.
2014,RCH2014,W,RCH2014_W,RCH2014_W_2014,RCH2014_W_2014,1,1,1,2,1.25,0.5,0,63,16,0,16,0,16,0,16,38,0,0,3,.
2014,RCH2014,W,RCH2014_W,RCH2014_W_2014,RCH2014_W_2014,1,1,1,1,1,0,0,63,38,86,16,0,0,0,16,16,0,0,0,.
2014,RCH2014,W,RCH2014_W,RCH2014_W_2014,RCH2014_W_2014,1,1,1,1,1,0,0,38,38,3,16,0,0,0,38,16,0,0,3,.
2014,RCH2014,W,RCH2014_W,RCH2014_W_2014,RCH2014_W_2014,1,1,1,1,1,0,0,63,16,3,3,3,0,0,38,16,0,0,0,.
2014,RCH2014,W,RCH2014_W,RCH2014_W_2014,RCH2014_W_2014,1,1,1,1,1,0,0,63,16,16,16,3,0,0,38,16,0,0,1,.
2014,RCH2014,W,RCH2014_W,RCH2014_W_2014,RCH2014_W_2014,1,1,1,1,1,0,16,38,38,38,3,16,0,0,38,16,0,0,0,.
2014,RCH2014,W,RCH2014_W,RCH2014_W_2014,RCH2014_W_2014,1,1,1,1,1,0,0,38,16,0,16,3,0,0,63,16,0,0,0,.
2014,RCH2014,W,RCH2014_W,RCH2014_W_2014,RCH2014_W_2014,1,1,1,1,1,0,0,16,38,3,16,0,0,0,63,16,0,0,3,.
2014,RCH2014,W,RCH2014_W,RCH2014_W_2014,RCH2014_W_2014,1,1,1,1,1,0,0,86,16,38,3,0,0,0,16,16,0,0,0,.
2014,RCH2014,W,RCH2014_W,RCH2014_W_2014,RCH2014_W_2014,1,1,1,1,1,0,0,86,16,38,3,1,0,0,38,16,0,0,0,.
2014,RCH2014,W,RCH2014_W,RCH2014_W_2014,RCH2014_W_2014,1,1,1,1,1,0,0,16,38,86,0,16,0,0,38,38,0,0,0,.
2014,RCH2014,W,RCH2014_W,RCH2014_W_2014,RCH2014_W_2014,1,1,1,0,0.75,0.5,0,38,38,16,3,16,0,0,16,38,0,0,1,.
2014,RCH2014,W,RCH2014_W,RCH2014_W_2014,RCH2014_W_2014,1,0,0,1,0.5,0.577350269,0,63,38,3,3,1,0,0,38,16,0,0,0,.
2014,RCH2014,W,RCH2014_W,RCH2014_W_2014,RCH2014_W_2014,1,1,0,0,0.5,0.577350269,0,63,16,16,3,16,0,0,16,38,0,0,0,.
2014,RCH2014,W,RCH2014_W,RCH2014_W_2014,RCH2014_W_2014,1,1,0,0,0.5,0.577350269,0,38,38,3,3,16,0,0,38,16,0,0,1,.
2014,RCH2014,W,RCH2014_W,RCH2014_W_2014,RCH2014_W_2014,0,0,0,2,0.5,1,0,38,3,3,3,38,0,0,63,16,0,0,1,.
2014,RCH2014,W,RCH2014_W,RCH2014_W_2014,RCH2014_W_2014,1,1,0,0,0.5,0.577350269,3,38,16,0,16,0,0,0,63,16,0,0,3,.
2014,RCH2014,W,RCH2014_W,RCH2014_W_2014,RCH2014_W_2014,1,0,0,0,0.25,0.5,0,63,38,0,3,16,0,0,16,38,0,0,0,.
2014,RCH2014,W,RCH2014_W,RCH2014_W_2014,RCH2014_W_2014,0,0,0,0,0,0,0,38,38,0,3,38,0,0,38,16,0,0,0,.
2014,RCH2014,W,RCH2014_W,RCH2014_W_2014,RCH2014_W_2014,0,0,0,0,0,0,3,38,16,0,1,38,0,0,63,16,0,1,0,.
2014,RIN,E,RIN_E,RIN_E_2014,RIN_E_2014,5,11,6,6,7,2.708012802,63,0,16,86,16,0,16,0,0,86,4.5,0,16,.
2014,RIN,E,RIN_E,RIN_E_2014,RIN_E_2014,7,6,8,6,6.75,0.957427108,16,0,3,0,63,0,63,0,38,63,0,0,0,.
2014,RIN,E,RIN_E,RIN_E_2014,RIN_E_2014,12,4,4,4,6,4,0,0,63,0,16,0,16,0,3,86,1.5,0,16,.
2014,RIN,E,RIN_E,RIN_E_2014,RIN_E_2014,5,6,6,5,5.5,0.577350269,86,0,3,0,3,3,0,0,3,98,3,0,3,.
2014,RIN,E,RIN_E,RIN_E_2014,RIN_E_2014,5,4,5,5,4.75,0.5,63,0,38,63,3,3,0,0,0,98,4,1,3,.
2014,RIN,E,RIN_E,RIN_E_2014,RIN_E_2014,5,5,5,4,4.75,0.5,86,0,16,98,16,0,0,0,0,98,0,0,16,.
2014,RIN,E,RIN_E,RIN_E_2014,RIN_E_2014,4,6,4,5,4.75,0.957427108,63,0,16,0,16,0,16,0,3,98,5,0,0,.
2014,RIN,E,RIN_E,RIN_E_2014,RIN_E_2014,6,5,4,3,4.5,1.290994449,86,0,16,38,38,3,0,0,3,98,5.25,0,38,.
2014,RIN,E,RIN_E,RIN_E_2014,RIN_E_2014,4,6,4,4,4.5,1,63,0,16,98,16,0,16,0,3,98,0,0,16,.
2014,RIN,E,RIN_E,RIN_E_2014,RIN_E_2014,3,9,3,3,4.5,3,63,0,16,0,38,3,3,0,16,86,0.5,0,3,.
2014,RIN,E,RIN_E,RIN_E_2014,RIN_E_2014,4,5,4,4,4.25,0.5,38,0,16,98,16,0,0,0,3,86,0.5,1,3,.
2014,RIN,E,RIN_E,RIN_E_2014,RIN_E_2014,4,4,4,5,4.25,0.5,38,0,38,0,38,0,16,0,16,86,0,0,0,.
2014,RIN,E,RIN_E,RIN_E_2014,RIN_E_2014,4,4,5,4,4.25,0.5,86,0,16,98,16,0,0,0,3,98,5,0,16,.
2014,RIN,E,RIN_E,RIN_E_2014,RIN_E_2014,4,3,4,6,4.25,1.258305739,16,0,63,0,16,0,0,0,16,86,0,0,16,.
2014,RIN,E,RIN_E,RIN_E_2014,RIN_E_2014,4,4,3,5,4,0.816496581,38,0,16,16,16,0,0,0,3,86,0.5,0,0,.
2014,RIN,E,RIN_E,RIN_E_2014,RIN_E_2014,4,4,4,4,4,0,63,0,3,98,16,0,0,0,16,86,3.25,0,16,.
2014,RIN,E,RIN_E,RIN_E_2014,RIN_E_2014,4,4,4,4,4,0,0,0,38,63,38,3,16,0,3,86,1.5,1,38,.
2014,RIN,E,RIN_E,RIN_E_2014,RIN_E_2014,4,4,4,4,4,0,63,0,38,86,16,0,0,0,3,98,3.75,0,3,.
2014,RIN,E,RIN_E,RIN_E_2014,RIN_E_2014,3,5,4,4,4,0.816496581,0,0,86,0,16,0,0,0,3,86,0,0,3,.
2014,RIN,E,RIN_E,RIN_E_2014,RIN_E_2014,3,4,4,4,3.75,0.5,63,0,16,0,16,0,0,0,3,98,3.25,0,3,.
2014,RIN,E,RIN_E,RIN_E_2014,RIN_E_2014,4,4,4,3,3.75,0.5,63,0,16,98,16,0,0,0,3,86,0,0,16,.
2014,RIN,E,RIN_E,RIN_E_2014,RIN_E_2014,3,4,4,4,3.75,0.5,16,0,38,98,38,3,0,0,16,86,0,0,16,.
2014,RIN,E,RIN_E,RIN_E_2014,RIN_E_2014,4,3,4,4,3.75,0.5,0,0,86,0,16,0,0,0,3,86,0,0,0,.
2014,RIN,E,RIN_E,RIN_E_2014,RIN_E_2014,3,4,3,3,3.25,0.5,38,0,16,63,63,3,0,0,3,86,0,0,38,.
2014,RIN,E,RIN_E,RIN_E_2014,RIN_E_2014,3,4,3,3,3.25,0.5,38,0,38,38,16,0,0,0,3,86,4.25,0,3,.
2014,RIN,E,RIN_E,RIN_E_2014,RIN_E_2014,3,4,3,3,3.25,0.5,63,0,16,0,16,0,0,0,16,86,1.5,0,16,.
2014,RIN,E,RIN_E,RIN_E_2014,RIN_E_2014,3,3,2,3,2.75,0.5,63,0,1,0,16,0,3,0,16,86,3.5,1,16,.
2014,RIN,E,RIN_E,RIN_E_2014,RIN_E_2014,4,3,3,1,2.75,1.258305739,38,0,38,98,38,16,0,0,16,86,0.75,1,3,.
2014,RIN,E,RIN_E,RIN_E_2014,RIN_E_2014,2,3,2,3,2.5,0.577350269,0,0,16,63,16,3,0,0,16,86,0,1,16,.
2014,RIN,E,RIN_E,RIN_E_2014,RIN_E_2014,2,3,3,2,2.5,0.577350269,38,0,38,86,3,3,0,0,16,86,2.5,0,3,.
2014,RIN,S,RIN_S,RIN_S_2014,RIN_S_2014,18,6,6,6,9,6,38,0,38,98,16,0,0,0,16,86,2.75,1,0,.
2014,RIN,S,RIN_S,RIN_S_2014,RIN_S_2014,8,5,9,8,7.5,1.732050808,0,0,3,0,63,63,0,0,16,86,1,1,63,.
2014,RIN,S,RIN_S,RIN_S_2014,RIN_S_2014,8,9,6,6,7.25,1.5,63,0,16,38,38,3,0,0,3,98,1,1,16,.
2014,RIN,S,RIN_S,RIN_S_2014,RIN_S_2014,7,6,10,6,7.25,1.892969449,38,0,16,86,38,3,0,0,3,86,2.75,0,3,.
2014,RIN,S,RIN_S,RIN_S_2014,RIN_S_2014,8,8,7,5,7,1.414213562,86,0,3,98,16,0,0,0,3,86,8.75,1,16,.
2014,RIN,S,RIN_S,RIN_S_2014,RIN_S_2014,6,6,6,6,6,0,86,0,16,63,16,3,0,0,0,98,4,1,0,.
2014,RIN,S,RIN_S,RIN_S_2014,RIN_S_2014,6,6,6,6,6,0,63,0,16,98,16,0,16,0,16,86,9.5,0,0,.
2014,RIN,S,RIN_S,RIN_S_2014,RIN_S_2014,7,4,5,7,5.75,1.5,38,0,16,86,38,3,0,0,3,98,8.25,1,38,.
2014,RIN,S,RIN_S,RIN_S_2014,RIN_S_2014,6,7,5,5,5.75,0.957427108,63,0,16,98,16,0,0,0,16,86,6.5,1,16,.
2014,RIN,S,RIN_S,RIN_S_2014,RIN_S_2014,5,5,6,6,5.5,0.577350269,63,0,16,86,38,3,0,0,3,98,17,1,16,.
2014,RIN,S,RIN_S,RIN_S_2014,RIN_S_2014,6,6,6,4,5.5,1,63,0,38,98,38,3,0,0,3,98,6,1,38,.
2014,RIN,S,RIN_S,RIN_S_2014,RIN_S_2014,6,5,5,6,5.5,0.577350269,63,0,3,38,38,0,16,0,16,86,1.25,1,0,.
2014,RIN,S,RIN_S,RIN_S_2014,RIN_S_2014,5,5,6,5,5.25,0.5,38,0,38,98,38,3,3,0,3,86,5.5,0,16,.
2014,RIN,S,RIN_S,RIN_S_2014,RIN_S_2014,5,5,5,5,5,0,63,0,16,98,16,0,16,0,3,98,8.5,0,16,.
2014,RIN,S,RIN_S,RIN_S_2014,RIN_S_2014,6,4,5,4,4.75,0.957427108,63,0,38,86,16,3,0,0,3,98,1,1,16,.
2014,RIN,S,RIN_S,RIN_S_2014,RIN_S_2014,5,4,5,5,4.75,0.5,86,0,3,0,16,0,0,0,0,98,9.5,1,16,.
2014,RIN,S,RIN_S,RIN_S_2014,RIN_S_2014,4,5,4,6,4.75,0.957427108,86,0,16,3,16,16,0,0,3,98,0,2,3,.
2014,RIN,S,RIN_S,RIN_S_2014,RIN_S_2014,4,5,5,5,4.75,0.5,38,0,38,98,16,0,0,0,16,86,5,1,16,.
2014,RIN,S,RIN_S,RIN_S_2014,RIN_S_2014,4,3,6,5,4.5,1.290994449,38,0,38,98,38,0,0,0,16,86,2.75,1,38,.
2014,RIN,S,RIN_S,RIN_S_2014,RIN_S_2014,4,6,3,4,4.25,1.258305739,86,0,16,86,16,0,0,0,0,98,7,1,1,.
2014,RIN,S,RIN_S,RIN_S_2014,RIN_S_2014,4,3,5,4,4,0.816496581,63,0,38,86,16,0,0,0,0,98,1.5,1,3,.
2014,RIN,S,RIN_S,RIN_S_2014,RIN_S_2014,4,4,4,4,4,0,86,0,16,38,16,3,0,0,0,98,1,1,16,.
2014,RIN,S,RIN_S,RIN_S_2014,RIN_S_2014,5,3,3,5,4,1.154700538,86,0,16,38,0,0,0,0,0,98,1.75,1,0,.
2014,RIN,S,RIN_S,RIN_S_2014,RIN_S_2014,4,3,5,4,4,0.816496581,86,0,3,98,16,0,0,0,3,86,0.5,0,16,.
2014,RIN,S,RIN_S,RIN_S_2014,RIN_S_2014,3,4,4,3,3.5,0.577350269,63,0,38,98,3,0,0,0,3,98,3.5,0,0,.
2014,RIN,S,RIN_S,RIN_S_2014,RIN_S_2014,3,3,4,4,3.5,0.577350269,63,0,3,98,3,0,0,0,3,98,3,0,0,.
2014,RIN,S,RIN_S,RIN_S_2014,RIN_S_2014,3,3,3,4,3.25,0.5,63,0,38,98,3,3,0,0,3,86,0.5,0,3,.
2014,RIN,S,RIN_S,RIN_S_2014,RIN_S_2014,4,4,1,3,3,1.414213562,63,0,38,98,3,0,0,0,0,98,6,0,3,.
2014,RIN,S,RIN_S,RIN_S_2014,RIN_S_2014,3,3,3,2,2.75,0.5,38,0,16,98,16,3,0,0,3,86,1,0,16,.
2014,RIN,S,RIN_S,RIN_S_2014,RIN_S_2014,3,3,3,2,2.75,0.5,63,0,16,98,16,0,0,0,3,98,4.25,0,0,.
2014,RIN,W,RIN_W,RIN_W_2014,RIN_W_2014,20,20,20,18,19.5,1,0,0,16,16,38,38,0,0,38,63,0.75,0,38,.
2014,RIN,W,RIN_W,RIN_W_2014,RIN_W_2014,17,16,17,20,17.5,1.732050808,0,0,38,16,16,16,86,0,0,86,3.15,1,16,.
2014,RIN,W,RIN_W,RIN_W_2014,RIN_W_2014,9,20,10,20,14.75,6.075908711,0,0,63,38,38,38,0,0,16,86,2.75,1,16,.
2014,RIN,W,RIN_W,RIN_W_2014,RIN_W_2014,20,10,13,15,14.5,4.203173404,0,0,38,38,16,38,16,0,3,86,2.75,2,38,.
2014,RIN,W,RIN_W,RIN_W_2014,RIN_W_2014,9,18,20,11,14.5,5.322906474,38,0,38,3,63,16,16,0,16,86,2.5,1,16,.
2014,RIN,W,RIN_W,RIN_W_2014,RIN_W_2014,11,16,13,16,14,2.449489743,0,0,38,3,63,16,3,0,16,86,3.5,1,0,.
2014,RIN,W,RIN_W,RIN_W_2014,RIN_W_2014,15,11,20,7,13.25,5.560275773,0,0,38,3,63,16,3,0,16,86,2,0,16,.
2014,RIN,W,RIN_W,RIN_W_2014,RIN_W_2014,12,7,9,7,8.75,2.362907813,38,0,16,63,38,16,3,0,16,86,1.5,1,16,.
2014,RIN,W,RIN_W,RIN_W_2014,RIN_W_2014,7,7,9,8,7.75,0.957427108,38,0,38,3,38,38,0,0,16,86,4.5,0,16,.
2014,RIN,W,RIN_W,RIN_W_2014,RIN_W_2014,7,7,8,7,7.25,0.5,38,0,63,38,3,0,16,0,0,98,10.5,0,0,.
2014,RIN,W,RIN_W,RIN_W_2014,RIN_W_2014,7,7,6,7,6.75,0.5,38,0,38,63,16,3,0,0,3,86,5,1,3,.
2014,RIN,W,RIN_W,RIN_W_2014,RIN_W_2014,6,7,6,7,6.5,0.577350269,16,0,38,63,38,16,0,0,16,86,2.5,1,0,.
2014,RIN,W,RIN_W,RIN_W_2014,RIN_W_2014,6,5,8,5,6,1.414213562,38,0,63,63,38,0,0,0,3,86,2.5,0,3,.
2014,RIN,W,RIN_W,RIN_W_2014,RIN_W_2014,6,6,6,6,6,0,63,0,16,3,16,3,0,0,3,86,3,0,16,.
2014,RIN,W,RIN_W,RIN_W_2014,RIN_W_2014,5,7,6,6,6,0.816496581,38,0,63,38,16,0,0,0,3,98,5.5,0,16,.
2014,RIN,W,RIN_W,RIN_W_2014,RIN_W_2014,6,6,6,6,6,0,63,0,38,0,38,0,0,0,3,98,7.5,0,16,.
2014,RIN,W,RIN_W,RIN_W_2014,RIN_W_2014,5,6,7,6,6,0.816496581,63,0,16,16,16,3,0,0,3,86,0.5,1,16,.
2014,RIN,W,RIN_W,RIN_W_2014,RIN_W_2014,7,5,6,5,5.75,0.957427108,38,0,63,38,16,0,0,0,3,86,2,1,0,.
2014,RIN,W,RIN_W,RIN_W_2014,RIN_W_2014,6,6,6,5,5.75,0.5,38,0,38,86,16,16,0,0,3,86,6.5,1,0,.
2014,RIN,W,RIN_W,RIN_W_2014,RIN_W_2014,5,6,6,5,5.5,0.577350269,38,0,38,63,63,0,0,0,3,86,0,0,16,.
2014,RIN,W,RIN_W,RIN_W_2014,RIN_W_2014,5,6,5,6,5.5,0.577350269,38,0,38,63,16,0,0,0,16,86,4.75,0,3,.
2014,RIN,W,RIN_W,RIN_W_2014,RIN_W_2014,5,6,6,5,5.5,0.577350269,63,0,38,63,38,0,16,0,3,86,10,0,1,.
2014,RIN,W,RIN_W,RIN_W_2014,RIN_W_2014,5,6,6,5,5.5,0.577350269,38,0,16,86,16,0,0,0,1,98,6,1,3,.
2014,RIN,W,RIN_W,RIN_W_2014,RIN_W_2014,6,5,5,5,5.25,0.5,63,0,38,16,38,3,3,0,3,86,3.5,0,16,.
2014,RIN,W,RIN_W,RIN_W_2014,RIN_W_2014,6,5,5,5,5.25,0.5,63,0,38,63,16,0,3,0,3,86,5.5,0,0,.
2014,RIN,W,RIN_W,RIN_W_2014,RIN_W_2014,5,5,4,6,5,0.816496581,16,0,38,63,38,16,0,0,16,86,1.75,0,16,.
2014,RIN,W,RIN_W,RIN_W_2014,RIN_W_2014,4,5,5,6,5,0.816496581,16,63,0,86,38,0,0,0,38,63,0.25,1,3,.
2014,RIN,W,RIN_W,RIN_W_2014,RIN_W_2014,5,6,4,4,4.75,0.957427108,16,0,38,63,38,16,0,0,16,86,2.5,1,0,.
2014,RIN,W,RIN_W,RIN_W_2014,RIN_W_2014,5,5,4,4,4.5,0.577350269,38,0,38,38,16,3,0,0,3,86,0.5,0,16,.
2014,RIN,W,RIN_W,RIN_W_2014,RIN_W_2014,5,4,4,5,4.5,0.577350269,38,0,38,63,16,3,0,0,3,86,1.75,1,0,.
2014,RIS,C,RIS_C,RIS_C_2014,RIS_C_2014,5,5,4,5,4.75,0.5,16,0,3,0,38,16,16,0,0,86,2,.,.,.
2014,RIS,C,RIS_C,RIS_C_2014,RIS_C_2014,6,3,3,6,4.5,1.732050808,0,0,86,63,16,0,3,3,0,86,0.5,.,.,.
2014,RIS,C,RIS_C,RIS_C_2014,RIS_C_2014,4,5,4,4,4.25,0.5,16,1,16,3,38,16,3,0,1,86,1,0,16,.
2014,RIS,C,RIS_C,RIS_C_2014,RIS_C_2014,4,3,5,3,3.75,0.957427108,0,0,16,16,63,3,16,0,0,86,1,0,38,.
2014,RIS,C,RIS_C,RIS_C_2014,RIS_C_2014,3,4,3,4,3.5,0.577350269,63,16,3,3,16,3,16,0,0,86,1,0,3,.
2014,RIS,C,RIS_C,RIS_C_2014,RIS_C_2014,4,3,3,3,3.25,0.5,86,0,3,0,16,3,0,0,0,86,2,.,.,.
2014,RIS,C,RIS_C,RIS_C_2014,RIS_C_2014,3,3,3,4,3.25,0.5,38,0,16,16,16,16,0,0,0,86,5,1,3,.
2014,RIS,C,RIS_C,RIS_C_2014,RIS_C_2014,3,4,2,3,3,0.816496581,38,16,16,3,16,16,3,0,0,86,2.5,.,.,.
2014,RIS,C,RIS_C,RIS_C_2014,RIS_C_2014,3,4,3,2,3,0.816496581,38,16,16,16,16,38,0,0,0,86,0.5,.,.,.
2014,RIS,C,RIS_C,RIS_C_2014,RIS_C_2014,2,3,4,3,3,0.816496581,16,16,16,3,38,3,1,0,1,86,2,1,16,.
2014,RIS,C,RIS_C,RIS_C_2014,RIS_C_2014,3,3,3,3,3,0,3,63,16,0,16,16,0,0,0,86,0,1,3,.
2014,RIS,C,RIS_C,RIS_C_2014,RIS_C_2014,4,2,2,4,3,1.154700538,16,16,16,3,63,16,0,0,0,86,2,2,3,.
2014,RIS,C,RIS_C,RIS_C_2014,RIS_C_2014,3,2,6,1,3,2.160246899,0,38,16,16,16,3,38,0,0,86,1,1,16,.
2014,RIS,C,RIS_C,RIS_C_2014,RIS_C_2014,4,2,3,2,2.75,0.957427108,63,0,16,3,38,3,0,0,0,86,3,.,.,.
2014,RIS,C,RIS_C,RIS_C_2014,RIS_C_2014,2,4,3,2,2.75,0.957427108,16,16,16,0,16,38,0,0,16,63,0.5,0,16,.
2014,RIS,C,RIS_C,RIS_C_2014,RIS_C_2014,3,3,1,4,2.75,1.258305739,38,3,16,3,38,38,0,0,0,86,2,1,16,.
2014,RIS,C,RIS_C,RIS_C_2014,RIS_C_2014,2,3,3,2,2.5,0.577350269,16,16,38,16,3,38,0,0,3,86,0.5,.,.,.
2014,RIS,C,RIS_C,RIS_C_2014,RIS_C_2014,2,2,3,3,2.5,0.577350269,16,16,16,16,38,38,3,0,0,86,2.5,.,.,.
2014,RIS,C,RIS_C,RIS_C_2014,RIS_C_2014,2,3,3,2,2.5,0.577350269,0,86,0,0,16,3,1,0,0,86,0,0,3,.
2014,RIS,C,RIS_C,RIS_C_2014,RIS_C_2014,2,2,4,2,2.5,1,16,38,16,0,16,16,0,0,3,86,3,0,0,.
2014,RIS,C,RIS_C,RIS_C_2014,RIS_C_2014,3,2,3,2,2.5,0.577350269,1,63,16,0,16,16,0,0,0,86,1.5,2,3,.
2014,RIS,C,RIS_C,RIS_C_2014,RIS_C_2014,2,3,2,2,2.25,0.5,0,38,16,16,38,3,0,0,0,86,0.5,0,38,.
2014,RIS,C,RIS_C,RIS_C_2014,RIS_C_2014,1,2,3,3,2.25,0.957427108,16,16,16,3,16,38,0,0,0,86,1.5,1,3,.
2014,RIS,C,RIS_C,RIS_C_2014,RIS_C_2014,1,2,3,3,2.25,0.957427108,3,38,16,3,0,38,0,0,0,86,3,1,3,.
2014,RIS,C,RIS_C,RIS_C_2014,RIS_C_2014,1,2,1,5,2.25,1.892969449,3,38,3,3,16,38,0,0,1,86,0.5,0,3,.
2014,RIS,C,RIS_C,RIS_C_2014,RIS_C_2014,2,2,3,2,2.25,0.5,16,38,16,0,16,16,16,0,0,86,3,1,3,.
2014,RIS,C,RIS_C,RIS_C_2014,RIS_C_2014,1,1,3,3,2,1.154700538,63,0,16,3,16,3,16,0,0,86,2,.,.,.
2014,RIS,C,RIS_C,RIS_C_2014,RIS_C_2014,2,1,3,2,2,0.816496581,38,16,16,3,16,16,3,0,0,86,0.5,.,.,.
2014,RIS,C,RIS_C,RIS_C_2014,RIS_C_2014,3,1,2,2,2,0.816496581,16,0,16,16,38,3,16,3,0,86,2,0,16,.
2014,RIS,C,RIS_C,RIS_C_2014,RIS_C_2014,1,3,2,2,2,0.816496581,16,16,38,16,16,16,0,0,0,86,2,1,16,.
2014,RIS,C,RIS_C,RIS_C_2014,RIS_C_2014,2,2,2,2,2,0,16,38,16,3,3,16,0,0,0,86,1.5,1,1,.
2014,RIS,C,RIS_C,RIS_C_2014,RIS_C_2014,3,2,2,1,2,0.816496581,16,38,16,0,3,16,0,0,0,86,1,1,0,.
2014,RIS,C,RIS_C,RIS_C_2014,RIS_C_2014,1,2,0,1,1,0.816496581,16,16,16,3,16,38,0,0,1,86,0.5,0,3,.
2014,RIS,N,RIS_N,RIS_N_2014,RIS_N_2014,3,6,6,4,4.75,1.5,3,3,16,16,63,3,16,0,63,16,0,0,3,.
2014,RIS,N,RIS_N,RIS_N_2014,RIS_N_2014,5,6,3,4,4.5,1.290994449,3,0,3,3,63,0,38,0,63,16,0,0,16,.
2014,RIS,N,RIS_N,RIS_N_2014,RIS_N_2014,5,5,4,4,4.5,0.577350269,16,3,3,3,38,0,38,0,16,63,0,0,16,.
2014,RIS,N,RIS_N,RIS_N_2014,RIS_N_2014,1,4,5,6,4,2.160246899,0,16,16,3,38,16,0,0,38,63,0,1,16,.
2014,RIS,N,RIS_N,RIS_N_2014,RIS_N_2014,3,3,5,3,3.5,1,38,3,16,3,38,3,38,3,0,86,0.5,0,3,.
2014,RIS,N,RIS_N,RIS_N_2014,RIS_N_2014,3,3,6,1,3.25,2.061552813,0,0,38,3,38,3,38,3,0,0,0,1,16,.
2014,RIS,N,RIS_N,RIS_N_2014,RIS_N_2014,2,3,2,4,2.75,0.957427108,3,16,16,3,38,16,3,0,16,63,0,0,3,.
2014,RIS,N,RIS_N,RIS_N_2014,RIS_N_2014,2,3,3,3,2.75,0.5,3,16,38,0,38,16,0,0,16,63,0.5,1,0,.
2014,RIS,N,RIS_N,RIS_N_2014,RIS_N_2014,2,3,4,1,2.5,1.290994449,0,16,16,3,16,16,3,0,0,86,0.5,0,16,.
2014,RIS,N,RIS_N,RIS_N_2014,RIS_N_2014,2,3,3,1,2.25,0.957427108,38,16,16,16,16,3,3,0,16,63,0,1,3,.
2014,RIS,N,RIS_N,RIS_N_2014,RIS_N_2014,3,4,1,1,2.25,1.5,3,38,16,3,38,3,0,0,63,16,0,1,3,.
2014,RIS,N,RIS_N,RIS_N_2014,RIS_N_2014,2,2,1,3,2,0.816496581,0,63,38,16,16,1,0,0,0,86,1,0,3,.
2014,RIS,N,RIS_N,RIS_N_2014,RIS_N_2014,4,1,1,2,2,1.414213562,3,16,16,3,63,16,0,0,38,38,0,0,38,.
2014,RIS,N,RIS_N,RIS_N_2014,RIS_N_2014,2,3,2,1,2,0.816496581,0,38,16,3,38,16,16,0,1,86,0.5,0,3,.
2014,RIS,N,RIS_N,RIS_N_2014,RIS_N_2014,2,2,2,2,2,0,38,16,16,16,3,3,0,0,16,63,0,1,3,.
2014,RIS,N,RIS_N,RIS_N_2014,RIS_N_2014,2,1,3,1,1.75,0.957427108,3,16,3,3,16,16,3,0,0,86,0.5,0,16,.
2014,RIS,N,RIS_N,RIS_N_2014,RIS_N_2014,2,3,1,1,1.75,0.957427108,16,16,38,16,38,16,0,0,16,63,0,1,16,.
2014,RIS,N,RIS_N,RIS_N_2014,RIS_N_2014,2,1,2,1,1.5,0.577350269,16,16,16,3,16,16,0,0,86,16,0,1,0,.
2014,RIS,N,RIS_N,RIS_N_2014,RIS_N_2014,2,1,2,1,1.5,0.577350269,16,3,3,3,63,16,0,0,63,16,0,0,3,.
2014,RIS,N,RIS_N,RIS_N_2014,RIS_N_2014,1,1,2,2,1.5,0.577350269,0,38,38,3,16,3,0,0,3,86,0.5,0,0,.
2014,RIS,N,RIS_N,RIS_N_2014,RIS_N_2014,2,1,1,2,1.5,0.577350269,16,38,16,0,3,16,0,0,63,16,0,0,0,.
2014,RIS,N,RIS_N,RIS_N_2014,RIS_N_2014,2,1,1,2,1.5,0.577350269,16,38,3,0,16,16,16,0,3,86,0.5,0,3,.
2014,RIS,N,RIS_N,RIS_N_2014,RIS_N_2014,2,1,1,1,1.25,0.5,3,38,16,3,16,3,0,0,3,86,0,1,1,.
2014,RIS,N,RIS_N,RIS_N_2014,RIS_N_2014,1,1,1,1,1,0,38,16,16,3,16,3,0,0,86,16,0,1,0,.
2014,RIS,N,RIS_N,RIS_N_2014,RIS_N_2014,1,1,1,1,1,0,3,38,16,3,16,16,0,0,86,3,0,0,3,.
2014,RIS,N,RIS_N,RIS_N_2014,RIS_N_2014,0,2,1,1,1,0.816496581,3,38,16,3,38,3,0,0,3,86,0,0,3,.
2014,RIS,N,RIS_N,RIS_N_2014,RIS_N_2014,1,0,1,1,0.75,0.5,0,63,16,3,16,16,0,0,38,38,0,1,3,.
2014,RIS,N,RIS_N,RIS_N_2014,RIS_N_2014,0,0,0,1,0.25,0.5,3,38,16,3,16,16,1,0,3,63,0.5,0,0,.
2014,RIS,N,RIS_N,RIS_N_2014,RIS_N_2014,0,0,0,0,0,0,16,38,3,0,3,3,0,0,63,38,0,0,0,.
2014,RIS,N,RIS_N,RIS_N_2014,RIS_N_2014,0,0,0,0,0,0,0,38,16,3,16,16,0,0,16,63,0,1,0,.
2014,RIS,S,RIS_S,RIS_S_2014,RIS_S_2014,5,4,4,3,4,0.816496581,16,16,38,16,16,16,0,0,16,86,0,.,.,.
2014,RIS,S,RIS_S,RIS_S_2014,RIS_S_2014,5,4,2,4,3.75,1.258305739,38,38,16,16,16,16,1,0,16,63,0,.,.,.
2014,RIS,S,RIS_S,RIS_S_2014,RIS_S_2014,4,3,3,4,3.5,0.577350269,38,38,16,3,3,16,0,0,0,86,5,.,.,.
2014,RIS,S,RIS_S,RIS_S_2014,RIS_S_2014,5,3,3,3,3.5,1,0,63,16,0,16,3,16,0,0,86,1,.,.,.
2014,RIS,S,RIS_S,RIS_S_2014,RIS_S_2014,2,4,3,3,3,0.816496581,16,38,16,3,16,38,3,0,0,86,1,.,.,.
2014,RIS,S,RIS_S,RIS_S_2014,RIS_S_2014,3,3,3,3,3,0,38,16,16,3,16,16,3,0,3,86,1,.,.,.
2014,RIS,S,RIS_S,RIS_S_2014,RIS_S_2014,3,3,3,2,2.75,0.5,0,38,38,38,3,16,0,0,0,86,2.5,.,.,.
2014,RIS,S,RIS_S,RIS_S_2014,RIS_S_2014,2,1,2,6,2.75,2.217355783,0,16,63,3,3,3,38,0,3,86,0,.,.,.
2014,RIS,S,RIS_S,RIS_S_2014,RIS_S_2014,2,2,4,2,2.5,1,0,38,16,16,38,16,16,0,0,86,3.5,.,.,.
2014,RIS,S,RIS_S,RIS_S_2014,RIS_S_2014,3,2,2,3,2.5,0.577350269,0,63,16,3,16,3,16,0,1,86,0,.,.,.
2014,RIS,S,RIS_S,RIS_S_2014,RIS_S_2014,2,4,1,3,2.5,1.290994449,16,38,38,16,16,16,0,0,16,63,0.5,.,.,.
2014,RIS,S,RIS_S,RIS_S_2014,RIS_S_2014,2,3,2,3,2.5,0.577350269,38,3,16,16,38,16,0,0,3,86,0,.,.,.
2014,RIS,S,RIS_S,RIS_S_2014,RIS_S_2014,3,1,2,3,2.25,0.957427108,16,38,16,3,16,16,0,0,3,86,0,.,.,.
2014,RIS,S,RIS_S,RIS_S_2014,RIS_S_2014,2,2,3,2,2.25,0.5,38,16,16,16,16,16,0,0,1,86,0,.,.,.
2014,RIS,S,RIS_S,RIS_S_2014,RIS_S_2014,2,3,2,2,2.25,0.5,38,16,16,16,16,16,0,0,0,86,1.5,.,.,.
2014,RIS,S,RIS_S,RIS_S_2014,RIS_S_2014,2,3,2,2,2.25,0.5,38,16,38,16,3,16,0,0,16,63,0.5,.,.,.
2014,RIS,S,RIS_S,RIS_S_2014,RIS_S_2014,2,2,2,2,2,0,3,38,38,3,16,38,0,0,1,86,0,.,.,.
2014,RIS,S,RIS_S,RIS_S_2014,RIS_S_2014,2,2,2,2,2,0,0,63,16,3,1,38,0,0,1,86,0.5,.,.,.
2014,RIS,S,RIS_S,RIS_S_2014,RIS_S_2014,1,3,2,2,2,0.816496581,0,86,3,0,16,3,0,0,0,86,1,.,.,.
2014,RIS,S,RIS_S,RIS_S_2014,RIS_S_2014,2,1,2,2,1.75,0.5,16,38,16,3,16,16,0,0,3,86,0.5,.,.,.
2014,RIS,S,RIS_S,RIS_S_2014,RIS_S_2014,2,2,1,2,1.75,0.5,0,16,38,3,3,38,0,0,0,86,0,.,.,.
2014,RIS,S,RIS_S,RIS_S_2014,RIS_S_2014,3,1,1,2,1.75,0.957427108,1,16,38,16,16,38,0,0,16,63,0,.,.,.
2014,RIS,S,RIS_S,RIS_S_2014,RIS_S_2014,2,2,2,1,1.75,0.5,16,16,63,38,3,16,0,0,3,63,0,.,.,.
2014,RIS,S,RIS_S,RIS_S_2014,RIS_S_2014,1,1,2,2,1.5,0.577350269,3,38,16,3,16,38,0,0,3,86,1,.,.,.
2014,RIS,S,RIS_S,RIS_S_2014,RIS_S_2014,1,2,1,2,1.5,0.577350269,38,3,16,3,16,16,1,0,38,38,0,.,.,.
2014,RIS,S,RIS_S,RIS_S_2014,RIS_S_2014,1,1,2,2,1.5,0.577350269,16,38,16,3,3,16,0,0,16,86,0,.,.,.
2014,RIS,S,RIS_S,RIS_S_2014,RIS_S_2014,1,1,2,2,1.5,0.577350269,3,16,38,16,16,16,0,0,16,86,0,.,.,.
2014,RIS,S,RIS_S,RIS_S_2014,RIS_S_2014,1,1,1,1,1,0,3,3,63,63,3,16,0,0,63,16,0,.,.,.
2014,RIS,S,RIS_S,RIS_S_2014,RIS_S_2014,0,1,1,1,0.75,0.5,38,3,16,16,3,16,0,0,16,63,0,.,.,.
2014,RIS,S,RIS_S,RIS_S_2014,RIS_S_2014,1,1,1,0,0.75,0.5,16,3,16,16,3,38,0,0,16,63,0,.,.,.
2014,STE,N,STE_N,STE_N_2014,STE_N_2014,5,3,4,5,4.25,0.957427108,3,63,38,0,16,3,16,0,3,98,5,0,16,.
2014,STE,N,STE_N,STE_N_2014,STE_N_2014,4,4,3,3,3.5,0.577350269,3,63,38,3,16,3,0,0,3,98,7.5,0,0,.
2014,STE,N,STE_N,STE_N_2014,STE_N_2014,3,3,4,4,3.5,0.577350269,0,86,0,0,0,0,16,0,0,98,0.75,0,0,.
2014,STE,N,STE_N,STE_N_2014,STE_N_2014,3,3,4,3,3.25,0.5,16,63,38,16,0,16,0,0,0,86,2,0,0,.
2014,STE,N,STE_N,STE_N_2014,STE_N_2014,3,2,3,5,3.25,1.258305739,0,86,16,0,16,16,0,0,16,86,1.25,0,16,.
2014,STE,N,STE_N,STE_N_2014,STE_N_2014,5,3,3,2,3.25,1.258305739,0,86,16,0,3,16,0,0,0,98,3,1,0,.
2014,STE,N,STE_N,STE_N_2014,STE_N_2014,3,4,3,3,3.25,0.5,0,38,63,0,3,1,0,0,0,98,2.5,0,0,.
2014,STE,N,STE_N,STE_N_2014,STE_N_2014,3,3,3,3,3,0,0,63,38,0,16,16,0,0,0,98,2.75,1,0,.
2014,STE,N,STE_N,STE_N_2014,STE_N_2014,3,3,3,3,3,0,0,98,16,0,0,0,3,0,0,86,2,0,0,.
2014,STE,N,STE_N,STE_N_2014,STE_N_2014,3,2,4,3,3,0.816496581,0,63,38,16,16,0,1,0,3,86,0.75,1,16,.
2014,STE,N,STE_N,STE_N_2014,STE_N_2014,3,2,3,3,2.75,0.5,0,38,38,86,16,16,0,0,3,98,1,1,0,.
2014,STE,N,STE_N,STE_N_2014,STE_N_2014,2,3,3,3,2.75,0.5,38,38,38,3,0,38,0,0,3,98,3,2,16,.
2014,STE,N,STE_N,STE_N_2014,STE_N_2014,3,2,3,3,2.75,0.5,1,86,16,0,16,16,0,0,0,98,0.5,0,0,.
2014,STE,N,STE_N,STE_N_2014,STE_N_2014,3,3,2,3,2.75,0.5,3,63,16,0,16,16,0,0,3,98,3.75,1,0,.
2014,STE,N,STE_N,STE_N_2014,STE_N_2014,3,3,2,3,2.75,0.5,0,86,16,38,16,16,0,0,16,86,0,1,16,.
2014,STE,N,STE_N,STE_N_2014,STE_N_2014,3,1,3,3,2.5,1,0,63,38,16,0,16,0,0,16,86,0,0,0,.
2014,STE,N,STE_N,STE_N_2014,STE_N_2014,2,4,1,3,2.5,1.290994449,3,63,16,3,16,3,3,0,16,86,0.25,2,16,.
2014,STE,N,STE_N,STE_N_2014,STE_N_2014,3,3,2,1,2.25,0.957427108,0,86,16,0,3,3,3,0,0,86,0.5,0,0,.
2014,STE,N,STE_N,STE_N_2014,STE_N_2014,3,2,2,2,2.25,0.5,3,38,16,0,16,16,0,0,16,86,3,2,3,.
2014,STE,N,STE_N,STE_N_2014,STE_N_2014,3,1,1,2,1.75,0.957427108,3,63,16,63,16,16,0,0,38,38,0,1,0,.
2014,STE,N,STE_N,STE_N_2014,STE_N_2014,2,1,2,2,1.75,0.5,16,38,38,16,16,16,0,0,16,86,0,2,0,.
2014,STE,N,STE_N,STE_N_2014,STE_N_2014,3,2,1,1,1.75,0.957427108,3,63,38,63,3,16,0,0,16,86,0.5,0,16,.
2014,STE,N,STE_N,STE_N_2014,STE_N_2014,1,1,2,2,1.5,0.577350269,16,16,38,0,16,38,0,0,38,38,0.25,2,0,.
2014,STE,N,STE_N,STE_N_2014,STE_N_2014,1,1,2,2,1.5,0.577350269,3,16,63,3,16,16,16,0,63,16,0,2,3,.
2014,STE,N,STE_N,STE_N_2014,STE_N_2014,1,1,2,2,1.5,0.577350269,0,63,16,38,16,16,0,0,3,98,1.5,1,0,.
2014,STE,N,STE_N,STE_N_2014,STE_N_2014,2,1,2,1,1.5,0.577350269,0,38,63,3,16,3,16,0,16,86,0.25,1,16,.
2014,STE,N,STE_N,STE_N_2014,STE_N_2014,1,1,2,2,1.5,0.577350269,3,63,16,63,16,3,0,0,16,86,0,1,16,.
2014,STE,N,STE_N,STE_N_2014,STE_N_2014,1,1,2,1,1.25,0.5,3,16,38,3,0,3,1,0,63,38,0,1,0,.
2014,STE,N,STE_N,STE_N_2014,STE_N_2014,1,1,1,1,1,0,38,16,16,0,3,16,0,0,38,38,0,2,1,.
2014,STE,N,STE_N,STE_N_2014,STE_N_2014,1,1,1,1,1,0,3,16,38,3,3,38,0,0,16,63,0,1,3,.
2014,STE,S,STE_S,STE_S_2014,STE_S_2014,7,7,7,7,7,0,86,16,16,3,16,0,0,0,0,98,2.5,0,0,.
2014,STE,S,STE_S,STE_S_2014,STE_S_2014,6,6,4,5,5.25,0.957427108,0,38,38,16,38,3,0,0,3,86,1,1,0,.
2014,STE,S,STE_S,STE_S_2014,STE_S_2014,8,4,1,5,4.5,2.886751346,0,38,38,3,38,3,16,0,16,86,4.5,0,38,.
2014,STE,S,STE_S,STE_S_2014,STE_S_2014,4,4,5,4,4.25,0.5,0,86,38,0,3,16,0,0,0,98,2.5,0,0,.
2014,STE,S,STE_S,STE_S_2014,STE_S_2014,5,3,6,3,4.25,1.5,0,86,38,0,16,16,16,0,0,98,1,0,0,.
2014,STE,S,STE_S,STE_S_2014,STE_S_2014,4,3,3,4,3.5,0.577350269,0,86,38,0,0,16,0,0,0,98,0.75,0,0,.
2014,STE,S,STE_S,STE_S_2014,STE_S_2014,3,5,3,3,3.5,1,0,86,16,0,16,0,1,0,0,98,5.75,0,16,.
2014,STE,S,STE_S,STE_S_2014,STE_S_2014,2,3,4,5,3.5,1.290994449,0,86,38,0,3,16,16,0,0,86,2.5,0,3,.
2014,STE,S,STE_S,STE_S_2014,STE_S_2014,4,3,3,3,3.25,0.5,16,63,38,0,16,16,0,0,3,86,0.25,1,0,.
2014,STE,S,STE_S,STE_S_2014,STE_S_2014,2,3,4,4,3.25,0.957427108,0,86,16,0,3,16,0,0,0,86,0.5,1,0,.
2014,STE,S,STE_S,STE_S_2014,STE_S_2014,3,4,3,3,3.25,0.5,0,86,38,0,3,0,0,0,0,86,3.25,0,3,.
2014,STE,S,STE_S,STE_S_2014,STE_S_2014,3,3,3,3,3,0,0,98,16,0,3,16,0,0,0,86,1,1,0,.
2014,STE,S,STE_S,STE_S_2014,STE_S_2014,2,1,3,6,3,2.160246899,0,86,16,0,3,0,16,0,3,98,2.25,0,0,.
2014,STE,S,STE_S,STE_S_2014,STE_S_2014,3,3,2,3,2.75,0.5,0,86,38,0,1,16,0,0,3,98,1.25,0,0,.
2014,STE,S,STE_S,STE_S_2014,STE_S_2014,1,5,2,3,2.75,1.707825128,0,98,3,0,3,16,0,0,0,98,3.5,0,3,.
2014,STE,S,STE_S,STE_S_2014,STE_S_2014,2,3,4,2,2.75,0.957427108,0,86,16,0,16,1,0,0,0,98,2.25,1,1,.
2014,STE,S,STE_S,STE_S_2014,STE_S_2014,2,2,2,3,2.25,0.5,0,98,16,0,3,0,3,0,16,86,0,0,0,.
2014,STE,S,STE_S,STE_S_2014,STE_S_2014,2,2,2,3,2.25,0.5,16,86,16,0,3,16,0,0,0,86,1.5,2,0,.
2014,STE,S,STE_S,STE_S_2014,STE_S_2014,2,2,2,3,2.25,0.5,16,98,16,0,3,16,0,0,0,86,0.5,0,3,.
2014,STE,S,STE_S,STE_S_2014,STE_S_2014,2,2,2,3,2.25,0.5,3,63,38,0,16,3,0,0,3,86,3.5,0,16,.
2014,STE,S,STE_S,STE_S_2014,STE_S_2014,2,2,2,3,2.25,0.5,0,98,3,0,3,0,0,0,0,98,2.5,0,0,.
2014,STE,S,STE_S,STE_S_2014,STE_S_2014,1,2,1,3,1.75,0.957427108,0,86,3,86,0,16,0,0,16,86,0.25,1,0,.
2014,STE,S,STE_S,STE_S_2014,STE_S_2014,3,1,2,1,1.75,0.957427108,3,38,16,0,16,16,0,0,38,38,0,0,1,.
2014,STE,S,STE_S,STE_S_2014,STE_S_2014,2,2,1,2,1.75,0.5,0,86,16,0,16,3,0,0,3,86,0.25,2,0,.
2014,STE,S,STE_S,STE_S_2014,STE_S_2014,2,2,1,2,1.75,0.5,16,38,16,0,3,16,0,0,38,63,0.25,1,3,.
2014,STE,S,STE_S,STE_S_2014,STE_S_2014,1,2,2,2,1.75,0.5,3,63,16,0,0,16,0,0,38,38,0,1,0,.
2014,STE,S,STE_S,STE_S_2014,STE_S_2014,1,3,2,1,1.75,0.957427108,0,63,16,38,3,16,0,0,16,86,0.25,2,3,.
2014,STE,S,STE_S,STE_S_2014,STE_S_2014,1,1,2,2,1.5,0.577350269,0,38,16,0,16,16,0,0,16,63,0,0,0,.
2014,STE,S,STE_S,STE_S_2014,STE_S_2014,1,1,2,2,1.5,0.577350269,0,63,38,0,0,0,0,0,0,86,0.5,0,0,.
2014,STE,S,STE_S,STE_S_2014,STE_S_2014,2,1,1,1,1.25,0.5,0,86,16,0,3,3,0,0,16,86,0.25,0,0,.
2014,STE,W,STE_W,STE_W_2014,STE_W_2014,11,9,8,6,8.5,2.081665999,38,38,0,0,38,0,0,0,3,98,1,0,0,.
2014,STE,W,STE_W,STE_W_2014,STE_W_2014,8,10,7,5,7.5,2.081665999,38,63,16,0,16,0,0,0,16,86,0,0,0,.
2014,STE,W,STE_W,STE_W_2014,STE_W_2014,6,5,3,4,4.5,1.290994449,0,86,38,0,16,0,0,0,0,98,2.5,0,16,.
2014,STE,W,STE_W,STE_W_2014,STE_W_2014,5,5,3,5,4.5,1,3,38,86,0,16,16,0,0,0,98,1,0,16,.
2014,STE,W,STE_W,STE_W_2014,STE_W_2014,6,4,2,5,4.25,1.707825128,0,63,16,0,16,16,0,0,3,86,1,2,0,.
2014,STE,W,STE_W,STE_W_2014,STE_W_2014,3,3,3,5,3.5,1,38,38,38,3,16,0,0,0,16,86,0.75,1,16,.
2014,STE,W,STE_W,STE_W_2014,STE_W_2014,4,3,3,4,3.5,0.577350269,0,86,63,0,0,3,0,0,0,98,1.75,0,0,.
2014,STE,W,STE_W,STE_W_2014,STE_W_2014,3,4,3,3,3.25,0.5,3,38,63,0,16,3,0,0,3,86,0,1,0,.
2014,STE,W,STE_W,STE_W_2014,STE_W_2014,3,3,2,3,2.75,0.5,3,86,16,38,16,3,0,0,0,86,1,0,0,.
2014,STE,W,STE_W,STE_W_2014,STE_W_2014,3,3,2,3,2.75,0.5,0,86,16,16,16,3,0,3,3,86,0,0,0,.
2014,STE,W,STE_W,STE_W_2014,STE_W_2014,2,3,4,2,2.75,0.957427108,0,86,16,16,16,16,0,0,3,86,0,0,0,.
2014,STE,W,STE_W,STE_W_2014,STE_W_2014,2,2,2,5,2.75,1.5,0,86,16,16,16,0,0,0,16,86,0,0,0,.
2014,STE,W,STE_W,STE_W_2014,STE_W_2014,3,3,2,2,2.5,0.577350269,0,63,38,16,16,0,0,0,0,98,0.75,0,0,.
2014,STE,W,STE_W,STE_W_2014,STE_W_2014,4,1,1,4,2.5,1.732050808,3,38,63,3,16,16,0,0,1,86,0.25,0,0,.
2014,STE,W,STE_W,STE_W_2014,STE_W_2014,3,2,3,2,2.5,0.577350269,0,38,63,16,3,16,0,0,0,86,0.5,1,0,.
2014,STE,W,STE_W,STE_W_2014,STE_W_2014,3,1,2,3,2.25,0.957427108,16,63,38,3,16,3,0,0,16,86,0,2,0,.
2014,STE,W,STE_W,STE_W_2014,STE_W_2014,3,2,1,3,2.25,0.957427108,0,63,38,3,16,3,0,0,3,86,1.5,1,0,.
2014,STE,W,STE_W,STE_W_2014,STE_W_2014,2,2,2,3,2.25,0.5,0,86,38,0,3,16,0,0,0,86,1,0,0,.
2014,STE,W,STE_W,STE_W_2014,STE_W_2014,2,2,2,3,2.25,0.5,0,63,38,38,16,16,0,0,0,86,0.75,1,3,.
2014,STE,W,STE_W,STE_W_2014,STE_W_2014,1,1,3,2,1.75,0.957427108,0,63,16,0,3,16,0,0,38,38,0,1,0,.
2014,STE,W,STE_W,STE_W_2014,STE_W_2014,3,2,1,1,1.75,0.957427108,16,38,16,0,16,16,0,0,38,63,0,2,0,.
2014,STE,W,STE_W,STE_W_2014,STE_W_2014,1,1,2,3,1.75,0.957427108,0,63,16,0,16,16,0,0,38,63,3.5,2,0,.
2014,STE,W,STE_W,STE_W_2014,STE_W_2014,2,2,1,2,1.75,0.5,3,38,38,16,3,38,0,0,16,86,0,1,3,.
2014,STE,W,STE_W,STE_W_2014,STE_W_2014,2,1,3,1,1.75,0.957427108,0,63,38,3,16,16,0,0,0,86,0.75,0,16,.
2014,STE,W,STE_W,STE_W_2014,STE_W_2014,1,2,1,2,1.5,0.577350269,0,63,16,0,3,16,0,0,3,86,1,1,0,.
2014,STE,W,STE_W,STE_W_2014,STE_W_2014,1,2,1,1,1.25,0.5,0,63,38,0,3,3,0,0,16,86,4.5,0,0,.
2014,STE,W,STE_W,STE_W_2014,STE_W_2014,2,1,1,1,1.25,0.5,0,63,16,0,0,3,0,0,16,63,0.75,2,0,.
2014,STE,W,STE_W,STE_W_2014,STE_W_2014,1,1,1,1,1,0,0,38,16,38,3,3,0,0,16,86,0,2,0,.
2014,STE,W,STE_W,STE_W_2014,STE_W_2014,1,1,1,1,1,0,38,16,16,16,3,3,0,0,38,38,0,1,0,.
2014,STE,W,STE_W,STE_W_2014,STE_W_2014,1,1,1,1,1,0,16,38,16,16,3,3,0,0,38,38,0,0,0,.
2013,GIL,C,GIL_C,GIL_C_2013,GIL_C_2013,9,9,9,10,9.25,0.50000,0,0,38,38,16,0,98,0,16,38,0.00,.,.,.
2013,GIL,C,GIL_C,GIL_C_2013,GIL_C_2013,11,8,7,8,8.5,1.73205,0,63,86,16,38,0,16,0,3,86,0.50,.,.,.
2013,GIL,C,GIL_C,GIL_C_2013,GIL_C_2013,5,6,7,6,6,0.81650,0,16,16,16,86,16,0,0,16,63,0.00,.,.,.
2013,GIL,C,GIL_C,GIL_C_2013,GIL_C_2013,12,3,5,3,5.75,4.27200,0,63,0,0,16,0,38,0,0,98,3.50,.,.,.
2013,GIL,C,GIL_C,GIL_C_2013,GIL_C_2013,7,7,4,5,5.75,1.50000,0,16,38,38,63,0,16,0,3,86,2.00,.,.,.
2013,GIL,C,GIL_C,GIL_C_2013,GIL_C_2013,3,7,5,5,5,1.63299,0,38,98,16,38,63,0,0,3,86,0.00,.,.,.
2013,GIL,C,GIL_C,GIL_C_2013,GIL_C_2013,5,4,3,7,4.75,1.70783,0,86,0,16,38,0,0,0,0,98,1.75,.,.,.
2013,GIL,C,GIL_C,GIL_C_2013,GIL_C_2013,5,5,5,4,4.75,0.50000,0,63,63,38,16,0,0,0,16,86,2.00,.,.,.
2013,GIL,C,GIL_C,GIL_C_2013,GIL_C_2013,4,5,5,4,4.5,0.57735,0,63,0,16,16,0,38,0,0,98,4.00,.,.,.
2013,GIL,C,GIL_C,GIL_C_2013,GIL_C_2013,5,4,5,3,4.25,0.95743,0,38,38,63,16,16,0,0,16,38,0.00,.,.,.
2013,GIL,C,GIL_C,GIL_C_2013,GIL_C_2013,5,3,4,5,4.25,0.95743,3,63,16,16,16,3,0,0,0,98,2.00,.,.,.
2013,GIL,C,GIL_C,GIL_C_2013,GIL_C_2013,4,5,5,3,4.25,0.95743,0,38,16,16,63,16,0,0,3,86,0.00,.,.,.
2013,GIL,C,GIL_C,GIL_C_2013,GIL_C_2013,5,4,3,3,3.75,0.95743,0,86,0,16,16,3,0,0,16,38,0.00,.,.,.
2013,GIL,C,GIL_C,GIL_C_2013,GIL_C_2013,3,3,5,3,3.5,1.00000,0,63,86,16,16,0,0,0,1,86,0.50,.,.,.
2013,GIL,C,GIL_C,GIL_C_2013,GIL_C_2013,3,3,3,4,3.25,0.50000,0,63,38,16,16,0,3,0,0,98,3.50,.,.,.
2013,GIL,C,GIL_C,GIL_C_2013,GIL_C_2013,3,3,3,4,3.25,0.50000,0,86,86,16,3,0,0,0,16,86,1.00,.,.,.
2013,GIL,C,GIL_C,GIL_C_2013,GIL_C_2013,3,4,3,3,3.25,0.50000,0,63,16,16,16,0,0,0,1,86,0.25,.,.,.
2013,GIL,C,GIL_C,GIL_C_2013,GIL_C_2013,2,4,4,3,3.25,0.95743,0,38,38,38,38,16,0,0,16,63,0.00,.,.,.
2013,GIL,C,GIL_C,GIL_C_2013,GIL_C_2013,6,3,1,3,3.25,2.06155,0,86,38,16,16,38,0,0,0,86,0.00,.,.,.
2013,GIL,C,GIL_C,GIL_C_2013,GIL_C_2013,4,3,2,3,3,0.81650,0,63,38,16,16,3,0,0,16,63,0.00,.,.,.
2013,GIL,C,GIL_C,GIL_C_2013,GIL_C_2013,2,2,2,3,2.25,0.50000,0,63,0,16,16,0,0,0,16,38,0.00,.,.,.
2013,GIL,C,GIL_C,GIL_C_2013,GIL_C_2013,2,1,3,3,2.25,0.95743,3,38,16,38,3,0,0,0,0,98,1.00,.,.,.
2013,GIL,C,GIL_C,GIL_C_2013,GIL_C_2013,2,3,2,1,2,0.81650,0,63,38,16,16,16,0,0,16,38,0.00,.,.,.
2013,GIL,C,GIL_C,GIL_C_2013,GIL_C_2013,1,3,1,2,1.75,0.95743,0,16,63,38,16,38,0,0,16,16,0.00,.,.,.
2013,GIL,C,GIL_C,GIL_C_2013,GIL_C_2013,2,1,2,2,1.75,0.50000,0,63,0,16,16,3,0,0,3,63,0.00,.,.,.
2013,GIL,C,GIL_C,GIL_C_2013,GIL_C_2013,3,1,1,1,1.5,1.00000,0,38,38,16,0,0,0,0,16,38,0.00,.,.,.
2013,GIL,C,GIL_C,GIL_C_2013,GIL_C_2013,2,1,1,2,1.5,0.57735,0,63,0,16,16,3,0,0,3,86,0.00,.,.,.
2013,GIL,C,GIL_C,GIL_C_2013,GIL_C_2013,2,1,1,1,1.25,0.50000,0,86,98,16,16,3,0,0,16,16,0.00,.,.,.
2013,GIL,C,GIL_C,GIL_C_2013,GIL_C_2013,2,1,0,0,0.75,0.95743,0,0,0,16,16,38,0,0,38,0,0.00,.,.,.
2013,GIL,C,GIL_C,GIL_C_2013,GIL_C_2013,0,0,0,0,0,0.00000,0,16,16,38,3,3,0,0,3,38,0.00,.,.,.
2013,GIL,N,GIL_N,GIL_N_2013,GIL_N_2013,14,20,20,5,14.75,7.08872,0,63,16,38,3,3,0,0,16,38,0.00,.,.,.
2013,GIL,N,GIL_N,GIL_N_2013,GIL_N_2013,9,7,6,9,7.75,1.50000,0,86,0,3,38,0,0,0,0,98,1.50,.,.,.
2013,GIL,N,GIL_N,GIL_N_2013,GIL_N_2013,9,8,7,7,7.75,0.95743,0,38,38,16,63,3,0,0,3,86,0.00,.,.,.
2013,GIL,N,GIL_N,GIL_N_2013,GIL_N_2013,8,9,7,7,7.75,0.95743,0,38,0,38,86,0,0,0,16,38,0.00,.,.,.
2013,GIL,N,GIL_N,GIL_N_2013,GIL_N_2013,20,4,3,3,7.5,8.34666,0,86,0,0,16,0,0,0,0,98,2.50,.,.,.
2013,GIL,N,GIL_N,GIL_N_2013,GIL_N_2013,9,4,5,9,6.75,2.62996,0,63,38,38,63,0,0,0,3,86,0.50,.,.,.
2013,GIL,N,GIL_N,GIL_N_2013,GIL_N_2013,7,6,6,7,6.5,0.57735,0,63,3,38,86,0,0,0,16,63,0.50,.,.,.
2013,GIL,N,GIL_N,GIL_N_2013,GIL_N_2013,8,7,3,6,6,2.16025,0,63,38,38,16,0,0,0,0,98,2.00,.,.,.
2013,GIL,N,GIL_N,GIL_N_2013,GIL_N_2013,5,5,4,5,4.75,0.50000,0,86,16,16,16,0,0,0,0,98,0.50,.,.,.
2013,GIL,N,GIL_N,GIL_N_2013,GIL_N_2013,5,3,5,6,4.75,1.25831,0,38,38,16,38,3,0,0,16,38,0.00,.,.,.
2013,GIL,N,GIL_N,GIL_N_2013,GIL_N_2013,4,5,4,5,4.5,0.57735,0,63,16,16,38,16,0,0,16,86,1.50,.,.,.
2013,GIL,N,GIL_N,GIL_N_2013,GIL_N_2013,3,7,3,4,4.25,1.89297,0,86,0,0,3,3,0,0,0,98,2.00,.,.,.
2013,GIL,N,GIL_N,GIL_N_2013,GIL_N_2013,5,3,3,5,4,1.15470,3,86,0,16,16,3,0,0,16,86,2.00,.,.,.
2013,GIL,N,GIL_N,GIL_N_2013,GIL_N_2013,5,3,3,4,3.75,0.95743,0,86,0,3,16,0,0,0,0,98,4.50,.,.,.
2013,GIL,N,GIL_N,GIL_N_2013,GIL_N_2013,3,4,3,3,3.25,0.50000,3,63,38,38,16,16,0,0,3,86,1.50,.,.,.
2013,GIL,N,GIL_N,GIL_N_2013,GIL_N_2013,3,4,3,2,3,0.81650,0,86,0,3,16,16,0,0,16,38,0.00,.,.,.
2013,GIL,N,GIL_N,GIL_N_2013,GIL_N_2013,1,3,4,4,3,1.41421,0,38,16,63,16,16,0,0,3,63,0.25,.,.,.
2013,GIL,N,GIL_N,GIL_N_2013,GIL_N_2013,1,2,4,2,2.25,1.25831,0,38,16,63,16,16,0,0,16,63,0.00,.,.,.
2013,GIL,N,GIL_N,GIL_N_2013,GIL_N_2013,3,2,3,1,2.25,0.95743,0,38,16,63,3,3,0,0,3,86,0.50,.,.,.
2013,GIL,N,GIL_N,GIL_N_2013,GIL_N_2013,2,3,2,2,2.25,0.50000,0,63,16,3,16,3,0,0,0,98,2.00,.,.,.
2013,GIL,N,GIL_N,GIL_N_2013,GIL_N_2013,1,2,2,3,2,0.81650,0,63,0,3,3,38,0,0,16,16,0.00,.,.,.
2013,GIL,N,GIL_N,GIL_N_2013,GIL_N_2013,3,1,3,1,2,1.15470,0,63,0,16,0,0,0,0,3,86,0.25,.,.,.
2013,GIL,N,GIL_N,GIL_N_2013,GIL_N_2013,1,3,1,3,2,1.15470,0,38,0,16,3,38,0,0,16,3,0.00,.,.,.
2013,GIL,N,GIL_N,GIL_N_2013,GIL_N_2013,4,1,1,2,2,1.41421,3,63,16,16,16,38,0,0,16,16,0.00,.,.,.
2013,GIL,N,GIL_N,GIL_N_2013,GIL_N_2013,1,1,4,1,1.75,1.50000,3,16,0,38,16,86,0,0,16,16,0.00,.,.,.
2013,GIL,N,GIL_N,GIL_N_2013,GIL_N_2013,1,3,1,1,1.5,1.00000,0,86,0,3,3,16,3,0,16,63,0.00,.,.,.
2013,GIL,N,GIL_N,GIL_N_2013,GIL_N_2013,1,1,1,3,1.5,1.00000,16,63,86,16,3,3,0,0,16,63,0.00,.,.,.
2013,GIL,N,GIL_N,GIL_N_2013,GIL_N_2013,2,1,1,2,1.5,0.57735,0,86,0,0,3,0,0,0,16,16,0.00,.,.,.
2013,GIL,N,GIL_N,GIL_N_2013,GIL_N_2013,1,1,0,1,0.75,0.50000,3,38,16,38,16,38,0,0,16,16,0.00,.,.,.
2013,GIL,N,GIL_N,GIL_N_2013,GIL_N_2013,1,0,1,1,0.75,0.50000,3,38,38,16,16,38,0,0,16,16,0.00,.,.,.
2013,GIL,S,GIL_S,GIL_S_2013,GIL_S_2013,20,1,20,20,15.25,9.50000,0,16,0,16,16,0,38,16,3,63,0.00,.,.,.
2013,GIL,S,GIL_S,GIL_S_2013,GIL_S_2013,20,8,6,20,13.5,7.54983,0,38,0,16,38,0,38,0,16,63,0.00,.,.,.
2013,GIL,S,GIL_S,GIL_S_2013,GIL_S_2013,5,19,9,15,12,6.21825,0,16,0,16,16,0,86,0,63,16,0.00,.,.,.
2013,GIL,S,GIL_S,GIL_S_2013,GIL_S_2013,9,7,20,9,11.25,5.90903,0,63,0,38,38,16,38,0,16,86,2.00,.,.,.
2013,GIL,S,GIL_S,GIL_S_2013,GIL_S_2013,11,6,7,20,11,6.37704,0,38,0,16,16,16,0,0,16,38,0.00,.,.,.
2013,GIL,S,GIL_S,GIL_S_2013,GIL_S_2013,7,15,9,11,10.5,3.41565,0,16,3,16,63,0,38,0,3,86,2.50,.,.,.
2013,GIL,S,GIL_S,GIL_S_2013,GIL_S_2013,10,9,10,12,10.25,1.25831,0,16,0,16,86,0,16,0,0,86,0.50,.,.,.
2013,GIL,S,GIL_S,GIL_S_2013,GIL_S_2013,20,6,9,4,9.75,7.13559,0,38,0,38,38,63,16,0,3,86,1.00,.,.,.
2013,GIL,S,GIL_S,GIL_S_2013,GIL_S_2013,6,13,6,13,9.5,4.04145,0,63,0,38,38,0,0,0,0,98,5.00,.,.,.
2013,GIL,S,GIL_S,GIL_S_2013,GIL_S_2013,9,12,7,10,9.5,2.08167,0,86,86,16,38,0,0,0,16,86,1.00,.,.,.
2013,GIL,S,GIL_S,GIL_S_2013,GIL_S_2013,20,3,7,7,9.25,7.41058,0,63,16,38,16,16,0,0,16,38,0.00,.,.,.
2013,GIL,S,GIL_S,GIL_S_2013,GIL_S_2013,5,6,6,18,8.75,6.18466,0,38,63,16,38,16,0,0,16,63,0.00,.,.,.
2013,GIL,S,GIL_S,GIL_S_2013,GIL_S_2013,5,4,7,9,6.25,2.21736,0,38,0,38,16,3,38,0,16,38,0.00,.,.,.
2013,GIL,S,GIL_S,GIL_S_2013,GIL_S_2013,6,5,5,7,5.75,0.95743,0,86,0,3,3,16,63,0,3,86,0.00,.,.,.
2013,GIL,S,GIL_S,GIL_S_2013,GIL_S_2013,5,3,5,9,5.5,2.51661,0,16,0,16,16,0,38,0,16,63,0.50,.,.,.
2013,GIL,S,GIL_S,GIL_S_2013,GIL_S_2013,5,5,5,5,5,0.00000,0,63,0,16,38,16,0,0,3,38,0.00,.,.,.
2013,GIL,S,GIL_S,GIL_S_2013,GIL_S_2013,3,5,5,5,4.5,1.00000,0,63,38,38,38,16,0,0,3,63,0.00,.,.,.
2013,GIL,S,GIL_S,GIL_S_2013,GIL_S_2013,4,5,4,5,4.5,0.57735,0,63,0,16,38,16,0,0,3,86,1.00,.,.,.
2013,GIL,S,GIL_S,GIL_S_2013,GIL_S_2013,6,5,1,1,3.25,2.62996,0,63,0,16,38,16,3,0,16,38,0.00,.,.,.
2013,GIL,S,GIL_S,GIL_S_2013,GIL_S_2013,3,3,4,2,3,0.81650,0,38,0,38,38,3,0,0,3,16,0.00,.,.,.
2013,GIL,S,GIL_S,GIL_S_2013,GIL_S_2013,3,2,2,5,3,1.41421,0,63,0,16,38,0,0,0,16,63,0.00,.,.,.
2013,GIL,S,GIL_S,GIL_S_2013,GIL_S_2013,3,2,5,2,3,1.41421,3,63,16,38,38,16,0,0,3,63,0.00,.,.,.
2013,GIL,S,GIL_S,GIL_S_2013,GIL_S_2013,4,3,2,3,3,0.81650,16,63,38,16,16,16,0,0,3,63,0.00,.,.,.
2013,GIL,S,GIL_S,GIL_S_2013,GIL_S_2013,4,3,3,1,2.75,1.25831,0,63,0,16,38,0,0,0,3,63,0.00,.,.,.
2013,GIL,S,GIL_S,GIL_S_2013,GIL_S_2013,3,3,2,3,2.75,0.50000,0,86,0,0,3,0,0,0,16,38,0.00,.,.,.
2013,GIL,S,GIL_S,GIL_S_2013,GIL_S_2013,3,2,2,1,2,0.81650,0,38,0,16,16,0,3,0,16,63,0.00,.,.,.
2013,GIL,S,GIL_S,GIL_S_2013,GIL_S_2013,3,3,1,1,2,1.15470,0,38,16,38,16,3,0,0,3,86,0.25,.,.,.
2013,GIL,S,GIL_S,GIL_S_2013,GIL_S_2013,1,2,3,1,1.75,0.95743,0,63,0,16,16,3,0,0,3,63,1.00,.,.,.
2013,GIL,S,GIL_S,GIL_S_2013,GIL_S_2013,1,1,2,2,1.5,0.57735,0,63,0,16,38,0,0,0,3,86,0.50,.,.,.
2013,GIL,S,GIL_S,GIL_S_2013,GIL_S_2013,2,1,1,1,1.25,0.50000,0,38,16,16,38,16,0,0,16,38,0.00,.,.,.
2013,KLN,C,KLN_C,KLN_C_2013,KLN_C_2013,4,5,5,4,4.5,0.57735,0,86,0,16,0,3,0,0,0,38,2.00,.,.,.
2013,KLN,C,KLN_C,KLN_C_2013,KLN_C_2013,4,4,3,4,3.75,0.50000,38,38,3,16,38,38,0,0,16,16,0.00,.,.,.
2013,KLN,C,KLN_C,KLN_C_2013,KLN_C_2013,3,4,3,4,3.5,0.57735,86,0,0,3,16,0,0,0,0,86,7.00,.,.,.
2013,KLN,C,KLN_C,KLN_C_2013,KLN_C_2013,3,3,3,3,3,0.00000,0,63,63,16,0,0,0,0,0,86,5.00,.,.,.
2013,KLN,C,KLN_C,KLN_C_2013,KLN_C_2013,2,4,3,3,3,0.81650,16,63,63,16,3,1,0,0,1,86,7.00,.,.,.
2013,KLN,C,KLN_C,KLN_C_2013,KLN_C_2013,3,3,3,3,3,0.00000,3,38,16,16,16,38,0,0,3,16,0.00,.,.,.
2013,KLN,C,KLN_C,KLN_C_2013,KLN_C_2013,2,3,3,3,2.75,0.50000,86,3,0,3,16,0,0,0,3,63,8.00,.,.,.
2013,KLN,C,KLN_C,KLN_C_2013,KLN_C_2013,2,3,3,3,2.75,0.50000,3,63,0,16,16,0,0,0,0,63,1.00,.,.,.
2013,KLN,C,KLN_C,KLN_C_2013,KLN_C_2013,3,2,3,3,2.75,0.50000,38,38,3,16,38,0,0,0,3,63,2.50,.,.,.
2013,KLN,C,KLN_C,KLN_C_2013,KLN_C_2013,4,3,1,3,2.75,1.25831,16,63,3,38,16,3,0,0,3,16,0.00,.,.,.
2013,KLN,C,KLN_C,KLN_C_2013,KLN_C_2013,2,3,2,3,2.5,0.57735,63,16,0,3,3,3,0,0,16,63,3.00,.,.,.
2013,KLN,C,KLN_C,KLN_C_2013,KLN_C_2013,2,2,3,3,2.5,0.57735,63,16,0,3,16,3,0,0,16,63,0.50,.,.,.
2013,KLN,C,KLN_C,KLN_C_2013,KLN_C_2013,2,3,3,2,2.5,0.57735,63,3,16,3,0,16,0,0,0,86,4.00,.,.,.
2013,KLN,C,KLN_C,KLN_C_2013,KLN_C_2013,2,3,3,2,2.5,0.57735,63,1,0,3,16,16,0,0,16,38,2.00,.,.,.
2013,KLN,C,KLN_C,KLN_C_2013,KLN_C_2013,3,1,3,3,2.5,1.00000,63,16,38,16,16,0,0,0,3,16,0.75,.,.,.
2013,KLN,C,KLN_C,KLN_C_2013,KLN_C_2013,2,3,2,2,2.25,0.50000,38,16,0,3,16,16,0,0,16,38,0.00,.,.,.
2013,KLN,C,KLN_C,KLN_C_2013,KLN_C_2013,2,2,3,2,2.25,0.50000,63,3,16,3,16,0,0,0,16,38,0.25,.,.,.
2013,KLN,C,KLN_C,KLN_C_2013,KLN_C_2013,1,2,2,3,2,0.81650,63,3,0,3,3,3,0,0,16,63,6.00,.,.,.
2013,KLN,C,KLN_C,KLN_C_2013,KLN_C_2013,3,2,1,2,2,0.81650,63,16,0,3,16,3,0,0,3,63,1.00,.,.,.
2013,KLN,C,KLN_C,KLN_C_2013,KLN_C_2013,1,2,2,3,2,0.81650,0,86,0,3,16,16,0,0,16,16,0.00,.,.,.
2013,KLN,C,KLN_C,KLN_C_2013,KLN_C_2013,2,2,0,3,1.75,1.25831,16,63,16,3,16,3,0,0,16,16,0.50,.,.,.
2013,KLN,C,KLN_C,KLN_C_2013,KLN_C_2013,1,2,3,1,1.75,0.95743,3,63,3,16,16,16,0,0,16,3,0.00,.,.,.
2013,KLN,C,KLN_C,KLN_C_2013,KLN_C_2013,1,3,1,1,1.5,1.00000,63,16,16,16,3,16,0,0,3,38,1.25,.,.,.
2013,KLN,C,KLN_C,KLN_C_2013,KLN_C_2013,2,1,1,2,1.5,0.57735,3,63,3,16,3,3,0,0,1,63,2.50,.,.,.
2013,KLN,C,KLN_C,KLN_C_2013,KLN_C_2013,1,1,2,1,1.25,0.50000,38,38,16,16,16,16,0,0,3,16,0.00,.,.,.
2013,KLN,C,KLN_C,KLN_C_2013,KLN_C_2013,1,1,1,2,1.25,0.50000,38,16,38,3,16,3,0,0,63,3,0.00,.,.,.
2013,KLN,C,KLN_C,KLN_C_2013,KLN_C_2013,1,2,1,1,1.25,0.50000,38,3,0,16,38,3,0,0,38,3,0.00,.,.,.
2013,KLN,C,KLN_C,KLN_C_2013,KLN_C_2013,1,1,1,1,1,0.00000,16,63,16,38,16,3,0,0,3,16,0.00,.,.,.
2013,KLN,C,KLN_C,KLN_C_2013,KLN_C_2013,1,1,1,1,1,0.00000,38,38,3,16,16,3,0,0,38,3,0.00,.,.,.
2013,KLN,C,KLN_C,KLN_C_2013,KLN_C_2013,1,1,1,1,1,0.00000,38,16,3,16,38,16,0,0,38,16,0.00,.,.,.
2013,KLN,E,KLN_E,KLN_E_2013,KLN_E_2013,3,3,4,5,3.75,0.95743,0,63,16,16,38,0,0,0,0,16,0.00,.,.,.
2013,KLN,E,KLN_E,KLN_E_2013,KLN_E_2013,3,5,3,3,3.5,1.00000,0,86,63,16,0,3,0,0,1,38,0.25,.,.,.
2013,KLN,E,KLN_E,KLN_E_2013,KLN_E_2013,3,3,3,3,3,0.00000,16,63,0,3,38,3,0,0,3,16,0.00,.,.,.
2013,KLN,E,KLN_E,KLN_E_2013,KLN_E_2013,3,2,3,3,2.75,0.50000,1,63,86,16,16,3,0,0,3,16,0.00,.,.,.
2013,KLN,E,KLN_E,KLN_E_2013,KLN_E_2013,4,2,2,3,2.75,0.95743,0,86,16,3,16,16,0,0,1,16,0.00,.,.,.
2013,KLN,E,KLN_E,KLN_E_2013,KLN_E_2013,3,3,4,1,2.75,1.25831,0,38,63,38,16,3,0,0,38,3,0.00,.,.,.
2013,KLN,E,KLN_E,KLN_E_2013,KLN_E_2013,3,1,2,2,2,0.81650,16,63,63,16,16,3,0,0,3,3,0.00,.,.,.
2013,KLN,E,KLN_E,KLN_E_2013,KLN_E_2013,2,2,2,2,2,0.00000,3,86,0,3,3,3,0,0,3,16,0.00,.,.,.
2013,KLN,E,KLN_E,KLN_E_2013,KLN_E_2013,2,2,1,2,1.75,0.50000,0,86,63,16,3,3,0,0,3,1,0.00,.,.,.
2013,KLN,E,KLN_E,KLN_E_2013,KLN_E_2013,2,1,2,2,1.75,0.50000,0,38,63,16,38,3,0,0,38,16,0.00,.,.,.
2013,KLN,E,KLN_E,KLN_E_2013,KLN_E_2013,2,2,1,1,1.5,0.57735,16,38,38,16,38,16,0,0,38,16,0.00,.,.,.
2013,KLN,E,KLN_E,KLN_E_2013,KLN_E_2013,2,1,1,2,1.5,0.57735,3,63,16,16,16,3,0,0,16,16,0.00,.,.,.
2013,KLN,E,KLN_E,KLN_E_2013,KLN_E_2013,1,1,2,2,1.5,0.57735,0,63,3,16,0,16,0,0,16,1,0.00,.,.,.
2013,KLN,E,KLN_E,KLN_E_2013,KLN_E_2013,2,1,1,2,1.5,0.57735,0,86,16,3,3,16,0,0,3,3,0.00,.,.,.
2013,KLN,E,KLN_E,KLN_E_2013,KLN_E_2013,1,1,2,1,1.25,0.50000,16,86,0,3,16,3,0,0,3,38,0.00,.,.,.
2013,KLN,E,KLN_E,KLN_E_2013,KLN_E_2013,1,1,1,2,1.25,0.50000,3,63,0,16,16,38,0,0,16,3,0.00,.,.,.
2013,KLN,E,KLN_E,KLN_E_2013,KLN_E_2013,1,1,2,1,1.25,0.50000,16,63,63,16,16,16,0,0,3,16,0.00,.,.,.
2013,KLN,E,KLN_E,KLN_E_2013,KLN_E_2013,1,1,2,1,1.25,0.50000,1,16,16,63,16,3,0,0,3,16,0.00,.,.,.
2013,KLN,E,KLN_E,KLN_E_2013,KLN_E_2013,1,1,1,1,1,0.00000,16,63,3,16,3,3,0,0,3,16,0.00,.,.,.
2013,KLN,E,KLN_E,KLN_E_2013,KLN_E_2013,1,1,1,1,1,0.00000,16,63,0,16,3,3,0,0,38,3,0.00,.,.,.
2013,KLN,E,KLN_E,KLN_E_2013,KLN_E_2013,1,1,1,1,1,0.00000,0,63,63,16,3,16,0,0,3,16,0.00,.,.,.
2013,KLN,E,KLN_E,KLN_E_2013,KLN_E_2013,1,1,1,1,1,0.00000,38,63,0,3,3,16,0,0,3,3,0.00,.,.,.
2013,KLN,E,KLN_E,KLN_E_2013,KLN_E_2013,1,1,1,0,0.75,0.50000,3,63,0,16,3,38,0,0,3,3,0.00,.,.,.
2013,KLN,E,KLN_E,KLN_E_2013,KLN_E_2013,1,1,0,1,0.75,0.50000,3,63,63,16,3,16,0,0,3,3,0.00,.,.,.
2013,KLN,E,KLN_E,KLN_E_2013,KLN_E_2013,1,0,0,1,0.5,0.57735,16,63,16,16,3,16,0,0,38,3,0.00,.,.,.
2013,KLN,E,KLN_E,KLN_E_2013,KLN_E_2013,1,0,0,0,0.25,0.50000,38,38,0,3,16,3,0,0,63,3,0.00,.,.,.
2013,KLN,E,KLN_E,KLN_E_2013,KLN_E_2013,1,0,0,0,0.25,0.50000,38,38,38,16,16,3,0,0,16,3,0.00,.,.,.
2013,KLN,E,KLN_E,KLN_E_2013,KLN_E_2013,0,0,0,0,0,0.00000,38,38,0,16,3,16,0,0,16,38,0.00,.,.,.
2013,KLN,E,KLN_E,KLN_E_2013,KLN_E_2013,0,0,0,0,0,0.00000,38,16,0,3,16,3,0,0,63,3,0.00,.,.,.
2013,KLN,E,KLN_E,KLN_E_2013,KLN_E_2013,0,0,0,0,0,0.00000,38,38,63,16,16,16,0,0,16,38,0.00,.,.,.
2013,KLN,W,KLN_W,KLN_W_2013,KLN_W_2013,2,4,4,4,3.5,1.00000,16,38,3,16,38,38,0,0,16,16,0.50,.,.,.
2013,KLN,W,KLN_W,KLN_W_2013,KLN_W_2013,4,3,3,3,3.25,0.50000,16,38,3,16,63,16,0,0,3,63,1.00,.,.,.
2013,KLN,W,KLN_W,KLN_W_2013,KLN_W_2013,5,4,1,2,3,1.82574,3,38,16,16,38,63,0,0,16,16,0.25,.,.,.
2013,KLN,W,KLN_W,KLN_W_2013,KLN_W_2013,3,3,3,2,2.75,0.50000,0,86,0,3,3,16,0,0,0,38,2.25,.,.,.
2013,KLN,W,KLN_W,KLN_W_2013,KLN_W_2013,3,4,2,1,2.5,1.29099,0,16,63,16,38,16,0,0,38,38,0.25,.,.,.
2013,KLN,W,KLN_W,KLN_W_2013,KLN_W_2013,2,2,3,3,2.5,0.57735,0,86,0,3,16,16,0,0,0,38,2.00,.,.,.
2013,KLN,W,KLN_W,KLN_W_2013,KLN_W_2013,2,2,3,3,2.5,0.57735,3,38,38,16,38,3,0,0,3,38,0.50,.,.,.
2013,KLN,W,KLN_W,KLN_W_2013,KLN_W_2013,1,1,2,5,2.25,1.89297,16,38,16,16,38,63,0,0,16,3,0.00,.,.,.
2013,KLN,W,KLN_W,KLN_W_2013,KLN_W_2013,2,2,3,2,2.25,0.50000,3,63,0,3,16,38,0,0,3,38,1.00,.,.,.
2013,KLN,W,KLN_W,KLN_W_2013,KLN_W_2013,1,2,3,2,2,0.81650,38,38,3,16,38,16,0,0,16,3,0.00,.,.,.
2013,KLN,W,KLN_W,KLN_W_2013,KLN_W_2013,2,1,3,2,2,0.81650,0,63,0,3,16,16,0,0,3,16,0.00,.,.,.
2013,KLN,W,KLN_W,KLN_W_2013,KLN_W_2013,3,1,2,2,2,0.81650,3,63,16,3,16,16,0,0,16,38,0.25,.,.,.
2013,KLN,W,KLN_W,KLN_W_2013,KLN_W_2013,2,2,1,3,2,0.81650,0,86,0,3,3,3,0,0,0,63,2.00,.,.,.
2013,KLN,W,KLN_W,KLN_W_2013,KLN_W_2013,1,3,2,1,1.75,0.95743,3,63,0,3,3,38,0,0,3,38,1.00,.,.,.
2013,KLN,W,KLN_W,KLN_W_2013,KLN_W_2013,1,2,3,1,1.75,0.95743,38,38,0,3,38,16,0,0,16,16,0.25,.,.,.
2013,KLN,W,KLN_W,KLN_W_2013,KLN_W_2013,2,2,1,1,1.5,0.57735,63,16,0,3,16,3,0,0,38,16,0.00,.,.,.
2013,KLN,W,KLN_W,KLN_W_2013,KLN_W_2013,2,1,1,2,1.5,0.57735,0,63,0,3,16,38,0,0,3,38,0.25,.,.,.
2013,KLN,W,KLN_W,KLN_W_2013,KLN_W_2013,1,2,1,2,1.5,0.57735,3,63,0,3,16,16,0,0,16,38,0.50,.,.,.
2013,KLN,W,KLN_W,KLN_W_2013,KLN_W_2013,3,1,1,1,1.5,1.00000,0,38,0,3,16,38,0,0,16,16,0.50,.,.,.
2013,KLN,W,KLN_W,KLN_W_2013,KLN_W_2013,2,1,2,1,1.5,0.57735,63,16,0,3,3,16,0,0,38,3,0.00,.,.,.
2013,KLN,W,KLN_W,KLN_W_2013,KLN_W_2013,1,2,2,1,1.5,0.57735,0,63,16,16,16,3,3,0,0,63,2.50,.,.,.
2013,KLN,W,KLN_W,KLN_W_2013,KLN_W_2013,1,2,1,2,1.5,0.57735,3,38,16,16,16,16,0,0,16,38,0.25,.,.,.
2013,KLN,W,KLN_W,KLN_W_2013,KLN_W_2013,1,1,2,2,1.5,0.57735,3,38,38,16,63,0,0,0,3,16,0.25,.,.,.
2013,KLN,W,KLN_W,KLN_W_2013,KLN_W_2013,1,1,1,2,1.25,0.50000,3,38,3,16,38,16,0,0,16,3,0.50,.,.,.
2013,KLN,W,KLN_W,KLN_W_2013,KLN_W_2013,1,2,1,1,1.25,0.50000,38,16,16,3,16,38,0,0,38,16,0.00,.,.,.
2013,KLN,W,KLN_W,KLN_W_2013,KLN_W_2013,1,1,1,1,1,0.00000,0,63,63,38,16,38,0,0,3,16,0.25,.,.,.
2013,KLN,W,KLN_W,KLN_W_2013,KLN_W_2013,1,1,1,1,1,0.00000,38,16,0,3,16,63,0,0,16,16,0.00,.,.,.
2013,KLN,W,KLN_W,KLN_W_2013,KLN_W_2013,1,1,1,1,1,0.00000,38,38,38,16,16,3,0,0,16,38,0.00,.,.,.
2013,KLN,W,KLN_W,KLN_W_2013,KLN_W_2013,1,1,1,1,1,0.00000,3,63,16,16,38,3,0,0,0,63,1.00,.,.,.
2013,KLN,W,KLN_W,KLN_W_2013,KLN_W_2013,0,0,1,0,0.25,0.50000,38,3,16,3,38,16,0,0,63,16,0.00,.,.,.
2013,KLT,E,KLT_E,KLT_E_2013,KLT_E_2013,20,10,8,15,13.25,5.37742,0,0,0,16,63,0,63,0,16,38,0.00,.,.,.
2013,KLT,E,KLT_E,KLT_E_2013,KLT_E_2013,10,10,9,11,10.00,0.81650,16,0,0,3,86,0,0,0,16,38,0.00,.,.,.
2013,KLT,E,KLT_E,KLT_E_2013,KLT_E_2013,9,9,7,9,8.50,1.00000,38,0,0,0,38,38,0,0,0,86,1.00,.,.,.
2013,KLT,E,KLT_E,KLT_E_2013,KLT_E_2013,8,8,9,8,8.25,0.50000,38,0,0,3,86,16,0,0,1,86,2.00,.,.,.
2013,KLT,E,KLT_E,KLT_E_2013,KLT_E_2013,7,9,8,8,8.00,0.81650,38,0,0,3,16,63,0,0,0,86,0.50,.,.,.
2013,KLT,E,KLT_E,KLT_E_2013,KLT_E_2013,10,8,4,8,7.50,2.51661,0,16,63,38,86,0,0,3,3,86,1.00,.,.,.
2013,KLT,E,KLT_E,KLT_E_2013,KLT_E_2013,8,8,6,7,7.25,0.95743,0,0,0,63,86,0,0,0,16,63,0.00,.,.,.
2013,KLT,E,KLT_E,KLT_E_2013,KLT_E_2013,8,7,6,7,7.00,0.81650,63,0,0,16,63,16,0,0,0,63,0.00,.,.,.
2013,KLT,E,KLT_E,KLT_E_2013,KLT_E_2013,6,6,10,6,7.00,2.00000,86,0,0,3,38,16,0,0,1,63,0.25,.,.,.
2013,KLT,E,KLT_E,KLT_E_2013,KLT_E_2013,6,7,7,7,6.75,0.50000,63,0,0,3,63,3,0,0,3,86,0.00,.,.,.
2013,KLT,E,KLT_E,KLT_E_2013,KLT_E_2013,7,6,7,6,6.50,0.57735,38,0,0,3,63,16,0,0,3,86,0.00,.,.,.
2013,KLT,E,KLT_E,KLT_E_2013,KLT_E_2013,6,6,6,7,6.25,0.50000,0,0,0,38,63,0,0,0,3,86,0.50,.,.,.
2013,KLT,E,KLT_E,KLT_E_2013,KLT_E_2013,7,6,6,6,6.25,0.50000,0,0,38,38,63,3,16,0,16,63,0.50,.,.,.
2013,KLT,E,KLT_E,KLT_E_2013,KLT_E_2013,6,5,7,6,6.00,0.81650,63,0,0,3,16,63,0,0,3,86,1.00,.,.,.
2013,KLT,E,KLT_E,KLT_E_2013,KLT_E_2013,5,5,7,7,6.00,1.15470,86,0,0,3,38,16,0,0,3,86,0.00,.,.,.
2013,KLT,E,KLT_E,KLT_E_2013,KLT_E_2013,5,6,6,6,5.75,0.50000,16,0,0,16,38,63,0,0,3,86,0.50,.,.,.
2013,KLT,E,KLT_E,KLT_E_2013,KLT_E_2013,6,5,6,6,5.75,0.50000,86,0,0,0,38,16,0,0,16,63,0.00,.,.,.
2013,KLT,E,KLT_E,KLT_E_2013,KLT_E_2013,6,5,5,6,5.50,0.57735,38,0,0,3,63,38,0,0,0,86,0.50,.,.,.
2013,KLT,E,KLT_E,KLT_E_2013,KLT_E_2013,5,6,5,5,5.25,0.50000,38,16,0,38,16,38,0,0,3,63,0.00,.,.,.
2013,KLT,E,KLT_E,KLT_E_2013,KLT_E_2013,5,6,5,5,5.25,0.50000,86,0,86,3,16,38,0,0,3,86,0.50,.,.,.
2013,KLT,E,KLT_E,KLT_E_2013,KLT_E_2013,5,5,5,5,5.00,0.00000,86,0,0,0,16,16,0,0,16,63,0.00,.,.,.
2013,KLT,E,KLT_E,KLT_E_2013,KLT_E_2013,5,5,5,5,5.00,0.00000,86,0,0,0,38,3,0,0,16,63,0.00,.,.,.
2013,KLT,E,KLT_E,KLT_E_2013,KLT_E_2013,5,4,5,6,5.00,0.81650,3,0,0,38,38,0,0,0,16,63,0.00,.,.,.
2013,KLT,E,KLT_E,KLT_E_2013,KLT_E_2013,6,3,4,6,4.75,1.50000,63,0,0,0,16,63,0,0,3,63,0.00,.,.,.
2013,KLT,E,KLT_E,KLT_E_2013,KLT_E_2013,4,4,5,4,4.25,0.50000,86,0,0,0,16,3,0,0,16,63,0.00,.,.,.
2013,KLT,E,KLT_E,KLT_E_2013,KLT_E_2013,4,4,3,3,3.50,0.57735,63,0,0,0,3,3,0,0,38,38,0.00,.,.,.
2013,KLT,E,KLT_E,KLT_E_2013,KLT_E_2013,3,2,3,3,2.75,0.50000,3,3,38,38,38,16,0,0,16,63,0.00,.,.,.
2013,KLT,E,KLT_E,KLT_E_2013,KLT_E_2013,3,2,3,2,2.50,0.57735,0,0,16,38,86,3,0,0,16,38,0.00,.,.,.
2013,KLT,E,KLT_E,KLT_E_2013,KLT_E_2013,3,2,1,2,2.00,0.81650,0,0,0,38,16,0,0,0,38,16,0.00,.,.,.
2013,KLT,E,KLT_E,KLT_E_2013,KLT_E_2013,2,2,2,2,2.00,0.00000,38,16,0,16,16,16,0,0,16,63,0.00,.,.,.
2013,KLT,S,KLT_S,KLT_S_2013,KLT_S_2013,18,17,17,18,17.50,0.57735,0,0,16,63,63,3,0,0,16,86,0.00,.,.,.
2013,KLT,S,KLT_S,KLT_S_2013,KLT_S_2013,14,8,12,16,12.50,3.41565,0,0,16,63,3,0,0,0,38,63,2.50,.,.,.
2013,KLT,S,KLT_S,KLT_S_2013,KLT_S_2013,9,8,19,9,11.25,5.18813,0,38,38,38,63,0,0,0,0,98,0.25,.,.,.
2013,KLT,S,KLT_S,KLT_S_2013,KLT_S_2013,12,11,12,8,10.75,1.89297,0,0,0,98,3,3,0,0,0,98,0.50,.,.,.
2013,KLT,S,KLT_S,KLT_S_2013,KLT_S_2013,7,7,9,12,8.75,2.36291,0,0,0,3,16,0,86,0,38,38,0.00,.,.,.
2013,KLT,S,KLT_S,KLT_S_2013,KLT_S_2013,9,9,8,7,8.25,0.95743,63,3,0,0,86,16,3,0,16,63,0.00,.,.,.
2013,KLT,S,KLT_S,KLT_S_2013,KLT_S_2013,12,8,7,5,8.00,2.94392,0,0,16,98,3,0,0,0,3,86,0.00,.,.,.
2013,KLT,S,KLT_S,KLT_S_2013,KLT_S_2013,7,6,8,10,7.75,1.70783,63,0,0,0,63,16,0,0,0,98,2.50,.,.,.
2013,KLT,S,KLT_S,KLT_S_2013,KLT_S_2013,6,7,8,9,7.50,1.29099,86,0,0,0,38,3,0,0,3,86,2.00,.,.,.
2013,KLT,S,KLT_S,KLT_S_2013,KLT_S_2013,7,8,7,7,7.25,0.50000,86,0,0,16,16,0,0,0,0,86,0.25,.,.,.
2013,KLT,S,KLT_S,KLT_S_2013,KLT_S_2013,9,6,6,7,7.00,1.41421,63,0,0,0,63,16,0,0,3,86,0.00,.,.,.
2013,KLT,S,KLT_S,KLT_S_2013,KLT_S_2013,7,6,8,7,7.00,0.81650,16,0,0,63,86,3,0,0,3,86,0.50,.,.,.
2013,KLT,S,KLT_S,KLT_S_2013,KLT_S_2013,6,8,7,6,6.75,0.95743,0,0,98,16,16,16,0,0,3,86,3.00,.,.,.
2013,KLT,S,KLT_S,KLT_S_2013,KLT_S_2013,7,5,7,8,6.75,1.25831,63,16,86,16,38,0,0,0,3,86,2.00,.,.,.
2013,KLT,S,KLT_S,KLT_S_2013,KLT_S_2013,8,6,6,6,6.50,1.00000,0,3,16,38,63,38,0,0,3,86,1.50,.,.,.
2013,KLT,S,KLT_S,KLT_S_2013,KLT_S_2013,8,6,6,6,6.50,1.00000,38,3,38,38,63,16,16,0,16,63,0.00,.,.,.
2013,KLT,S,KLT_S,KLT_S_2013,KLT_S_2013,6,6,6,6,6.00,0.00000,86,0,86,16,16,16,0,0,3,63,0.00,.,.,.
2013,KLT,S,KLT_S,KLT_S_2013,KLT_S_2013,6,6,5,7,6.00,0.81650,63,16,0,0,16,3,0,0,16,63,0.50,.,.,.
2013,KLT,S,KLT_S,KLT_S_2013,KLT_S_2013,6,4,6,7,5.75,1.25831,0,38,63,38,38,0,0,3,0,98,3.00,.,.,.
2013,KLT,S,KLT_S,KLT_S_2013,KLT_S_2013,6,6,5,6,5.75,0.50000,63,3,0,16,16,3,3,0,16,63,3.00,.,.,.
2013,KLT,S,KLT_S,KLT_S_2013,KLT_S_2013,5,6,6,6,5.75,0.50000,86,3,0,0,16,3,0,0,3,86,0.00,.,.,.
2013,KLT,S,KLT_S,KLT_S_2013,KLT_S_2013,5,7,6,5,5.75,0.95743,63,16,38,3,38,3,0,0,38,38,0.00,.,.,.
2013,KLT,S,KLT_S,KLT_S_2013,KLT_S_2013,4,4,6,8,5.50,1.91485,0,16,16,38,16,38,0,0,16,63,0.00,.,.,.
2013,KLT,S,KLT_S,KLT_S_2013,KLT_S_2013,6,5,6,5,5.50,0.57735,86,0,16,16,16,3,0,0,16,63,0.50,.,.,.
2013,KLT,S,KLT_S,KLT_S_2013,KLT_S_2013,6,6,5,5,5.50,0.57735,63,16,0,86,16,1,0,0,16,63,0.00,.,.,.
2013,KLT,S,KLT_S,KLT_S_2013,KLT_S_2013,4,4,4,8,5.00,2.00000,86,0,0,0,16,16,0,0,16,86,0.00,.,.,.
2013,KLT,S,KLT_S,KLT_S_2013,KLT_S_2013,5,4,5,6,5.00,0.81650,86,3,86,16,16,3,0,0,16,86,1.00,.,.,.
2013,KLT,S,KLT_S,KLT_S_2013,KLT_S_2013,5,5,5,5,5.00,0.00000,63,3,16,16,38,0,0,0,16,86,0.00,.,.,.
2013,KLT,S,KLT_S,KLT_S_2013,KLT_S_2013,5,4,4,5,4.50,0.57735,38,16,16,16,16,3,0,0,38,63,0.00,.,.,.
2013,KLT,S,KLT_S,KLT_S_2013,KLT_S_2013,5,3,3,4,3.75,0.95743,63,0,0,0,3,16,0,0,38,38,0.00,.,.,.
2013,KLT,W,KLT_W,KLT_W_2013,KLT_W_2013,16,14,20,12,15.50,3.41565,0,3,98,16,86,0,0,0,16,63,0.00,.,.,.
2013,KLT,W,KLT_W,KLT_W_2013,KLT_W_2013,16,18,10,10,13.50,4.12311,63,0,0,0,86,0,0,0,3,63,0.00,.,.,.
2013,KLT,W,KLT_W,KLT_W_2013,KLT_W_2013,12,12,12,13,12.25,0.50000,0,0,0,16,86,38,0,0,16,38,0.00,.,.,.
2013,KLT,W,KLT_W,KLT_W_2013,KLT_W_2013,10,9,10,9,9.50,0.57735,0,0,38,38,63,0,0,0,16,86,0.00,.,.,.
2013,KLT,W,KLT_W,KLT_W_2013,KLT_W_2013,10,8,9,9,9.00,0.81650,16,0,0,3,38,63,0,0,1,86,0.25,.,.,.
2013,KLT,W,KLT_W,KLT_W_2013,KLT_W_2013,7,6,8,10,7.75,1.70783,63,16,86,16,38,16,0,0,16,86,0.00,.,.,.
2013,KLT,W,KLT_W,KLT_W_2013,KLT_W_2013,5,8,8,7,7.00,1.41421,63,0,0,0,63,38,0,0,3,98,3.00,.,.,.
2013,KLT,W,KLT_W,KLT_W_2013,KLT_W_2013,6,6,7,9,7.00,1.41421,63,0,0,3,63,38,0,0,0,86,0.25,.,.,.
2013,KLT,W,KLT_W,KLT_W_2013,KLT_W_2013,7,8,7,6,7.00,0.81650,86,0,0,0,16,63,0,0,0,98,3.00,.,.,.
2013,KLT,W,KLT_W,KLT_W_2013,KLT_W_2013,7,6,7,6,6.50,0.57735,3,0,0,38,63,16,0,0,3,86,0.00,.,.,.
2013,KLT,W,KLT_W,KLT_W_2013,KLT_W_2013,5,4,4,12,6.25,3.86221,86,0,0,0,16,0,0,0,3,63,0.00,.,.,.
2013,KLT,W,KLT_W,KLT_W_2013,KLT_W_2013,7,6,6,6,6.25,0.50000,63,0,0,3,38,16,3,0,3,63,0.00,.,.,.
2013,KLT,W,KLT_W,KLT_W_2013,KLT_W_2013,6,7,6,6,6.25,0.50000,86,0,0,0,16,38,0,0,3,86,3.00,.,.,.
2013,KLT,W,KLT_W,KLT_W_2013,KLT_W_2013,6,6,6,6,6.00,0.00000,63,0,0,3,63,3,0,0,1,86,0.50,.,.,.
2013,KLT,W,KLT_W,KLT_W_2013,KLT_W_2013,6,6,6,6,6.00,0.00000,86,0,0,3,16,38,0,0,16,63,0.00,.,.,.
2013,KLT,W,KLT_W,KLT_W_2013,KLT_W_2013,5,7,6,6,6.00,0.81650,86,0,0,0,16,16,0,0,16,63,0.00,.,.,.
2013,KLT,W,KLT_W,KLT_W_2013,KLT_W_2013,5,6,5,6,5.50,0.57735,63,0,0,3,38,3,0,0,16,38,0.00,.,.,.
2013,KLT,W,KLT_W,KLT_W_2013,KLT_W_2013,5,6,6,4,5.25,0.95743,16,0,38,38,63,0,0,0,16,63,0.00,.,.,.
2013,KLT,W,KLT_W,KLT_W_2013,KLT_W_2013,5,5,5,6,5.25,0.50000,86,0,0,0,16,16,0,0,16,63,0.00,.,.,.
2013,KLT,W,KLT_W,KLT_W_2013,KLT_W_2013,5,5,5,5,5.00,0.00000,86,0,0,16,16,0,0,0,3,38,0.00,.,.,.
2013,KLT,W,KLT_W,KLT_W_2013,KLT_W_2013,5,4,4,5,4.50,0.57735,38,0,3,38,16,0,0,0,3,63,0.00,.,.,.
2013,KLT,W,KLT_W,KLT_W_2013,KLT_W_2013,4,5,4,5,4.50,0.57735,86,0,98,3,38,3,0,0,3,63,0.00,.,.,.
2013,KLT,W,KLT_W,KLT_W_2013,KLT_W_2013,3,5,5,5,4.50,1.00000,86,0,0,0,16,16,0,0,16,38,0.00,.,.,.
2013,KLT,W,KLT_W,KLT_W_2013,KLT_W_2013,5,4,5,4,4.50,0.57735,86,0,0,0,16,16,0,0,16,63,0.00,.,.,.
2013,KLT,W,KLT_W,KLT_W_2013,KLT_W_2013,4,4,4,6,4.50,1.00000,86,0,0,0,3,16,0,0,16,63,0.00,.,.,.
2013,KLT,W,KLT_W,KLT_W_2013,KLT_W_2013,5,3,4,5,4.25,0.95743,63,0,86,38,38,0,0,0,3,63,0.00,.,.,.
2013,KLT,W,KLT_W,KLT_W_2013,KLT_W_2013,4,4,4,4,4.00,0.00000,86,0,0,0,38,0,0,0,16,63,0.00,.,.,.
2013,KLT,W,KLT_W,KLT_W_2013,KLT_W_2013,4,4,3,4,3.75,0.50000,86,3,86,3,16,0,0,0,16,63,0.25,.,.,.
2013,KLT,W,KLT_W,KLT_W_2013,KLT_W_2013,4,3,3,4,3.50,0.57735,86,0,86,16,0,0,0,0,16,63,0.00,.,.,.
2013,KLT,W,KLT_W,KLT_W_2013,KLT_W_2013,2,4,4,3,3.25,0.95743,63,0,0,0,3,0,0,0,38,16,0.00,.,.,.
2013,LTR,C,LTR_C,LTR_C_2013,LTR_C_2013,7,7,8,8,7.5,0.57735,16,16,3,38,38,0,63,0,16,3,0.00,.,.,.
2013,LTR,C,LTR_C,LTR_C_2013,LTR_C_2013,7,7,8,8,7.5,0.57735,3,38,16,38,86,0,0,0,0,38,3.00,.,.,.
2013,LTR,C,LTR_C,LTR_C_2013,LTR_C_2013,7,8,7,6,7,0.81650,16,16,38,16,63,38,38,3,16,3,0.25,.,.,.
2013,LTR,C,LTR_C,LTR_C_2013,LTR_C_2013,6,5,4,5,5,0.81650,16,38,16,38,63,0,0,0,3,16,0.25,.,.,.
2013,LTR,C,LTR_C,LTR_C_2013,LTR_C_2013,4,3,6,6,4.75,1.50000,16,38,0,38,38,0,63,0,1,38,0.75,.,.,.
2013,LTR,C,LTR_C,LTR_C_2013,LTR_C_2013,7,4,4,4,4.75,1.50000,3,3,16,38,38,3,38,0,16,3,0.00,.,.,.
2013,LTR,C,LTR_C,LTR_C_2013,LTR_C_2013,5,7,3,3,4.5,1.91485,3,63,3,16,16,3,0,0,38,3,0.00,.,.,.
2013,LTR,C,LTR_C,LTR_C_2013,LTR_C_2013,6,5,4,2,4.25,1.70783,38,16,3,38,16,3,3,0,38,3,0.00,.,.,.
2013,LTR,C,LTR_C,LTR_C_2013,LTR_C_2013,3,6,3,5,4.25,1.50000,3,3,3,38,3,1,38,0,16,3,0.00,.,.,.
2013,LTR,C,LTR_C,LTR_C_2013,LTR_C_2013,3,5,4,3,3.75,0.95743,16,3,3,16,16,3,38,0,16,3,0.00,.,.,.
2013,LTR,C,LTR_C,LTR_C_2013,LTR_C_2013,3,3,5,3,3.5,1.00000,0,63,16,38,16,0,16,0,3,16,0.50,.,.,.
2013,LTR,C,LTR_C,LTR_C_2013,LTR_C_2013,5,3,1,5,3.5,1.91485,0,86,0,16,0,3,0,0,1,38,1.00,.,.,.
2013,LTR,C,LTR_C,LTR_C_2013,LTR_C_2013,3,3,3,4,3.25,0.50000,38,16,3,16,38,3,16,0,38,0,0.00,.,.,.
2013,LTR,C,LTR_C,LTR_C_2013,LTR_C_2013,3,1,3,6,3.25,2.06155,3,38,3,38,0,3,38,0,3,38,1.25,.,.,.
2013,LTR,C,LTR_C,LTR_C_2013,LTR_C_2013,3,3,3,4,3.25,0.50000,16,63,38,38,3,0,0,0,1,16,0.50,.,.,.
2013,LTR,C,LTR_C,LTR_C_2013,LTR_C_2013,4,3,2,4,3.25,0.95743,38,16,16,63,38,0,0,0,16,16,0.25,.,.,.
2013,LTR,C,LTR_C,LTR_C_2013,LTR_C_2013,4,3,3,2,3,0.81650,16,38,0,16,16,16,3,0,16,0,0.00,.,.,.
2013,LTR,C,LTR_C,LTR_C_2013,LTR_C_2013,4,3,3,2,3,0.81650,3,16,3,16,16,0,0,0,3,63,1.00,.,.,.
2013,LTR,C,LTR_C,LTR_C_2013,LTR_C_2013,3,3,3,3,3,0.00000,38,3,16,38,16,0,16,0,16,3,0.00,.,.,.
2013,LTR,C,LTR_C,LTR_C_2013,LTR_C_2013,3,2,4,3,3,0.81650,16,38,3,38,38,0,0,0,16,16,0.25,.,.,.
2013,LTR,C,LTR_C,LTR_C_2013,LTR_C_2013,1,4,3,3,2.75,1.25831,3,16,16,38,38,3,0,0,3,16,0.25,.,.,.
2013,LTR,C,LTR_C,LTR_C_2013,LTR_C_2013,5,2,2,2,2.75,1.50000,3,38,63,38,16,3,0,0,16,16,1.00,.,.,.
2013,LTR,C,LTR_C,LTR_C_2013,LTR_C_2013,3,3,3,1,2.5,1.00000,16,38,38,63,16,0,3,0,3,16,0.25,.,.,.
2013,LTR,C,LTR_C,LTR_C_2013,LTR_C_2013,1,4,3,1,2.25,1.50000,3,3,3,38,3,3,0,0,63,0,0.00,.,.,.
2013,LTR,C,LTR_C,LTR_C_2013,LTR_C_2013,3,2,2,2,2.25,0.50000,3,63,38,38,3,16,0,0,3,16,0.25,.,.,.
2013,LTR,C,LTR_C,LTR_C_2013,LTR_C_2013,2,3,2,2,2.25,0.50000,0,63,16,38,16,3,0,0,3,16,0.00,.,.,.
2013,LTR,C,LTR_C,LTR_C_2013,LTR_C_2013,3,2,2,1,2,0.81650,38,16,63,38,16,3,3,0,38,3,0.00,.,.,.
2013,LTR,C,LTR_C,LTR_C_2013,LTR_C_2013,1,1,1,1,1,0.00000,3,38,38,63,3,3,0,0,38,3,0.00,.,.,.
2013,LTR,C,LTR_C,LTR_C_2013,LTR_C_2013,1,1,1,1,1,0.00000,3,63,16,3,16,0,0,0,16,3,0.00,.,.,.
2013,LTR,C,LTR_C,LTR_C_2013,LTR_C_2013,1,1,1,1,1,0.00000,3,38,3,63,16,0,3,0,3,38,0.50,.,.,.
2013,LTR,E,LTR_E,LTR_E_2013,LTR_E_2013,8,8,6,6,7,1.15470,0,38,16,16,38,16,38,0,3,3,0.00,.,.,.
2013,LTR,E,LTR_E,LTR_E_2013,LTR_E_2013,5,5,6,6,5.5,0.57735,16,63,3,16,38,3,0,0,0,38,1.75,.,.,.
2013,LTR,E,LTR_E,LTR_E_2013,LTR_E_2013,6,7,4,4,5.25,1.50000,16,38,38,38,38,0,0,0,1,16,1.50,.,.,.
2013,LTR,E,LTR_E,LTR_E_2013,LTR_E_2013,4,4,7,5,5,1.41421,3,63,16,38,16,3,0,0,3,16,0.50,.,.,.
2013,LTR,E,LTR_E,LTR_E_2013,LTR_E_2013,5,3,7,5,5,1.63299,16,38,16,16,38,38,0,0,3,16,0.25,.,.,.
2013,LTR,E,LTR_E,LTR_E_2013,LTR_E_2013,3,3,6,7,4.75,2.06155,16,38,16,38,38,16,0,0,3,3,0.25,.,.,.
2013,LTR,E,LTR_E,LTR_E_2013,LTR_E_2013,3,6,5,5,4.75,1.25831,3,38,3,38,16,3,0,0,3,3,0.00,.,.,.
2013,LTR,E,LTR_E,LTR_E_2013,LTR_E_2013,4,3,5,5,4.25,0.95743,3,16,38,63,63,3,0,0,16,3,0.00,.,.,.
2013,LTR,E,LTR_E,LTR_E_2013,LTR_E_2013,6,3,3,4,4,1.41421,16,16,38,63,16,3,0,0,0,38,1.50,.,.,.
2013,LTR,E,LTR_E,LTR_E_2013,LTR_E_2013,3,5,3,4,3.75,0.95743,0,38,3,38,3,3,16,0,16,3,0.00,.,.,.
2013,LTR,E,LTR_E,LTR_E_2013,LTR_E_2013,3,4,4,4,3.75,0.50000,16,38,63,38,16,3,3,0,3,3,0.00,.,.,.
2013,LTR,E,LTR_E,LTR_E_2013,LTR_E_2013,3,4,5,3,3.75,0.95743,16,38,16,38,16,3,0,0,0,38,1.25,.,.,.
2013,LTR,E,LTR_E,LTR_E_2013,LTR_E_2013,3,5,4,3,3.75,0.95743,16,38,3,38,38,16,0,0,16,3,0.00,.,.,.
2013,LTR,E,LTR_E,LTR_E_2013,LTR_E_2013,3,3,5,3,3.5,1.00000,38,38,16,38,3,3,0,0,3,3,0.25,.,.,.
2013,LTR,E,LTR_E,LTR_E_2013,LTR_E_2013,4,5,1,4,3.5,1.73205,0,16,38,63,16,3,0,0,3,16,0.00,.,.,.
2013,LTR,E,LTR_E,LTR_E_2013,LTR_E_2013,3,3,5,3,3.5,1.00000,0,63,16,16,38,0,0,0,3,38,1.00,.,.,.
2013,LTR,E,LTR_E,LTR_E_2013,LTR_E_2013,4,4,3,3,3.5,0.57735,16,63,3,16,16,38,0,0,16,16,0.75,.,.,.
2013,LTR,E,LTR_E,LTR_E_2013,LTR_E_2013,3,3,4,4,3.5,0.57735,38,38,16,16,63,0,0,0,16,3,0.00,.,.,.
2013,LTR,E,LTR_E,LTR_E_2013,LTR_E_2013,3,2,2,6,3.25,1.89297,16,38,16,16,38,16,0,0,16,3,0.00,.,.,.
2013,LTR,E,LTR_E,LTR_E_2013,LTR_E_2013,3,3,3,3,3,0.00000,16,38,16,38,16,16,0,0,16,3,0.00,.,.,.
2013,LTR,E,LTR_E,LTR_E_2013,LTR_E_2013,4,3,2,3,3,0.81650,3,38,38,16,16,3,0,0,38,3,0.00,.,.,.
2013,LTR,E,LTR_E,LTR_E_2013,LTR_E_2013,2,2,3,4,2.75,0.95743,3,63,38,38,16,38,0,0,3,16,0.25,.,.,.
2013,LTR,E,LTR_E,LTR_E_2013,LTR_E_2013,5,1,1,3,2.5,1.91485,16,38,16,38,3,3,0,0,3,16,0.25,.,.,.
2013,LTR,E,LTR_E,LTR_E_2013,LTR_E_2013,3,3,2,2,2.5,0.57735,0,63,16,38,16,0,0,0,3,16,0.25,.,.,.
2013,LTR,E,LTR_E,LTR_E_2013,LTR_E_2013,2,2,3,2,2.25,0.50000,0,38,3,38,16,3,0,0,3,16,0.00,.,.,.
2013,LTR,E,LTR_E,LTR_E_2013,LTR_E_2013,2,2,2,3,2.25,0.50000,16,16,16,38,38,38,0,0,16,3,0.00,.,.,.
2013,LTR,E,LTR_E,LTR_E_2013,LTR_E_2013,2,1,3,2,2,0.81650,3,38,63,63,3,16,0,0,0,16,0.50,.,.,.
2013,LTR,E,LTR_E,LTR_E_2013,LTR_E_2013,1,2,1,3,1.75,0.95743,38,16,16,38,38,16,0,0,3,3,0.00,.,.,.
2013,LTR,E,LTR_E,LTR_E_2013,LTR_E_2013,4,1,1,1,1.75,1.50000,16,38,16,63,16,16,0,0,3,3,0.00,.,.,.
2013,LTR,E,LTR_E,LTR_E_2013,LTR_E_2013,3,1,2,1,1.75,0.95743,0,38,16,16,3,3,0,0,63,3,0.00,.,.,.
2013,LTR,W,LTR_W,LTR_W_2013,LTR_W_2013,5,6,7,5,5.75,0.95743,0,63,16,16,38,3,16,0,16,3,0.00,.,.,.
2013,LTR,W,LTR_W,LTR_W_2013,LTR_W_2013,5,3,4,5,4.25,0.95743,16,3,38,38,63,38,0,0,16,3,0.00,.,.,.
2013,LTR,W,LTR_W,LTR_W_2013,LTR_W_2013,5,5,4,3,4.25,0.95743,63,1,16,38,16,16,0,0,0,38,0.75,.,.,.
2013,LTR,W,LTR_W,LTR_W_2013,LTR_W_2013,6,4,3,3,4,1.41421,63,3,63,38,38,0,3,0,3,3,0.00,.,.,.
2013,LTR,W,LTR_W,LTR_W_2013,LTR_W_2013,3,6,3,3,3.75,1.50000,38,3,63,63,38,0,0,0,3,16,0.50,.,.,.
2013,LTR,W,LTR_W,LTR_W_2013,LTR_W_2013,5,5,3,2,3.75,1.50000,63,3,38,38,38,0,16,0,3,16,0.50,.,.,.
2013,LTR,W,LTR_W,LTR_W_2013,LTR_W_2013,3,4,5,3,3.75,0.95743,63,16,38,16,38,3,0,38,16,16,0.00,.,.,.
2013,LTR,W,LTR_W,LTR_W_2013,LTR_W_2013,4,3,3,3,3.25,0.50000,63,16,63,16,38,16,3,0,16,3,0.00,.,.,.
2013,LTR,W,LTR_W,LTR_W_2013,LTR_W_2013,2,4,4,3,3.25,0.95743,38,16,63,16,63,16,0,3,16,16,0.00,.,.,.
2013,LTR,W,LTR_W,LTR_W_2013,LTR_W_2013,4,3,3,3,3.25,0.50000,63,16,38,16,16,0,0,0,3,16,0.00,.,.,.
2013,LTR,W,LTR_W,LTR_W_2013,LTR_W_2013,3,4,2,3,3,0.81650,63,3,38,16,38,63,0,0,38,3,0.00,.,.,.
2013,LTR,W,LTR_W,LTR_W_2013,LTR_W_2013,3,3,3,3,3,0.00000,16,38,38,38,38,63,0,0,16,3,0.00,.,.,.
2013,LTR,W,LTR_W,LTR_W_2013,LTR_W_2013,3,1,6,1,2.75,2.36291,38,16,3,38,16,3,0,0,63,0,0.00,.,.,.
2013,LTR,W,LTR_W,LTR_W_2013,LTR_W_2013,2,3,3,3,2.75,0.50000,63,3,38,38,16,0,0,16,3,16,0.25,.,.,.
2013,LTR,W,LTR_W,LTR_W_2013,LTR_W_2013,1,3,3,3,2.5,1.00000,38,3,63,38,38,3,0,0,16,3,0.00,.,.,.
2013,LTR,W,LTR_W,LTR_W_2013,LTR_W_2013,3,2,1,4,2.5,1.29099,63,16,63,38,38,0,0,0,63,3,0.00,.,.,.
2013,LTR,W,LTR_W,LTR_W_2013,LTR_W_2013,2,3,2,2,2.25,0.50000,3,63,3,16,3,0,0,0,3,16,0.25,.,.,.
2013,LTR,W,LTR_W,LTR_W_2013,LTR_W_2013,2,1,3,3,2.25,0.95743,38,3,16,38,16,3,16,0,16,3,0.25,.,.,.
2013,LTR,W,LTR_W,LTR_W_2013,LTR_W_2013,1,3,3,2,2.25,0.95743,63,1,3,38,16,0,3,0,16,3,0.00,.,.,.
2013,LTR,W,LTR_W,LTR_W_2013,LTR_W_2013,2,2,2,3,2.25,0.50000,38,63,16,16,38,16,0,0,63,3,0.00,.,.,.
2013,LTR,W,LTR_W,LTR_W_2013,LTR_W_2013,2,2,1,3,2,0.81650,63,3,3,38,16,16,0,0,16,3,0.00,.,.,.
2013,LTR,W,LTR_W,LTR_W_2013,LTR_W_2013,2,2,2,2,2,0.00000,63,38,38,38,16,38,0,0,38,3,0.00,.,.,.
2013,LTR,W,LTR_W,LTR_W_2013,LTR_W_2013,2,2,1,2,1.75,0.50000,38,3,63,38,16,16,3,0,16,3,0.00,.,.,.
2013,LTR,W,LTR_W,LTR_W_2013,LTR_W_2013,2,2,1,2,1.75,0.50000,38,38,63,38,16,3,38,0,16,3,0.00,.,.,.
2013,LTR,W,LTR_W,LTR_W_2013,LTR_W_2013,2,1,1,2,1.5,0.57735,63,3,16,38,16,3,16,0,3,16,0.25,.,.,.
2013,LTR,W,LTR_W,LTR_W_2013,LTR_W_2013,2,1,2,1,1.5,0.57735,38,16,38,38,16,38,0,0,16,3,0.00,.,.,.
2013,LTR,W,LTR_W,LTR_W_2013,LTR_W_2013,2,1,1,1,1.25,0.50000,63,3,38,38,16,16,0,0,38,3,0.00,.,.,.
2013,LTR,W,LTR_W,LTR_W_2013,LTR_W_2013,1,1,1,1,1,0.00000,16,16,16,38,3,16,0,0,38,0,0.00,.,.,.
2013,LTR,W,LTR_W,LTR_W_2013,LTR_W_2013,1,1,1,1,1,0.00000,38,16,0,16,16,16,0,0,63,3,0.00,.,.,.
2013,LTR,W,LTR_W,LTR_W_2013,LTR_W_2013,1,1,1,1,1,0.00000,16,16,3,38,3,38,0,0,16,3,0.00,.,.,.
2013,PAW,E,PAW_E,PAW_E_2013,PAW_E_2013,12,12,13,13,12.5,0.57735,0,0,38,38,98,0,16,0,16,16,0.00,.,.,.
2013,PAW,E,PAW_E,PAW_E_2013,PAW_E_2013,9,8,9,12,9.5,1.73205,0,0,98,16,86,0,38,0,16,16,0.00,.,.,.
2013,PAW,E,PAW_E,PAW_E_2013,PAW_E_2013,9,10,8,8,8.75,0.95743,98,0,98,16,38,0,0,0,0,38,0.00,.,.,.
2013,PAW,E,PAW_E,PAW_E_2013,PAW_E_2013,7,9,9,10,8.75,1.25831,16,0,86,38,86,0,16,16,0,86,2.00,.,.,.
2013,PAW,E,PAW_E,PAW_E_2013,PAW_E_2013,7,7,7,8,7.25,0.50000,16,0,86,16,63,0,63,38,16,3,0.00,.,.,.
2013,PAW,E,PAW_E,PAW_E_2013,PAW_E_2013,8,6,7,7,7,0.81650,38,0,63,38,63,16,16,16,16,38,0.00,.,.,.
2013,PAW,E,PAW_E,PAW_E_2013,PAW_E_2013,9,8,5,6,7,1.82574,0,0,63,63,86,0,16,0,16,3,0.00,.,.,.
2013,PAW,E,PAW_E,PAW_E_2013,PAW_E_2013,7,7,6,7,6.75,0.50000,86,0,3,16,16,0,16,16,16,16,0.00,.,.,.
2013,PAW,E,PAW_E,PAW_E_2013,PAW_E_2013,7,8,7,5,6.75,1.25831,16,16,98,3,63,0,38,0,3,38,0.00,.,.,.
2013,PAW,E,PAW_E,PAW_E_2013,PAW_E_2013,7,7,6,7,6.75,0.50000,0,0,86,38,86,0,38,0,1,38,0.00,.,.,.
2013,PAW,E,PAW_E,PAW_E_2013,PAW_E_2013,5,6,9,6,6.5,1.73205,38,0,86,38,63,38,16,0,3,16,0.00,.,.,.
2013,PAW,E,PAW_E,PAW_E_2013,PAW_E_2013,5,5,10,4,6,2.70801,16,0,63,38,86,3,38,3,16,16,0.00,.,.,.
2013,PAW,E,PAW_E,PAW_E_2013,PAW_E_2013,6,6,6,5,5.75,0.50000,63,0,86,16,38,38,38,0,16,38,0.00,.,.,.
2013,PAW,E,PAW_E,PAW_E_2013,PAW_E_2013,5,5,6,7,5.75,0.95743,16,0,63,63,63,0,38,16,0,86,2.00,.,.,.
2013,PAW,E,PAW_E,PAW_E_2013,PAW_E_2013,6,5,5,5,5.25,0.50000,38,3,63,38,63,16,0,16,16,38,0.00,.,.,.
2013,PAW,E,PAW_E,PAW_E_2013,PAW_E_2013,5,6,5,5,5.25,0.50000,16,0,63,38,86,38,16,16,16,16,0.00,.,.,.
2013,PAW,E,PAW_E,PAW_E_2013,PAW_E_2013,5,5,5,6,5.25,0.50000,63,0,86,38,63,16,16,3,0,63,2.50,.,.,.
2013,PAW,E,PAW_E,PAW_E_2013,PAW_E_2013,5,5,5,5,5,0.00000,38,0,63,38,16,0,63,0,16,16,0.00,.,.,.
2013,PAW,E,PAW_E,PAW_E_2013,PAW_E_2013,5,6,5,4,5,0.81650,38,0,86,38,63,0,38,0,3,16,0.00,.,.,.
2013,PAW,E,PAW_E,PAW_E_2013,PAW_E_2013,5,5,5,5,5,0.00000,16,0,63,16,86,0,38,0,3,16,0.00,.,.,.
2013,PAW,E,PAW_E,PAW_E_2013,PAW_E_2013,4,6,4,4,4.5,1.00000,38,0,63,38,38,16,38,3,16,38,0.00,.,.,.
2013,PAW,E,PAW_E,PAW_E_2013,PAW_E_2013,4,4,4,6,4.5,1.00000,38,0,38,16,38,16,38,3,3,38,0.00,.,.,.
2013,PAW,E,PAW_E,PAW_E_2013,PAW_E_2013,5,4,4,5,4.5,0.57735,38,0,86,16,38,3,38,3,0,86,0.25,.,.,.
2013,PAW,E,PAW_E,PAW_E_2013,PAW_E_2013,3,3,6,6,4.5,1.73205,63,0,86,16,38,16,16,3,16,16,0.00,.,.,.
2013,PAW,E,PAW_E,PAW_E_2013,PAW_E_2013,4,4,3,4,3.75,0.50000,63,0,86,16,38,3,38,0,16,38,0.00,.,.,.
2013,PAW,E,PAW_E,PAW_E_2013,PAW_E_2013,3,3,4,5,3.75,0.95743,38,0,86,63,38,16,16,0,16,38,0.00,.,.,.
2013,PAW,E,PAW_E,PAW_E_2013,PAW_E_2013,4,4,3,4,3.75,0.50000,16,0,63,38,86,0,38,16,16,3,0.00,.,.,.
2013,PAW,E,PAW_E,PAW_E_2013,PAW_E_2013,3,4,4,3,3.5,0.57735,38,3,63,38,38,38,16,0,3,16,0.00,.,.,.
2013,PAW,E,PAW_E,PAW_E_2013,PAW_E_2013,4,4,3,3,3.5,0.57735,63,0,16,38,3,0,16,0,16,3,0.00,.,.,.
2013,PAW,S,PAW_S,PAW_S_2013,PAW_S_2013,10,10,14,12,11.5,1.91485,0,0,63,38,98,38,38,0,0,38,0.00,.,.,.
2013,PAW,S,PAW_S,PAW_S_2013,PAW_S_2013,11,12,11,11,11.25,0.50000,0,0,16,38,98,38,0,0,0,63,0.00,.,.,.
2013,PAW,S,PAW_S,PAW_S_2013,PAW_S_2013,12,11,11,11,11.25,0.50000,0,0,16,98,0,38,0,0,3,16,0.00,.,.,.
2013,PAW,S,PAW_S,PAW_S_2013,PAW_S_2013,11,12,11,11,11.25,0.50000,0,0,38,16,98,16,0,0,0,63,1.50,.,.,.
2013,PAW,S,PAW_S,PAW_S_2013,PAW_S_2013,11,10,11,11,10.75,0.50000,3,0,16,16,86,16,16,0,3,3,0.00,.,.,.
2013,PAW,S,PAW_S,PAW_S_2013,PAW_S_2013,11,11,9,8,9.75,1.50000,0,0,86,16,98,63,0,3,3,0,0.00,.,.,.
2013,PAW,S,PAW_S,PAW_S_2013,PAW_S_2013,10,9,9,10,9.5,0.57735,0,0,38,16,98,16,3,0,0,16,0.00,.,.,.
2013,PAW,S,PAW_S,PAW_S_2013,PAW_S_2013,8,8,9,11,9,1.41421,0,0,16,63,63,38,0,16,0,86,2.00,.,.,.
2013,PAW,S,PAW_S,PAW_S_2013,PAW_S_2013,5,10,9,7,7.75,2.21736,16,0,86,16,86,63,3,0,0,16,0.00,.,.,.
2013,PAW,S,PAW_S,PAW_S_2013,PAW_S_2013,7,7,7,9,7.5,1.00000,63,0,86,38,63,38,38,16,0,16,0.00,.,.,.
2013,PAW,S,PAW_S,PAW_S_2013,PAW_S_2013,7,8,7,7,7.25,0.50000,86,0,86,16,38,16,0,3,3,38,0.00,.,.,.
2013,PAW,S,PAW_S,PAW_S_2013,PAW_S_2013,7,7,6,9,7.25,1.25831,16,0,86,16,86,38,3,0,0,16,0.00,.,.,.
2013,PAW,S,PAW_S,PAW_S_2013,PAW_S_2013,8,10,10,0,7,4.76095,38,0,86,16,86,3,0,0,16,3,0.00,.,.,.
2013,PAW,S,PAW_S,PAW_S_2013,PAW_S_2013,8,7,6,5,6.5,1.29099,38,0,86,16,63,16,0,3,16,3,0.00,.,.,.
2013,PAW,S,PAW_S,PAW_S_2013,PAW_S_2013,6,7,6,6,6.25,0.50000,63,0,98,3,63,0,38,0,0,16,0.00,.,.,.
2013,PAW,S,PAW_S,PAW_S_2013,PAW_S_2013,6,5,7,6,6,0.81650,63,0,86,16,63,0,16,3,3,16,0.00,.,.,.
2013,PAW,S,PAW_S,PAW_S_2013,PAW_S_2013,5,5,8,6,6,1.41421,0,16,38,38,63,3,63,0,3,16,0.00,.,.,.
2013,PAW,S,PAW_S,PAW_S_2013,PAW_S_2013,4,6,7,6,5.75,1.25831,63,0,86,16,63,16,16,16,3,16,0.00,.,.,.
2013,PAW,S,PAW_S,PAW_S_2013,PAW_S_2013,5,6,6,5,5.5,0.57735,38,0,63,16,86,0,16,0,3,38,0.00,.,.,.
2013,PAW,S,PAW_S,PAW_S_2013,PAW_S_2013,5,5,7,5,5.5,1.00000,63,0,63,16,63,3,16,16,3,16,0.00,.,.,.
2013,PAW,S,PAW_S,PAW_S_2013,PAW_S_2013,6,5,5,5,5.25,0.50000,38,0,16,16,86,3,0,0,16,3,0.00,.,.,.
2013,PAW,S,PAW_S,PAW_S_2013,PAW_S_2013,6,5,3,6,5,1.41421,38,0,38,16,86,0,0,0,3,38,0.00,.,.,.
2013,PAW,S,PAW_S,PAW_S_2013,PAW_S_2013,5,5,5,5,5,0.00000,38,0,63,38,63,63,38,0,3,16,0.00,.,.,.
2013,PAW,S,PAW_S,PAW_S_2013,PAW_S_2013,5,3,6,5,4.75,1.25831,38,0,63,3,63,16,0,3,3,3,0.00,.,.,.
2013,PAW,S,PAW_S,PAW_S_2013,PAW_S_2013,5,5,5,4,4.75,0.50000,38,0,63,38,63,38,16,16,3,3,0.00,.,.,.
2013,PAW,S,PAW_S,PAW_S_2013,PAW_S_2013,4,4,5,4,4.25,0.50000,63,0,63,16,63,3,0,16,3,16,0.00,.,.,.
2013,PAW,S,PAW_S,PAW_S_2013,PAW_S_2013,4,3,5,4,4,0.81650,63,0,98,16,38,3,38,16,16,38,0.00,.,.,.
2013,PAW,S,PAW_S,PAW_S_2013,PAW_S_2013,2,3,4,6,3.75,1.70783,16,0,86,16,86,0,16,0,3,16,0.00,.,.,.
2013,PAW,S,PAW_S,PAW_S_2013,PAW_S_2013,5,3,3,3,3.5,1.00000,16,0,16,63,16,0,3,0,3,86,0.00,.,.,.
2013,PAW,S,PAW_S,PAW_S_2013,PAW_S_2013,4,3,3,3,3.25,0.50000,38,0,63,16,63,0,16,16,16,16,0.00,.,.,.
2013,PAW,W,PAW_W,PAW_W_2013,PAW_W_2013,11,10,8,10,9.75,1.25831,3,0,98,16,98,0,16,3,3,38,0.00,.,.,.
2013,PAW,W,PAW_W,PAW_W_2013,PAW_W_2013,9,9,10,9,9.25,0.50000,0,0,16,63,38,63,16,3,0,63,0.25,.,.,.
2013,PAW,W,PAW_W,PAW_W_2013,PAW_W_2013,8,8,9,9,8.5,0.57735,0,0,38,63,86,0,0,3,3,63,0.50,.,.,.
2013,PAW,W,PAW_W,PAW_W_2013,PAW_W_2013,6,8,10,9,8.25,1.70783,63,0,98,16,86,0,16,16,3,63,2.00,.,.,.
2013,PAW,W,PAW_W,PAW_W_2013,PAW_W_2013,7,7,7,8,7.25,0.50000,0,0,16,63,86,3,16,16,3,63,1.00,.,.,.
2013,PAW,W,PAW_W,PAW_W_2013,PAW_W_2013,8,6,7,7,7,0.81650,63,0,38,16,63,0,38,3,0,86,3.00,.,.,.
2013,PAW,W,PAW_W,PAW_W_2013,PAW_W_2013,7,7,8,6,7,0.81650,0,0,16,16,86,0,38,63,3,3,0.00,.,.,.
2013,PAW,W,PAW_W,PAW_W_2013,PAW_W_2013,7,7,7,6,6.75,0.50000,86,0,63,38,63,0,0,16,16,16,0.00,.,.,.
2013,PAW,W,PAW_W,PAW_W_2013,PAW_W_2013,7,6,7,7,6.75,0.50000,86,0,98,3,38,0,16,0,3,63,1.00,.,.,.
2013,PAW,W,PAW_W,PAW_W_2013,PAW_W_2013,6,6,7,7,6.5,0.57735,0,0,63,38,86,0,38,16,0,16,0.00,.,.,.
2013,PAW,W,PAW_W,PAW_W_2013,PAW_W_2013,6,7,7,6,6.5,0.57735,16,3,86,16,86,0,16,3,3,16,0.00,.,.,.
2013,PAW,W,PAW_W,PAW_W_2013,PAW_W_2013,7,5,6,7,6.25,0.95743,86,0,86,16,16,0,0,0,16,3,0.00,.,.,.
2013,PAW,W,PAW_W,PAW_W_2013,PAW_W_2013,6,7,7,5,6.25,0.95743,3,0,38,0,86,0,16,16,3,38,0.00,.,.,.
2013,PAW,W,PAW_W,PAW_W_2013,PAW_W_2013,6,5,6,8,6.25,1.25831,38,3,98,16,86,0,16,0,3,38,0.00,.,.,.
2013,PAW,W,PAW_W,PAW_W_2013,PAW_W_2013,5,7,6,6,6,0.81650,38,0,38,16,86,0,0,38,3,86,1.00,.,.,.
2013,PAW,W,PAW_W,PAW_W_2013,PAW_W_2013,5,7,5,5,5.5,1.00000,38,0,16,16,86,0,0,3,16,3,0.00,.,.,.
2013,PAW,W,PAW_W,PAW_W_2013,PAW_W_2013,5,5,6,6,5.5,0.57735,38,0,86,38,86,0,0,3,16,3,0.00,.,.,.
2013,PAW,W,PAW_W,PAW_W_2013,PAW_W_2013,5,3,6,7,5.25,1.70783,63,0,63,38,38,0,38,0,3,3,0.00,.,.,.
2013,PAW,W,PAW_W,PAW_W_2013,PAW_W_2013,5,6,5,5,5.25,0.50000,63,0,86,16,63,38,0,0,0,86,4.25,.,.,.
2013,PAW,W,PAW_W,PAW_W_2013,PAW_W_2013,5,5,5,5,5,0.00000,38,0,86,16,38,16,38,16,16,16,0.00,.,.,.
2013,PAW,W,PAW_W,PAW_W_2013,PAW_W_2013,5,5,4,6,5,0.81650,16,0,38,16,86,0,0,0,38,16,0.00,.,.,.
2013,PAW,W,PAW_W,PAW_W_2013,PAW_W_2013,6,4,4,5,4.75,0.95743,38,0,63,38,86,0,0,0,0,16,0.00,.,.,.
2013,PAW,W,PAW_W,PAW_W_2013,PAW_W_2013,4,4,5,6,4.75,0.95743,86,0,98,16,63,0,0,3,16,38,0.00,.,.,.
2013,PAW,W,PAW_W,PAW_W_2013,PAW_W_2013,5,5,5,4,4.75,0.50000,63,0,63,16,38,16,0,0,16,3,0.00,.,.,.
2013,PAW,W,PAW_W,PAW_W_2013,PAW_W_2013,5,4,5,5,4.75,0.50000,63,0,3,3,63,3,0,0,16,16,0.00,.,.,.
2013,PAW,W,PAW_W,PAW_W_2013,PAW_W_2013,4,3,5,5,4.25,0.95743,38,0,86,16,38,3,0,16,16,3,0.00,.,.,.
2013,PAW,W,PAW_W,PAW_W_2013,PAW_W_2013,3,3,6,4,4,1.41421,38,16,98,16,38,16,0,0,16,16,0.00,.,.,.
2013,PAW,W,PAW_W,PAW_W_2013,PAW_W_2013,3,3,4,4,3.5,0.57735,38,0,98,38,63,0,16,0,16,38,0.00,.,.,.
2013,PAW,W,PAW_W,PAW_W_2013,PAW_W_2013,4,3,3,3,3.25,0.50000,63,0,16,16,63,16,0,16,16,16,0.00,.,.,.
2013,PAW,W,PAW_W,PAW_W_2013,PAW_W_2013,3,2,4,2,2.75,0.95743,38,3,38,16,86,3,16,0,16,16,0.00,.,.,.
2013,PYN,N,PYN_N,PYN_N_2013,PYN_N_2013,5,3,4,20,8,8.04156,0,38,0,63,16,38,0,0,0,86,0.00,.,.,.
2013,PYN,N,PYN_N,PYN_N_2013,PYN_N_2013,8,8,8,7,7.75,0.50000,0,38,38,38,38,0,16,0,3,38,0.00,.,.,.
2013,PYN,N,PYN_N,PYN_N_2013,PYN_N_2013,3,4,5,6,4.5,1.29099,0,16,16,63,0,0,0,0,3,16,0.00,.,.,.
2013,PYN,N,PYN_N,PYN_N_2013,PYN_N_2013,4,2,2,7,3.75,2.36291,0,38,16,38,38,16,0,0,3,63,0.00,.,.,.
2013,PYN,N,PYN_N,PYN_N_2013,PYN_N_2013,4,4,3,3,3.5,0.57735,0,63,0,16,16,0,0,0,3,16,0.00,.,.,.
2013,PYN,N,PYN_N,PYN_N_2013,PYN_N_2013,4,3,3,3,3.25,0.50000,0,63,0,38,16,16,0,0,3,63,0.00,.,.,.
2013,PYN,N,PYN_N,PYN_N_2013,PYN_N_2013,3,3,4,3,3.25,0.50000,0,63,16,16,16,3,3,0,3,86,0.50,.,.,.
2013,PYN,N,PYN_N,PYN_N_2013,PYN_N_2013,4,2,1,3,2.5,1.29099,0,63,0,16,16,16,3,0,16,38,0.00,.,.,.
2013,PYN,N,PYN_N,PYN_N_2013,PYN_N_2013,1,3,3,2,2.25,0.95743,0,38,0,63,16,3,16,0,0,86,0.50,.,.,.
2013,PYN,N,PYN_N,PYN_N_2013,PYN_N_2013,1,3,1,4,2.25,1.50000,16,38,16,16,16,16,0,0,16,38,0.00,.,.,.
2013,PYN,N,PYN_N,PYN_N_2013,PYN_N_2013,1,1,1,5,2,2.00000,16,38,16,16,38,38,0,0,16,16,0.00,.,.,.
2013,PYN,N,PYN_N,PYN_N_2013,PYN_N_2013,1,2,3,2,2,0.81650,16,38,16,38,3,16,0,0,16,16,0.00,.,.,.
2013,PYN,N,PYN_N,PYN_N_2013,PYN_N_2013,2,2,1,2,1.75,0.50000,3,38,38,16,38,16,0,0,16,16,0.00,.,.,.
2013,PYN,N,PYN_N,PYN_N_2013,PYN_N_2013,1,1,4,1,1.75,1.50000,0,38,16,16,16,16,0,0,16,16,0.00,.,.,.
2013,PYN,N,PYN_N,PYN_N_2013,PYN_N_2013,1,1,2,2,1.5,0.57735,0,38,38,38,38,16,0,0,16,63,0.00,.,.,.
2013,PYN,N,PYN_N,PYN_N_2013,PYN_N_2013,1,1,2,1,1.25,0.50000,38,16,16,16,3,16,0,0,16,86,0.00,.,.,.
2013,PYN,N,PYN_N,PYN_N_2013,PYN_N_2013,1,1,2,1,1.25,0.50000,0,38,63,16,16,16,0,0,3,38,0.00,.,.,.
2013,PYN,N,PYN_N,PYN_N_2013,PYN_N_2013,1,1,1,1,1,0.00000,16,16,0,16,16,16,3,0,16,16,0.00,.,.,.
2013,PYN,N,PYN_N,PYN_N_2013,PYN_N_2013,1,1,1,1,1,0.00000,16,38,16,16,16,16,0,0,16,16,0.00,.,.,.
2013,PYN,N,PYN_N,PYN_N_2013,PYN_N_2013,1,1,1,1,1,0.00000,3,38,16,38,3,16,0,0,16,16,0.00,.,.,.
2013,PYN,N,PYN_N,PYN_N_2013,PYN_N_2013,1,1,1,1,1,0.00000,0,63,0,16,3,16,0,0,16,16,0.00,.,.,.
2013,PYN,N,PYN_N,PYN_N_2013,PYN_N_2013,1,1,1,1,1,0.00000,3,63,0,16,16,38,0,0,16,3,0.00,.,.,.
2013,PYN,N,PYN_N,PYN_N_2013,PYN_N_2013,1,1,0,1,0.75,0.50000,16,16,0,16,16,3,0,0,38,16,0.00,.,.,.
2013,PYN,N,PYN_N,PYN_N_2013,PYN_N_2013,0,1,1,1,0.75,0.50000,16,16,38,16,16,16,0,0,38,16,0.00,.,.,.
2013,PYN,N,PYN_N,PYN_N_2013,PYN_N_2013,0,1,1,1,0.75,0.50000,3,38,38,16,38,16,0,0,16,38,0.00,.,.,.
2013,PYN,N,PYN_N,PYN_N_2013,PYN_N_2013,1,1,0,1,0.75,0.50000,16,63,0,16,3,16,0,0,38,3,0.00,.,.,.
2013,PYN,N,PYN_N,PYN_N_2013,PYN_N_2013,0,0,1,1,0.5,0.57735,3,38,16,16,16,16,0,0,16,38,0.00,.,.,.
2013,PYN,N,PYN_N,PYN_N_2013,PYN_N_2013,0,0,1,1,0.5,0.57735,16,38,63,16,3,16,0,0,16,38,0.00,.,.,.
2013,PYN,N,PYN_N,PYN_N_2013,PYN_N_2013,0,1,0,1,0.5,0.57735,3,38,86,16,3,38,0,0,16,16,0.00,.,.,.
2013,PYN,N,PYN_N,PYN_N_2013,PYN_N_2013,0,0,0,0,0,0.00000,0,38,0,16,3,16,0,0,16,16,0.00,.,.,.
2013,PYN,S,PYN_S,PYN_S_2013,PYN_S_2013,3,3,5,3,3.5,1.00000,0,63,16,38,16,16,16,0,16,38,0.00,.,.,.
2013,PYN,S,PYN_S,PYN_S_2013,PYN_S_2013,3,4,3,3,3.25,0.50000,16,38,38,16,16,38,0,0,16,63,0.00,.,.,.
2013,PYN,S,PYN_S,PYN_S_2013,PYN_S_2013,3,3,3,4,3.25,0.50000,0,63,38,38,16,38,0,0,3,63,0.00,.,.,.
2013,PYN,S,PYN_S,PYN_S_2013,PYN_S_2013,3,3,3,3,3,0.00000,0,38,63,38,3,38,0,0,0,38,0.00,.,.,.
2013,PYN,S,PYN_S,PYN_S_2013,PYN_S_2013,4,5,1,2,3,1.82574,16,38,16,16,16,38,16,0,3,63,0.00,.,.,.
2013,PYN,S,PYN_S,PYN_S_2013,PYN_S_2013,3,3,2,3,2.75,0.50000,16,38,3,16,16,3,0,0,16,63,1.00,.,.,.
2013,PYN,S,PYN_S,PYN_S_2013,PYN_S_2013,4,3,2,1,2.5,1.29099,3,38,63,38,16,63,0,0,3,63,0.00,.,.,.
2013,PYN,S,PYN_S,PYN_S_2013,PYN_S_2013,3,3,1,3,2.5,1.00000,0,38,16,38,3,63,16,0,16,38,0.00,.,.,.
2013,PYN,S,PYN_S,PYN_S_2013,PYN_S_2013,2,3,3,2,2.5,0.57735,16,38,38,38,16,63,0,0,16,38,0.00,.,.,.
2013,PYN,S,PYN_S,PYN_S_2013,PYN_S_2013,3,2,2,3,2.5,0.57735,0,63,16,16,16,38,3,0,0,86,0.00,.,.,.
2013,PYN,S,PYN_S,PYN_S_2013,PYN_S_2013,3,2,2,3,2.5,0.57735,3,38,0,16,16,63,0,0,3,38,0.00,.,.,.
2013,PYN,S,PYN_S,PYN_S_2013,PYN_S_2013,3,3,1,2,2.25,0.95743,0,38,38,16,3,63,0,0,3,38,0.00,.,.,.
2013,PYN,S,PYN_S,PYN_S_2013,PYN_S_2013,3,2,3,1,2.25,0.95743,0,16,38,38,3,86,0,0,16,38,0.00,.,.,.
2013,PYN,S,PYN_S,PYN_S_2013,PYN_S_2013,4,1,2,2,2.25,1.25831,3,38,63,38,3,38,16,0,16,38,0.00,.,.,.
2013,PYN,S,PYN_S,PYN_S_2013,PYN_S_2013,2,2,2,2,2,0.00000,38,16,38,16,16,16,3,0,38,16,0.00,.,.,.
2013,PYN,S,PYN_S,PYN_S_2013,PYN_S_2013,3,1,2,2,2,0.81650,16,38,0,16,16,16,0,0,16,16,0.00,.,.,.
2013,PYN,S,PYN_S,PYN_S_2013,PYN_S_2013,1,3,2,1,1.75,0.95743,0,38,16,16,16,63,0,0,16,38,0.00,.,.,.
2013,PYN,S,PYN_S,PYN_S_2013,PYN_S_2013,2,2,1,2,1.75,0.50000,3,16,63,38,16,38,0,0,16,16,0.00,.,.,.
2013,PYN,S,PYN_S,PYN_S_2013,PYN_S_2013,2,2,2,1,1.75,0.50000,3,38,63,38,16,38,0,0,16,63,0.00,.,.,.
2013,PYN,S,PYN_S,PYN_S_2013,PYN_S_2013,1,2,1,2,1.5,0.57735,0,16,16,38,3,63,0,0,16,16,0.00,.,.,.
2013,PYN,S,PYN_S,PYN_S_2013,PYN_S_2013,2,1,1,2,1.5,0.57735,16,38,38,38,3,38,0,0,3,38,0.00,.,.,.
2013,PYN,S,PYN_S,PYN_S_2013,PYN_S_2013,1,2,2,1,1.5,0.57735,3,38,16,16,16,38,0,0,38,16,0.00,.,.,.
2013,PYN,S,PYN_S,PYN_S_2013,PYN_S_2013,2,2,1,1,1.5,0.57735,16,38,38,16,3,16,0,0,16,16,0.00,.,.,.
2013,PYN,S,PYN_S,PYN_S_2013,PYN_S_2013,1,2,1,1,1.25,0.50000,16,38,63,16,0,38,0,0,16,38,0.00,.,.,.
2013,PYN,S,PYN_S,PYN_S_2013,PYN_S_2013,1,2,1,1,1.25,0.50000,3,38,16,16,3,38,0,0,3,16,0.00,.,.,.
2013,PYN,S,PYN_S,PYN_S_2013,PYN_S_2013,2,1,1,1,1.25,0.50000,16,38,16,38,16,38,0,0,16,38,0.00,.,.,.
2013,PYN,S,PYN_S,PYN_S_2013,PYN_S_2013,2,1,0,2,1.25,0.95743,16,38,16,16,3,38,0,0,16,16,0.00,.,.,.
2013,PYN,S,PYN_S,PYN_S_2013,PYN_S_2013,1,1,1,1,1,0.00000,38,16,63,16,3,38,0,0,16,16,0.00,.,.,.
2013,PYN,S,PYN_S,PYN_S_2013,PYN_S_2013,1,1,1,1,1,0.00000,3,38,0,38,3,16,0,0,16,38,0.00,.,.,.
2013,PYN,S,PYN_S,PYN_S_2013,PYN_S_2013,1,1,1,1,1,0.00000,16,16,16,16,16,16,0,0,38,16,0.00,.,.,.
2013,PYN,W,PYN_W,PYN_W_2013,PYN_W_2013,4,4,4,5,4.25,0.50000,38,63,16,16,16,3,16,0,0,98,4.75,.,.,.
2013,PYN,W,PYN_W,PYN_W_2013,PYN_W_2013,3,4,4,5,4,0.81650,3,63,38,16,3,38,0,0,0,98,5.00,.,.,.
2013,PYN,W,PYN_W,PYN_W_2013,PYN_W_2013,5,4,3,3,3.75,0.95743,38,38,63,16,16,3,3,0,0,98,1.50,.,.,.
2013,PYN,W,PYN_W,PYN_W_2013,PYN_W_2013,3,4,3,4,3.5,0.57735,3,63,16,38,0,16,0,0,0,98,3.50,.,.,.
2013,PYN,W,PYN_W,PYN_W_2013,PYN_W_2013,3,5,2,3,3.25,1.25831,3,63,16,16,3,16,0,0,16,86,1.00,.,.,.
2013,PYN,W,PYN_W,PYN_W_2013,PYN_W_2013,4,3,3,3,3.25,0.50000,3,63,16,38,16,0,0,0,0,98,2.50,.,.,.
2013,PYN,W,PYN_W,PYN_W_2013,PYN_W_2013,3,3,4,3,3.25,0.50000,16,38,16,38,3,38,0,0,0,98,2.00,.,.,.
2013,PYN,W,PYN_W,PYN_W_2013,PYN_W_2013,3,3,3,4,3.25,0.50000,0,16,63,63,38,3,0,0,0,98,3.00,.,.,.
2013,PYN,W,PYN_W,PYN_W_2013,PYN_W_2013,4,3,3,3,3.25,0.50000,3,63,0,38,3,16,0,0,16,86,5.50,.,.,.
2013,PYN,W,PYN_W,PYN_W_2013,PYN_W_2013,3,3,4,3,3.25,0.50000,16,38,86,16,16,16,38,0,3,86,0.00,.,.,.
2013,PYN,W,PYN_W,PYN_W_2013,PYN_W_2013,4,3,3,3,3.25,0.50000,16,63,0,16,16,0,3,0,0,98,1.25,.,.,.
2013,PYN,W,PYN_W,PYN_W_2013,PYN_W_2013,3,3,5,2,3.25,1.25831,38,38,38,16,16,3,3,0,0,98,2.00,.,.,.
2013,PYN,W,PYN_W,PYN_W_2013,PYN_W_2013,3,3,3,3,3,0.00000,3,38,16,38,16,16,16,0,1,98,2.00,.,.,.
2013,PYN,W,PYN_W,PYN_W_2013,PYN_W_2013,3,3,3,3,3,0.00000,16,38,16,38,3,16,0,0,1,86,0.25,.,.,.
2013,PYN,W,PYN_W,PYN_W_2013,PYN_W_2013,3,3,3,2,2.75,0.50000,16,38,0,16,0,38,0,0,3,86,2.00,.,.,.
2013,PYN,W,PYN_W,PYN_W_2013,PYN_W_2013,3,3,3,2,2.75,0.50000,16,38,38,16,16,38,16,0,3,86,1.25,.,.,.
2013,PYN,W,PYN_W,PYN_W_2013,PYN_W_2013,3,3,3,2,2.75,0.50000,63,16,16,16,3,63,0,0,1,86,0.25,.,.,.
2013,PYN,W,PYN_W,PYN_W_2013,PYN_W_2013,1,3,3,3,2.5,1.00000,16,16,16,16,3,63,0,0,3,86,0.25,.,.,.
2013,PYN,W,PYN_W,PYN_W_2013,PYN_W_2013,2,2,3,3,2.5,0.57735,16,38,16,16,3,63,0,0,3,86,0.00,.,.,.
2013,PYN,W,PYN_W,PYN_W_2013,PYN_W_2013,3,2,3,2,2.5,0.57735,16,86,3,16,3,3,0,0,3,98,4.00,.,.,.
2013,PYN,W,PYN_W,PYN_W_2013,PYN_W_2013,2,3,2,3,2.5,0.57735,38,16,63,38,16,38,0,0,0,98,0.50,.,.,.
2013,PYN,W,PYN_W,PYN_W_2013,PYN_W_2013,3,2,1,3,2.25,0.95743,16,38,63,38,16,38,0,0,1,86,1.00,.,.,.
2013,PYN,W,PYN_W,PYN_W_2013,PYN_W_2013,2,2,2,2,2,0.00000,16,38,16,16,3,38,0,0,3,86,0.50,.,.,.
2013,PYN,W,PYN_W,PYN_W_2013,PYN_W_2013,2,1,2,3,2,0.81650,38,16,16,16,3,63,0,0,3,86,2.50,.,.,.
2013,PYN,W,PYN_W,PYN_W_2013,PYN_W_2013,2,2,2,2,2,0.00000,16,38,38,16,16,63,0,0,3,86,0.00,.,.,.
2013,PYN,W,PYN_W,PYN_W_2013,PYN_W_2013,1,1,2,3,1.75,0.95743,16,38,63,38,16,16,0,0,3,86,3.00,.,.,.
2013,PYN,W,PYN_W,PYN_W_2013,PYN_W_2013,2,1,1,2,1.5,0.57735,38,16,16,38,3,38,0,0,3,63,0.00,.,.,.
2013,PYN,W,PYN_W,PYN_W_2013,PYN_W_2013,2,1,1,2,1.5,0.57735,38,16,63,16,16,38,0,0,16,63,0.00,.,.,.
2013,PYN,W,PYN_W,PYN_W_2013,PYN_W_2013,1,1,2,2,1.5,0.57735,38,16,38,16,38,38,0,0,1,86,0.50,.,.,.
2013,PYN,W,PYN_W,PYN_W_2013,PYN_W_2013,1,1,1,2,1.25,0.50000,16,38,38,38,3,38,0,0,3,38,0.00,.,.,.
2013,PYS,N,PYS_N,PYS_N_2013,PYS_N_2013,6,4,6,4,5,1.15470,3,38,63,38,38,3,16,16,3,38,0.50,.,.,.
2013,PYS,N,PYS_N,PYS_N_2013,PYS_N_2013,3,5,6,1,3.75,2.21736,3,38,3,38,38,16,16,0,3,38,1.50,.,.,.
2013,PYS,N,PYS_N,PYS_N_2013,PYS_N_2013,2,4,3,4,3.25,0.95743,16,16,38,63,38,16,3,0,3,16,1.00,.,.,.
2013,PYS,N,PYS_N,PYS_N_2013,PYS_N_2013,5,3,3,2,3.25,1.25831,16,38,16,38,16,16,0,0,3,16,0.00,.,.,.
2013,PYS,N,PYS_N,PYS_N_2013,PYS_N_2013,4,3,3,3,3.25,0.50000,3,63,86,63,3,38,0,0,0,16,0.50,.,.,.
2013,PYS,N,PYS_N,PYS_N_2013,PYS_N_2013,3,4,3,3,3.25,0.50000,16,38,38,38,38,38,0,0,3,16,0.25,.,.,.
2013,PYS,N,PYS_N,PYS_N_2013,PYS_N_2013,3,4,3,3,3.25,0.50000,16,63,63,38,16,3,0,0,0,16,1.00,.,.,.
2013,PYS,N,PYS_N,PYS_N_2013,PYS_N_2013,2,3,4,3,3,0.81650,38,16,16,38,38,38,3,3,3,38,1.00,.,.,.
2013,PYS,N,PYS_N,PYS_N_2013,PYS_N_2013,3,3,3,3,3,0.00000,0,63,16,38,16,63,0,0,3,16,0.75,.,.,.
2013,PYS,N,PYS_N,PYS_N_2013,PYS_N_2013,3,3,3,3,3,0.00000,3,63,16,38,3,63,0,0,3,16,1.50,.,.,.
2013,PYS,N,PYS_N,PYS_N_2013,PYS_N_2013,2,2,4,3,2.75,0.95743,0,16,38,63,16,63,0,0,1,38,1.00,.,.,.
2013,PYS,N,PYS_N,PYS_N_2013,PYS_N_2013,3,3,2,3,2.75,0.50000,16,16,38,38,63,16,16,0,3,16,0.50,.,.,.
2013,PYS,N,PYS_N,PYS_N_2013,PYS_N_2013,2,3,3,3,2.75,0.50000,63,38,16,38,16,38,0,0,0,16,0.25,.,.,.
2013,PYS,N,PYS_N,PYS_N_2013,PYS_N_2013,2,2,1,5,2.5,1.73205,3,63,0,3,3,38,38,0,3,16,0.50,.,.,.
2013,PYS,N,PYS_N,PYS_N_2013,PYS_N_2013,2,3,3,2,2.5,0.57735,3,63,38,38,0,63,0,0,0,16,0.50,.,.,.
2013,PYS,N,PYS_N,PYS_N_2013,PYS_N_2013,2,2,2,4,2.5,1.00000,3,38,63,38,38,63,0,0,3,3,0.00,.,.,.
2013,PYS,N,PYS_N,PYS_N_2013,PYS_N_2013,2,2,3,2,2.25,0.50000,0,16,16,38,86,3,0,0,16,16,0.00,.,.,.
2013,PYS,N,PYS_N,PYS_N_2013,PYS_N_2013,3,2,2,2,2.25,0.50000,16,38,16,38,38,16,0,0,16,3,0.00,.,.,.
2013,PYS,N,PYS_N,PYS_N_2013,PYS_N_2013,1,3,2,3,2.25,0.95743,38,38,16,38,63,38,0,0,3,16,0.00,.,.,.
2013,PYS,N,PYS_N,PYS_N_2013,PYS_N_2013,2,3,2,2,2.25,0.50000,3,16,86,86,0,38,0,0,3,16,0.50,.,.,.
2013,PYS,N,PYS_N,PYS_N_2013,PYS_N_2013,2,2,2,2,2,0.00000,38,16,63,63,38,16,16,0,16,16,0.25,.,.,.
2013,PYS,N,PYS_N,PYS_N_2013,PYS_N_2013,3,2,1,2,2,0.81650,38,38,16,38,16,38,0,0,3,16,0.00,.,.,.
2013,PYS,N,PYS_N,PYS_N_2013,PYS_N_2013,2,1,3,2,2,0.81650,16,3,86,38,63,16,0,0,16,16,0.00,.,.,.
2013,PYS,N,PYS_N,PYS_N_2013,PYS_N_2013,3,1,2,2,2,0.81650,38,16,16,38,38,16,0,0,16,3,0.00,.,.,.
2013,PYS,N,PYS_N,PYS_N_2013,PYS_N_2013,2,2,2,2,2,0.00000,16,38,3,38,3,86,0,0,3,3,0.00,.,.,.
2013,PYS,N,PYS_N,PYS_N_2013,PYS_N_2013,2,2,2,2,2,0.00000,16,63,3,38,16,38,0,0,3,3,0.00,.,.,.
2013,PYS,N,PYS_N,PYS_N_2013,PYS_N_2013,2,2,1,2,1.75,0.50000,0,63,38,38,16,16,0,0,3,16,0.25,.,.,.
2013,PYS,N,PYS_N,PYS_N_2013,PYS_N_2013,2,1,2,1,1.5,0.57735,38,16,63,63,63,3,0,0,16,3,0.00,.,.,.
2013,PYS,N,PYS_N,PYS_N_2013,PYS_N_2013,2,1,1,2,1.5,0.57735,63,16,16,16,38,16,0,0,38,3,0.00,.,.,.
2013,PYS,N,PYS_N,PYS_N_2013,PYS_N_2013,1,1,2,2,1.5,0.57735,16,38,38,38,0,63,0,0,16,16,0.00,.,.,.
2013,PYS,N,PYS_N,PYS_N_2013,PYS_N_2013,0,0,0,0,0,0.00000,0,0,0,0,0,0,0,0,0,0,0.00,.,.,.
2013,PYS,S,PYS_S,PYS_S_2013,PYS_S_2013,3,4,4,3,3.5,0.57735,86,3,86,16,38,0,0,0,0,16,1.00,.,.,.
2013,PYS,S,PYS_S,PYS_S_2013,PYS_S_2013,5,3,3,3,3.5,1.00000,16,63,63,38,16,3,16,0,0,38,2.50,.,.,.
2013,PYS,S,PYS_S,PYS_S_2013,PYS_S_2013,3,3,3,4,3.25,0.50000,3,63,3,16,63,38,0,0,0,38,1.75,.,.,.
2013,PYS,S,PYS_S,PYS_S_2013,PYS_S_2013,3,3,3,3,3,0.00000,16,63,16,38,16,16,0,0,0,38,1.50,.,.,.
2013,PYS,S,PYS_S,PYS_S_2013,PYS_S_2013,3,3,3,3,3,0.00000,63,16,16,38,38,3,0,0,3,38,1.00,.,.,.
2013,PYS,S,PYS_S,PYS_S_2013,PYS_S_2013,3,3,3,3,3,0.00000,0,98,16,16,0,0,0,0,0,16,0.25,.,.,.
2013,PYS,S,PYS_S,PYS_S_2013,PYS_S_2013,3,2,3,3,2.75,0.50000,38,16,63,38,38,16,3,0,0,38,0.25,.,.,.
2013,PYS,S,PYS_S,PYS_S_2013,PYS_S_2013,3,2,3,3,2.75,0.50000,3,63,38,38,3,38,0,0,0,16,0.50,.,.,.
2013,PYS,S,PYS_S,PYS_S_2013,PYS_S_2013,3,2,3,3,2.75,0.50000,3,63,16,38,16,38,0,0,0,38,2.00,.,.,.
2013,PYS,S,PYS_S,PYS_S_2013,PYS_S_2013,3,2,3,3,2.75,0.50000,0,63,0,16,16,38,0,0,3,38,1.50,.,.,.
2013,PYS,S,PYS_S,PYS_S_2013,PYS_S_2013,3,3,3,2,2.75,0.50000,0,86,0,3,16,16,0,0,0,63,3.50,.,.,.
2013,PYS,S,PYS_S,PYS_S_2013,PYS_S_2013,3,2,2,4,2.75,0.95743,38,38,38,38,38,3,0,0,3,38,0.50,.,.,.
2013,PYS,S,PYS_S,PYS_S_2013,PYS_S_2013,3,5,1,2,2.75,1.70783,16,63,38,38,16,16,0,0,3,38,1.50,.,.,.
2013,PYS,S,PYS_S,PYS_S_2013,PYS_S_2013,2,2,3,3,2.5,0.57735,38,38,3,16,38,63,0,0,3,16,1.00,.,.,.
2013,PYS,S,PYS_S,PYS_S_2013,PYS_S_2013,2,3,2,3,2.5,0.57735,3,63,0,16,16,38,0,0,0,63,2.00,.,.,.
2013,PYS,S,PYS_S,PYS_S_2013,PYS_S_2013,2,3,3,2,2.5,0.57735,16,38,38,63,38,16,0,0,0,63,3.00,.,.,.
2013,PYS,S,PYS_S,PYS_S_2013,PYS_S_2013,3,2,2,3,2.5,0.57735,3,63,0,16,0,38,0,0,0,63,2.50,.,.,.
2013,PYS,S,PYS_S,PYS_S_2013,PYS_S_2013,3,2,2,3,2.5,0.57735,16,63,63,38,3,38,0,0,0,63,4.00,.,.,.
2013,PYS,S,PYS_S,PYS_S_2013,PYS_S_2013,3,2,3,2,2.5,0.57735,3,63,38,16,16,16,0,0,0,63,0.75,.,.,.
2013,PYS,S,PYS_S,PYS_S_2013,PYS_S_2013,3,2,2,1,2,0.81650,3,38,38,38,16,63,0,0,16,16,0.00,.,.,.
2013,PYS,S,PYS_S,PYS_S_2013,PYS_S_2013,2,2,2,2,2,0.00000,38,38,63,38,3,38,0,0,3,38,1.50,.,.,.
2013,PYS,S,PYS_S,PYS_S_2013,PYS_S_2013,2,2,2,1,1.75,0.50000,3,38,16,38,16,63,0,0,3,16,0.25,.,.,.
2013,PYS,S,PYS_S,PYS_S_2013,PYS_S_2013,2,1,2,2,1.75,0.50000,38,38,3,38,3,38,0,0,0,38,0.50,.,.,.
2013,PYS,S,PYS_S,PYS_S_2013,PYS_S_2013,2,2,1,2,1.75,0.50000,3,63,16,38,38,38,0,0,16,3,0.00,.,.,.
2013,PYS,S,PYS_S,PYS_S_2013,PYS_S_2013,2,1,2,2,1.75,0.50000,16,16,63,63,16,38,0,0,16,16,0.00,.,.,.
2013,PYS,S,PYS_S,PYS_S_2013,PYS_S_2013,2,1,2,2,1.75,0.50000,16,38,63,38,38,16,0,0,3,16,0.25,.,.,.
2013,PYS,S,PYS_S,PYS_S_2013,PYS_S_2013,2,1,1,2,1.5,0.57735,16,38,0,38,38,38,0,0,3,16,0.25,.,.,.
2013,PYS,S,PYS_S,PYS_S_2013,PYS_S_2013,3,1,1,1,1.5,1.00000,38,38,16,38,16,63,0,0,1,38,0.50,.,.,.
2013,PYS,S,PYS_S,PYS_S_2013,PYS_S_2013,2,1,1,2,1.5,0.57735,16,38,63,38,38,38,0,0,0,16,0.75,.,.,.
2013,PYS,S,PYS_S,PYS_S_2013,PYS_S_2013,1,1,1,1,1,0.00000,16,16,63,63,16,63,0,0,38,3,0.00,.,.,.
2013,PYS,W,PYS_W,PYS_W_2013,PYS_W_2013,3,3,3,4,3.25,0.50000,3,38,38,63,38,3,16,0,3,3,0.00,.,.,.
2013,PYS,W,PYS_W,PYS_W_2013,PYS_W_2013,4,3,2,2,2.75,0.95743,63,16,63,16,38,16,3,0,16,1,0.00,.,.,.
2013,PYS,W,PYS_W,PYS_W_2013,PYS_W_2013,2,2,2,2,2,0.00000,16,38,38,16,38,16,0,0,3,3,0.00,.,.,.
2013,PYS,W,PYS_W,PYS_W_2013,PYS_W_2013,2,1,2,3,2,0.81650,16,38,16,38,38,38,0,0,16,3,0.00,.,.,.
2013,PYS,W,PYS_W,PYS_W_2013,PYS_W_2013,2,2,1,3,2,0.81650,3,63,3,38,38,38,0,0,3,3,0.00,.,.,.
2013,PYS,W,PYS_W,PYS_W_2013,PYS_W_2013,2,2,2,2,2,0.00000,3,38,3,38,16,86,0,0,3,3,0.00,.,.,.
2013,PYS,W,PYS_W,PYS_W_2013,PYS_W_2013,2,2,2,2,2,0.00000,16,38,38,38,38,63,0,0,3,3,0.00,.,.,.
2013,PYS,W,PYS_W,PYS_W_2013,PYS_W_2013,2,2,1,2,1.75,0.50000,38,16,16,16,38,16,16,0,16,3,0.00,.,.,.
2013,PYS,W,PYS_W,PYS_W_2013,PYS_W_2013,2,2,2,1,1.75,0.50000,16,38,63,38,38,16,0,0,16,1,0.00,.,.,.
2013,PYS,W,PYS_W,PYS_W_2013,PYS_W_2013,1,2,2,2,1.75,0.50000,3,63,3,38,16,63,0,0,3,16,0.00,.,.,.
2013,PYS,W,PYS_W,PYS_W_2013,PYS_W_2013,1,2,2,2,1.75,0.50000,3,63,16,38,38,16,0,0,3,3,0.00,.,.,.
2013,PYS,W,PYS_W,PYS_W_2013,PYS_W_2013,1,2,2,2,1.75,0.50000,16,38,3,38,16,3,3,0,3,16,0.25,.,.,.
2013,PYS,W,PYS_W,PYS_W_2013,PYS_W_2013,1,1,2,2,1.5,0.57735,3,16,63,38,16,63,0,0,16,1,0.00,.,.,.
2013,PYS,W,PYS_W,PYS_W_2013,PYS_W_2013,1,2,2,1,1.5,0.57735,3,16,38,63,38,38,0,0,3,3,0.00,.,.,.
2013,PYS,W,PYS_W,PYS_W_2013,PYS_W_2013,2,1,1,2,1.5,0.57735,16,38,63,38,38,38,0,0,16,3,0.00,.,.,.
2013,PYS,W,PYS_W,PYS_W_2013,PYS_W_2013,2,1,1,2,1.5,0.57735,3,63,3,16,16,63,0,0,3,3,0.00,.,.,.
2013,PYS,W,PYS_W,PYS_W_2013,PYS_W_2013,1,1,1,2,1.25,0.50000,16,16,38,38,38,38,0,0,16,3,0.00,.,.,.
2013,PYS,W,PYS_W,PYS_W_2013,PYS_W_2013,2,1,1,1,1.25,0.50000,3,63,16,38,16,38,0,0,16,3,0.00,.,.,.
2013,PYS,W,PYS_W,PYS_W_2013,PYS_W_2013,2,1,1,1,1.25,0.50000,3,63,16,38,38,38,0,0,16,3,0.00,.,.,.
2013,PYS,W,PYS_W,PYS_W_2013,PYS_W_2013,1,1,2,1,1.25,0.50000,16,38,16,38,16,38,16,0,3,3,0.00,.,.,.
2013,PYS,W,PYS_W,PYS_W_2013,PYS_W_2013,1,1,1,1,1,0.00000,3,16,63,16,38,38,0,0,38,3,0.00,.,.,.
2013,PYS,W,PYS_W,PYS_W_2013,PYS_W_2013,1,1,1,1,1,0.00000,16,3,63,38,38,38,0,0,16,3,0.00,.,.,.
2013,PYS,W,PYS_W,PYS_W_2013,PYS_W_2013,1,1,1,1,1,0.00000,1,63,3,16,38,16,0,0,16,1,0.00,.,.,.
2013,PYS,W,PYS_W,PYS_W_2013,PYS_W_2013,1,1,1,1,1,0.00000,16,38,16,16,38,38,0,0,38,3,0.00,.,.,.
2013,PYS,W,PYS_W,PYS_W_2013,PYS_W_2013,1,1,1,1,1,0.00000,16,38,3,16,38,38,0,0,16,3,0.00,.,.,.
2013,PYS,W,PYS_W,PYS_W_2013,PYS_W_2013,1,1,1,1,1,0.00000,16,38,3,38,63,38,0,0,16,1,0.00,.,.,.
2013,PYS,W,PYS_W,PYS_W_2013,PYS_W_2013,1,1,1,1,1,0.00000,16,38,63,63,16,16,0,0,38,3,0.00,.,.,.
2013,PYS,W,PYS_W,PYS_W_2013,PYS_W_2013,1,1,1,1,1,0.00000,16,38,3,38,16,16,0,0,16,1,0.00,.,.,.
2013,PYS,W,PYS_W,PYS_W_2013,PYS_W_2013,1,1,1,1,1,0.00000,38,16,63,38,63,38,0,0,16,3,0.00,.,.,.
2013,PYS,W,PYS_W,PYS_W_2013,PYS_W_2013,1,0,1,1,0.75,0.50000,38,16,63,38,38,16,0,0,38,3,0.00,.,.,.
2013,PYW,C,PYW_C,PYW_C_2013,PYW_C_2013,4,5,7,7,5.75,1.50000,16,63,0,38,3,0,0,0,3,38,0.25,.,.,.
2013,PYW,C,PYW_C,PYW_C_2013,PYW_C_2013,5,5,5,4,4.75,0.50000,38,16,38,63,16,3,0,0,0,16,0.50,.,.,.
2013,PYW,C,PYW_C,PYW_C_2013,PYW_C_2013,4,4,6,5,4.75,0.95743,3,63,0,16,3,3,3,0,3,38,0.25,.,.,.
2013,PYW,C,PYW_C,PYW_C_2013,PYW_C_2013,5,5,4,5,4.75,0.50000,16,38,16,38,38,16,0,0,3,16,0.25,.,.,.
2013,PYW,C,PYW_C,PYW_C_2013,PYW_C_2013,4,5,5,4,4.5,0.57735,16,38,3,16,16,3,3,0,0,38,3.00,.,.,.
2013,PYW,C,PYW_C,PYW_C_2013,PYW_C_2013,5,3,6,4,4.5,1.29099,16,63,0,38,3,16,0,0,3,16,0.25,.,.,.
2013,PYW,C,PYW_C,PYW_C_2013,PYW_C_2013,5,4,4,4,4.25,0.50000,38,16,3,38,63,38,0,0,0,16,0.50,.,.,.
2013,PYW,C,PYW_C,PYW_C_2013,PYW_C_2013,4,4,5,4,4.25,0.50000,16,86,0,38,16,3,0,0,0,16,0.50,.,.,.
2013,PYW,C,PYW_C,PYW_C_2013,PYW_C_2013,4,4,4,5,4.25,0.50000,16,63,38,38,3,3,0,0,3,38,0.25,.,.,.
2013,PYW,C,PYW_C,PYW_C_2013,PYW_C_2013,4,3,4,5,4,0.81650,3,63,16,38,3,3,0,0,3,38,0.50,.,.,.
2013,PYW,C,PYW_C,PYW_C_2013,PYW_C_2013,5,3,3,4,3.75,0.95743,0,38,0,38,16,3,0,0,63,0,0.00,.,.,.
2013,PYW,C,PYW_C,PYW_C_2013,PYW_C_2013,3,4,4,4,3.75,0.50000,16,38,3,63,38,63,0,0,0,16,0.50,.,.,.
2013,PYW,C,PYW_C,PYW_C_2013,PYW_C_2013,3,4,4,3,3.5,0.57735,38,38,3,38,16,16,0,0,0,16,0.50,.,.,.
2013,PYW,C,PYW_C,PYW_C_2013,PYW_C_2013,4,3,3,4,3.5,0.57735,16,38,3,63,38,3,0,0,0,63,1.00,.,.,.
2013,PYW,C,PYW_C,PYW_C_2013,PYW_C_2013,4,3,3,3,3.25,0.50000,38,16,16,16,38,38,0,0,16,3,0.00,.,.,.
2013,PYW,C,PYW_C,PYW_C_2013,PYW_C_2013,3,3,3,4,3.25,0.50000,16,38,3,16,3,3,0,0,0,38,2.00,.,.,.
2013,PYW,C,PYW_C,PYW_C_2013,PYW_C_2013,3,3,3,4,3.25,0.50000,16,63,16,38,3,16,0,0,0,16,0.25,.,.,.
2013,PYW,C,PYW_C,PYW_C_2013,PYW_C_2013,3,3,4,3,3.25,0.50000,16,38,16,38,3,63,0,0,3,38,0.50,.,.,.
2013,PYW,C,PYW_C,PYW_C_2013,PYW_C_2013,4,3,3,3,3.25,0.50000,38,38,16,16,3,63,0,0,3,3,0.00,.,.,.
2013,PYW,C,PYW_C,PYW_C_2013,PYW_C_2013,4,3,3,3,3.25,0.50000,38,16,3,38,38,16,0,0,0,16,0.25,.,.,.
2013,PYW,C,PYW_C,PYW_C_2013,PYW_C_2013,3,3,2,4,3,0.81650,16,16,3,16,16,63,0,0,1,16,0.50,.,.,.
2013,PYW,C,PYW_C,PYW_C_2013,PYW_C_2013,3,3,3,3,3,0.00000,63,3,0,16,16,16,0,0,3,16,0.00,.,.,.
2013,PYW,C,PYW_C,PYW_C_2013,PYW_C_2013,2,2,3,4,2.75,0.95743,38,16,0,38,3,16,0,0,3,16,0.25,.,.,.
2013,PYW,C,PYW_C,PYW_C_2013,PYW_C_2013,3,3,3,2,2.75,0.50000,38,38,3,16,63,38,0,0,3,16,0.25,.,.,.
2013,PYW,C,PYW_C,PYW_C_2013,PYW_C_2013,2,3,3,2,2.5,0.57735,38,16,3,63,16,38,0,0,3,16,0.50,.,.,.
2013,PYW,C,PYW_C,PYW_C_2013,PYW_C_2013,3,2,2,3,2.5,0.57735,38,16,0,16,16,38,0,0,3,3,1.00,.,.,.
2013,PYW,C,PYW_C,PYW_C_2013,PYW_C_2013,2,2,2,3,2.25,0.50000,38,16,0,16,38,38,0,0,3,16,0.25,.,.,.
2013,PYW,C,PYW_C,PYW_C_2013,PYW_C_2013,2,2,2,2,2,0.00000,16,38,3,16,16,38,0,0,16,3,0.00,.,.,.
2013,PYW,C,PYW_C,PYW_C_2013,PYW_C_2013,2,1,2,2,1.75,0.50000,16,16,0,38,38,16,0,0,3,3,0.00,.,.,.
2013,PYW,C,PYW_C,PYW_C_2013,PYW_C_2013,2,1,1,2,1.5,0.57735,38,3,16,16,38,16,0,0,38,3,0.00,.,.,.
2013,PYW,N,PYW_N,PYW_N_2013,PYW_N_2013,7,5,5,8,6.25,1.50000,0,63,63,3,3,0,38,0,0,3,0.00,.,.,.
2013,PYW,N,PYW_N,PYW_N_2013,PYW_N_2013,4,5,3,4,4,0.81650,0,63,0,3,16,16,0,0,0,38,1.50,.,.,.
2013,PYW,N,PYW_N,PYW_N_2013,PYW_N_2013,4,5,3,4,4,0.81650,63,38,3,16,16,38,0,0,3,3,0.00,.,.,.
2013,PYW,N,PYW_N,PYW_N_2013,PYW_N_2013,3,6,3,3,3.75,1.50000,0,63,63,16,3,16,0,0,0,16,1.50,.,.,.
2013,PYW,N,PYW_N,PYW_N_2013,PYW_N_2013,4,5,4,2,3.75,1.25831,0,63,3,16,3,16,0,0,1,38,1.00,.,.,.
2013,PYW,N,PYW_N,PYW_N_2013,PYW_N_2013,4,3,4,4,3.75,0.50000,3,63,0,16,16,16,0,0,0,38,1.50,.,.,.
2013,PYW,N,PYW_N,PYW_N_2013,PYW_N_2013,4,4,3,4,3.75,0.50000,16,38,3,16,16,38,0,0,0,16,0.50,.,.,.
2013,PYW,N,PYW_N,PYW_N_2013,PYW_N_2013,3,4,3,5,3.75,0.95743,16,38,0,38,16,38,0,0,16,3,0.00,.,.,.
2013,PYW,N,PYW_N,PYW_N_2013,PYW_N_2013,3,5,3,4,3.75,0.95743,16,38,3,38,16,16,16,0,3,16,0.50,.,.,.
2013,PYW,N,PYW_N,PYW_N_2013,PYW_N_2013,3,4,5,2,3.5,1.29099,3,63,16,16,3,16,0,0,0,16,0.50,.,.,.
2013,PYW,N,PYW_N,PYW_N_2013,PYW_N_2013,4,3,3,4,3.5,0.57735,0,38,38,16,16,16,16,0,3,16,0.50,.,.,.
2013,PYW,N,PYW_N,PYW_N_2013,PYW_N_2013,3,4,4,3,3.5,0.57735,16,38,0,38,16,38,0,0,1,16,0.50,.,.,.
2013,PYW,N,PYW_N,PYW_N_2013,PYW_N_2013,4,4,3,3,3.5,0.57735,38,38,3,38,16,63,0,0,3,16,0.25,.,.,.
2013,PYW,N,PYW_N,PYW_N_2013,PYW_N_2013,4,2,3,4,3.25,0.95743,0,63,0,38,16,16,0,0,0,38,1.00,.,.,.
2013,PYW,N,PYW_N,PYW_N_2013,PYW_N_2013,3,3,3,4,3.25,0.50000,16,38,16,38,3,38,0,0,3,16,0.75,.,.,.
2013,PYW,N,PYW_N,PYW_N_2013,PYW_N_2013,4,3,3,3,3.25,0.50000,3,63,3,16,3,38,0,0,3,16,1.00,.,.,.
2013,PYW,N,PYW_N,PYW_N_2013,PYW_N_2013,3,4,3,3,3.25,0.50000,3,63,3,38,0,38,0,0,3,16,0.25,.,.,.
2013,PYW,N,PYW_N,PYW_N_2013,PYW_N_2013,3,3,3,3,3,0.00000,0,38,16,38,3,16,0,0,0,38,1.75,.,.,.
2013,PYW,N,PYW_N,PYW_N_2013,PYW_N_2013,3,3,3,3,3,0.00000,16,38,16,38,3,38,0,0,1,16,0.25,.,.,.
2013,PYW,N,PYW_N,PYW_N_2013,PYW_N_2013,2,3,3,4,3,0.81650,38,38,3,38,16,38,0,0,3,3,0.50,.,.,.
2013,PYW,N,PYW_N,PYW_N_2013,PYW_N_2013,3,3,3,2,2.75,0.50000,3,63,16,16,16,38,0,0,0,38,1.00,.,.,.
2013,PYW,N,PYW_N,PYW_N_2013,PYW_N_2013,2,2,3,3,2.5,0.57735,0,63,3,16,0,38,0,0,3,16,0.25,.,.,.
2013,PYW,N,PYW_N,PYW_N_2013,PYW_N_2013,3,3,2,2,2.5,0.57735,16,38,0,38,16,38,0,0,16,3,0.00,.,.,.
2013,PYW,N,PYW_N,PYW_N_2013,PYW_N_2013,2,2,2,3,2.25,0.50000,0,38,0,1,63,16,0,0,3,0,0.00,.,.,.
2013,PYW,N,PYW_N,PYW_N_2013,PYW_N_2013,1,2,3,3,2.25,0.95743,0,38,38,38,16,16,0,0,16,16,0.00,.,.,.
2013,PYW,N,PYW_N,PYW_N_2013,PYW_N_2013,1,3,2,3,2.25,0.95743,63,16,16,16,63,16,0,0,3,3,0.25,.,.,.
2013,PYW,N,PYW_N,PYW_N_2013,PYW_N_2013,1,2,2,3,2,0.81650,0,38,3,38,16,38,0,0,3,3,0.00,.,.,.
2013,PYW,N,PYW_N,PYW_N_2013,PYW_N_2013,3,1,2,2,2,0.81650,0,38,0,16,38,16,0,0,3,16,0.00,.,.,.
2013,PYW,N,PYW_N,PYW_N_2013,PYW_N_2013,1,1,2,1,1.25,0.50000,0,86,0,3,0,16,3,0,1,16,0.25,.,.,.
2013,PYW,N,PYW_N,PYW_N_2013,PYW_N_2013,1,0,1,0,0.5,0.57735,16,16,0,3,0,16,0,0,63,1,0.00,.,.,.
2013,PYW,S,PYW_S,PYW_S_2013,PYW_S_2013,7,3,7,7,6,2.00000,3,38,38,16,38,16,0,0,0,38,1.25,.,.,.
2013,PYW,S,PYW_S,PYW_S_2013,PYW_S_2013,7,5,6,5,5.75,0.95743,3,3,16,38,38,38,0,0,0,38,1.00,.,.,.
2013,PYW,S,PYW_S,PYW_S_2013,PYW_S_2013,7,6,3,4,5,1.82574,3,16,38,38,16,0,0,0,0,38,0.50,.,.,.
2013,PYW,S,PYW_S,PYW_S_2013,PYW_S_2013,5,5,6,3,4.75,1.25831,16,3,63,38,63,16,0,0,1,38,0.50,.,.,.
2013,PYW,S,PYW_S,PYW_S_2013,PYW_S_2013,3,7,4,4,4.5,1.73205,16,16,16,38,16,38,0,0,0,38,0.50,.,.,.
2013,PYW,S,PYW_S,PYW_S_2013,PYW_S_2013,4,3,3,5,3.75,0.95743,38,38,0,16,3,38,0,0,0,38,0.50,.,.,.
2013,PYW,S,PYW_S,PYW_S_2013,PYW_S_2013,3,5,4,3,3.75,0.95743,3,16,3,38,16,38,16,0,3,16,0.00,.,.,.
2013,PYW,S,PYW_S,PYW_S_2013,PYW_S_2013,3,3,4,4,3.5,0.57735,38,16,16,16,16,38,0,0,0,38,1.50,.,.,.
2013,PYW,S,PYW_S,PYW_S_2013,PYW_S_2013,2,5,3,3,3.25,1.25831,16,16,86,63,16,38,0,0,0,38,1.50,.,.,.
2013,PYW,S,PYW_S,PYW_S_2013,PYW_S_2013,3,4,2,4,3.25,0.95743,3,16,16,38,16,16,0,0,0,38,2.00,.,.,.
2013,PYW,S,PYW_S,PYW_S_2013,PYW_S_2013,3,3,3,3,3,0.00000,16,16,16,16,16,38,0,0,3,16,1.50,.,.,.
2013,PYW,S,PYW_S,PYW_S_2013,PYW_S_2013,2,3,4,3,3,0.81650,1,16,38,38,16,16,16,0,3,16,0.50,.,.,.
2013,PYW,S,PYW_S,PYW_S_2013,PYW_S_2013,3,3,3,3,3,0.00000,16,16,38,38,16,16,0,0,3,16,0.25,.,.,.
2013,PYW,S,PYW_S,PYW_S_2013,PYW_S_2013,2,3,3,3,2.75,0.50000,16,63,0,3,3,38,0,0,3,3,0.00,.,.,.
2013,PYW,S,PYW_S,PYW_S_2013,PYW_S_2013,2,3,3,3,2.75,0.50000,16,38,3,3,38,16,0,0,16,16,1.00,.,.,.
2013,PYW,S,PYW_S,PYW_S_2013,PYW_S_2013,3,3,2,3,2.75,0.50000,16,38,16,16,16,38,3,0,0,16,0.50,.,.,.
2013,PYW,S,PYW_S,PYW_S_2013,PYW_S_2013,2,3,4,2,2.75,0.95743,3,3,16,63,3,38,0,0,0,16,0.75,.,.,.
2013,PYW,S,PYW_S,PYW_S_2013,PYW_S_2013,2,3,2,3,2.5,0.57735,16,38,38,16,16,38,0,0,3,3,0.00,.,.,.
2013,PYW,S,PYW_S,PYW_S_2013,PYW_S_2013,3,2,3,2,2.5,0.57735,3,16,16,63,16,16,0,0,3,16,1.00,.,.,.
2013,PYW,S,PYW_S,PYW_S_2013,PYW_S_2013,1,3,2,4,2.5,1.29099,16,16,16,38,16,38,0,0,3,16,0.25,.,.,.
2013,PYW,S,PYW_S,PYW_S_2013,PYW_S_2013,1,3,2,3,2.25,0.95743,16,16,86,38,3,38,0,0,3,16,0.00,.,.,.
2013,PYW,S,PYW_S,PYW_S_2013,PYW_S_2013,3,3,2,1,2.25,0.95743,38,3,38,38,3,16,0,0,16,16,0.50,.,.,.
2013,PYW,S,PYW_S,PYW_S_2013,PYW_S_2013,3,3,1,2,2.25,0.95743,3,16,38,63,16,38,0,0,3,16,1.00,.,.,.
2013,PYW,S,PYW_S,PYW_S_2013,PYW_S_2013,2,3,2,2,2.25,0.50000,0,38,3,16,3,38,0,0,3,16,2.00,.,.,.
2013,PYW,S,PYW_S,PYW_S_2013,PYW_S_2013,3,1,1,3,2,1.15470,38,38,38,16,3,3,0,0,16,16,0.00,.,.,.
2013,PYW,S,PYW_S,PYW_S_2013,PYW_S_2013,1,4,1,2,2,1.41421,3,16,16,38,16,38,0,0,3,16,0.00,.,.,.
2013,PYW,S,PYW_S,PYW_S_2013,PYW_S_2013,2,2,2,2,2,0.00000,3,16,38,3,38,16,0,0,3,3,0.00,.,.,.
2013,PYW,S,PYW_S,PYW_S_2013,PYW_S_2013,2,2,2,1,1.75,0.50000,38,3,38,38,3,16,0,0,16,3,0.00,.,.,.
2013,PYW,S,PYW_S,PYW_S_2013,PYW_S_2013,1,2,1,3,1.75,0.95743,1,16,38,63,3,38,0,0,0,38,1.75,.,.,.
2013,PYW,S,PYW_S,PYW_S_2013,PYW_S_2013,1,2,1,1,1.25,0.50000,38,38,3,16,16,38,3,0,16,3,0.00,.,.,.
2013,RCH2007,N,RCH2007_N,RCH2007_N_2013,RCH2007_N_2013,10,10,11,10,10.25,0.50000,0,38,0,63,0,16,0,0,16,86,2.00,.,.,.
2013,RCH2007,N,RCH2007_N,RCH2007_N_2013,RCH2007_N_2013,12,8,11,8,9.75,2.06155,0,0,0,63,3,0,38,0,0,86,7.00,.,.,.
2013,RCH2007,N,RCH2007_N,RCH2007_N_2013,RCH2007_N_2013,10,6,10,12,9.5,2.51661,16,63,16,38,38,0,0,0,0,86,4.00,.,.,.
2013,RCH2007,N,RCH2007_N,RCH2007_N_2013,RCH2007_N_2013,6,20,6,6,9.5,7.00000,0,3,0,63,16,0,3,0,0,86,2.00,.,.,.
2013,RCH2007,N,RCH2007_N,RCH2007_N_2013,RCH2007_N_2013,5,9,12,8,8.5,2.88675,0,63,0,38,38,0,0,0,3,86,5.00,.,.,.
2013,RCH2007,N,RCH2007_N,RCH2007_N_2013,RCH2007_N_2013,12,7,7,8,8.5,2.38048,0,3,0,63,3,0,16,0,0,63,2.00,.,.,.
2013,RCH2007,N,RCH2007_N,RCH2007_N_2013,RCH2007_N_2013,8,5,10,10,8.25,2.36291,0,3,0,63,3,38,0,0,63,16,0.00,.,.,.
2013,RCH2007,N,RCH2007_N,RCH2007_N_2013,RCH2007_N_2013,8,8,8,8,8,0.00000,0,63,0,3,63,0,0,0,0,86,3.00,.,.,.
2013,RCH2007,N,RCH2007_N,RCH2007_N_2013,RCH2007_N_2013,7,8,8,8,7.75,0.50000,0,0,0,98,0,0,0,0,0,86,3.00,.,.,.
2013,RCH2007,N,RCH2007_N,RCH2007_N_2013,RCH2007_N_2013,9,9,6,6,7.5,1.73205,0,38,16,38,38,3,16,0,0,98,10.00,.,.,.
2013,RCH2007,N,RCH2007_N,RCH2007_N_2013,RCH2007_N_2013,9,6,8,7,7.5,1.29099,0,38,3,63,63,0,0,0,38,63,2.00,.,.,.
2013,RCH2007,N,RCH2007_N,RCH2007_N_2013,RCH2007_N_2013,8,8,8,5,7.25,1.50000,38,38,38,38,3,0,0,0,0,86,3.00,.,.,.
2013,RCH2007,N,RCH2007_N,RCH2007_N_2013,RCH2007_N_2013,7,5,6,10,7,2.16025,0,16,0,63,38,0,0,0,0,86,3.00,.,.,.
2013,RCH2007,N,RCH2007_N,RCH2007_N_2013,RCH2007_N_2013,6,9,6,6,6.75,1.50000,0,38,86,63,38,0,0,0,0,98,5.00,.,.,.
2013,RCH2007,N,RCH2007_N,RCH2007_N_2013,RCH2007_N_2013,5,6,8,7,6.5,1.29099,0,38,16,38,16,0,16,0,0,98,6.00,.,.,.
2013,RCH2007,N,RCH2007_N,RCH2007_N_2013,RCH2007_N_2013,8,7,7,4,6.5,1.73205,0,16,98,86,38,0,3,0,0,86,4.00,.,.,.
2013,RCH2007,N,RCH2007_N,RCH2007_N_2013,RCH2007_N_2013,7,6,6,7,6.5,0.57735,0,16,3,63,0,38,0,0,0,86,1.00,.,.,.
2013,RCH2007,N,RCH2007_N,RCH2007_N_2013,RCH2007_N_2013,8,7,5,5,6.25,1.50000,0,63,16,38,38,0,0,0,0,86,3.00,.,.,.
2013,RCH2007,N,RCH2007_N,RCH2007_N_2013,RCH2007_N_2013,6,3,7,8,6,2.16025,0,0,3,98,0,3,3,0,38,38,1.00,.,.,.
2013,RCH2007,N,RCH2007_N,RCH2007_N_2013,RCH2007_N_2013,8,5,6,5,6,1.41421,3,0,0,86,16,0,0,0,16,63,3.00,.,.,.
2013,RCH2007,N,RCH2007_N,RCH2007_N_2013,RCH2007_N_2013,5,7,5,6,5.75,0.95743,0,86,16,16,16,0,0,0,0,86,6.00,.,.,.
2013,RCH2007,N,RCH2007_N,RCH2007_N_2013,RCH2007_N_2013,6,6,6,5,5.75,0.50000,0,3,16,86,0,16,0,0,0,98,3.00,.,.,.
2013,RCH2007,N,RCH2007_N,RCH2007_N_2013,RCH2007_N_2013,5,5,5,6,5.25,0.50000,0,0,0,98,3,0,0,0,16,63,2.00,.,.,.
2013,RCH2007,N,RCH2007_N,RCH2007_N_2013,RCH2007_N_2013,5,3,8,4,5,2.16025,0,0,0,86,0,0,0,0,0,86,1.00,.,.,.
2013,RCH2007,N,RCH2007_N,RCH2007_N_2013,RCH2007_N_2013,8,4,3,4,4.75,2.21736,0,63,0,16,3,0,0,0,16,86,3.00,.,.,.
2013,RCH2007,N,RCH2007_N,RCH2007_N_2013,RCH2007_N_2013,4,6,4,4,4.5,1.00000,0,16,0,63,16,0,16,0,16,86,5.00,.,.,.
2013,RCH2007,N,RCH2007_N,RCH2007_N_2013,RCH2007_N_2013,5,4,5,4,4.5,0.57735,0,63,0,38,0,0,0,0,0,86,2.00,.,.,.
2013,RCH2007,N,RCH2007_N,RCH2007_N_2013,RCH2007_N_2013,4,4,5,4,4.25,0.50000,0,63,0,38,3,0,0,0,0,86,1.00,.,.,.
2013,RCH2007,N,RCH2007_N,RCH2007_N_2013,RCH2007_N_2013,4,3,4,4,3.75,0.50000,0,86,38,3,3,0,3,0,0,86,2.00,.,.,.
2013,RCH2007,N,RCH2007_N,RCH2007_N_2013,RCH2007_N_2013,2,3,2,3,2.5,0.57735,16,16,38,16,3,16,0,0,38,38,0.50,.,.,.
2013,RCH2007,S,RCH2007_S,RCH2007_S_2013,RCH2007_S_2013,9,10,20,8,11.75,5.56028,0,0,0,16,98,0,0,0,1,86,3.00,.,.,.
2013,RCH2007,S,RCH2007_S,RCH2007_S_2013,RCH2007_S_2013,13,11,12,10,11.5,1.29099,0,3,0,86,16,0,16,0,0,86,3.00,.,.,.
2013,RCH2007,S,RCH2007_S,RCH2007_S_2013,RCH2007_S_2013,7,7,20,6,10,6.68331,0,38,0,3,63,0,3,0,0,86,4.00,.,.,.
2013,RCH2007,S,RCH2007_S,RCH2007_S_2013,RCH2007_S_2013,10,7,10,9,9,1.41421,0,38,0,38,16,0,0,0,38,38,1.00,.,.,.
2013,RCH2007,S,RCH2007_S,RCH2007_S_2013,RCH2007_S_2013,5,4,20,5,8.5,7.68115,3,63,0,3,38,0,3,0,0,63,3.25,.,.,.
2013,RCH2007,S,RCH2007_S,RCH2007_S_2013,RCH2007_S_2013,7,8,6,9,7.5,1.29099,3,86,3,3,3,0,0,0,0,86,4.00,.,.,.
2013,RCH2007,S,RCH2007_S,RCH2007_S_2013,RCH2007_S_2013,9,7,6,7,7.25,1.25831,0,16,0,16,63,0,16,0,38,38,1.50,.,.,.
2013,RCH2007,S,RCH2007_S,RCH2007_S_2013,RCH2007_S_2013,7,9,6,7,7.25,1.25831,0,63,16,16,38,0,3,0,0,98,2.50,.,.,.
2013,RCH2007,S,RCH2007_S,RCH2007_S_2013,RCH2007_S_2013,6,8,6,9,7.25,1.50000,0,63,63,16,38,0,0,0,0,98,7.00,.,.,.
2013,RCH2007,S,RCH2007_S,RCH2007_S_2013,RCH2007_S_2013,6,6,6,11,7.25,2.50000,0,0,0,98,0,0,0,0,0,86,2.00,.,.,.
2013,RCH2007,S,RCH2007_S,RCH2007_S_2013,RCH2007_S_2013,6,5,8,10,7.25,2.21736,0,0,0,86,16,0,0,0,0,86,3.00,.,.,.
2013,RCH2007,S,RCH2007_S,RCH2007_S_2013,RCH2007_S_2013,11,5,9,4,7.25,3.30404,16,38,0,3,63,0,0,0,0,86,2.00,.,.,.
2013,RCH2007,S,RCH2007_S,RCH2007_S_2013,RCH2007_S_2013,7,8,6,7,7,0.81650,0,63,0,16,38,0,0,0,0,86,5.25,.,.,.
2013,RCH2007,S,RCH2007_S,RCH2007_S_2013,RCH2007_S_2013,8,8,5,7,7,1.41421,0,63,0,38,0,0,0,0,0,86,6.00,.,.,.
2013,RCH2007,S,RCH2007_S,RCH2007_S_2013,RCH2007_S_2013,8,7,6,6,6.75,0.95743,0,0,0,98,0,0,0,0,0,86,1.50,.,.,.
2013,RCH2007,S,RCH2007_S,RCH2007_S_2013,RCH2007_S_2013,6,6,8,6,6.5,1.00000,16,38,0,3,38,0,0,0,16,86,1.00,.,.,.
2013,RCH2007,S,RCH2007_S,RCH2007_S_2013,RCH2007_S_2013,9,3,10,4,6.5,3.51188,0,98,0,3,0,0,0,0,0,86,3.00,.,.,.
2013,RCH2007,S,RCH2007_S,RCH2007_S_2013,RCH2007_S_2013,6,4,8,6,6,1.63299,0,38,0,63,38,0,0,0,3,86,3.00,.,.,.
2013,RCH2007,S,RCH2007_S,RCH2007_S_2013,RCH2007_S_2013,7,4,5,7,5.75,1.50000,38,38,63,38,63,0,0,0,0,86,2.00,.,.,.
2013,RCH2007,S,RCH2007_S,RCH2007_S_2013,RCH2007_S_2013,6,5,5,4,5,0.81650,0,86,0,3,16,0,0,0,0,86,2.75,.,.,.
2013,RCH2007,S,RCH2007_S,RCH2007_S_2013,RCH2007_S_2013,6,4,4,5,4.75,0.95743,0,63,0,16,16,0,0,0,0,86,4.50,.,.,.
2013,RCH2007,S,RCH2007_S,RCH2007_S_2013,RCH2007_S_2013,4,7,4,4,4.75,1.50000,0,86,3,16,3,0,0,0,0,86,5.25,.,.,.
2013,RCH2007,S,RCH2007_S,RCH2007_S_2013,RCH2007_S_2013,5,4,6,4,4.75,0.95743,0,38,0,38,0,0,16,0,3,86,1.00,.,.,.
2013,RCH2007,S,RCH2007_S,RCH2007_S_2013,RCH2007_S_2013,5,4,3,6,4.5,1.29099,63,38,0,3,38,0,3,0,0,86,3.50,.,.,.
2013,RCH2007,S,RCH2007_S,RCH2007_S_2013,RCH2007_S_2013,6,4,4,4,4.5,1.00000,38,38,16,16,16,0,16,0,0,86,4.00,.,.,.
2013,RCH2007,S,RCH2007_S,RCH2007_S_2013,RCH2007_S_2013,2,6,4,5,4.25,1.70783,0,38,98,63,16,3,0,0,0,63,4.50,.,.,.
2013,RCH2007,S,RCH2007_S,RCH2007_S_2013,RCH2007_S_2013,4,5,2,4,3.75,1.25831,38,38,0,3,16,0,0,0,1,86,3.25,.,.,.
2013,RCH2007,S,RCH2007_S,RCH2007_S_2013,RCH2007_S_2013,4,3,4,3,3.5,0.57735,63,38,0,3,16,0,0,0,0,86,0.75,.,.,.
2013,RCH2007,S,RCH2007_S,RCH2007_S_2013,RCH2007_S_2013,3,3,4,2,3,0.81650,3,38,16,38,16,0,0,0,3,86,1.50,.,.,.
2013,RCH2007,W,RCH2007_W,RCH2007_W_2013,RCH2007_W_2013,10,10,12,15,11.75,2.36291,0,3,0,3,3,0,86,0,0,86,6.00,.,.,.
2013,RCH2007,W,RCH2007_W,RCH2007_W_2013,RCH2007_W_2013,14,10,12,6,10.5,3.41565,0,38,0,16,38,0,38,0,0,98,19.00,.,.,.
2013,RCH2007,W,RCH2007_W,RCH2007_W_2013,RCH2007_W_2013,12,9,11,8,10,1.82574,0,3,0,98,0,3,0,0,0,86,4.00,.,.,.
2013,RCH2007,W,RCH2007_W,RCH2007_W_2013,RCH2007_W_2013,10,8,10,9,9.25,0.95743,0,0,0,98,3,0,0,0,0,86,3.00,.,.,.
2013,RCH2007,W,RCH2007_W,RCH2007_W_2013,RCH2007_W_2013,9,9,8,8,8.5,0.57735,0,16,63,16,86,0,3,0,63,38,3.00,.,.,.
2013,RCH2007,W,RCH2007_W,RCH2007_W_2013,RCH2007_W_2013,10,9,8,7,8.5,1.29099,0,16,0,98,3,0,0,0,0,86,2.00,.,.,.
2013,RCH2007,W,RCH2007_W,RCH2007_W_2013,RCH2007_W_2013,8,8,7,10,8.25,1.25831,0,16,0,86,0,0,16,0,0,86,2.00,.,.,.
2013,RCH2007,W,RCH2007_W,RCH2007_W_2013,RCH2007_W_2013,7,6,6,11,7.5,2.38048,3,16,0,16,16,63,0,0,0,86,3.00,.,.,.
2013,RCH2007,W,RCH2007_W,RCH2007_W_2013,RCH2007_W_2013,6,8,6,7,6.75,0.95743,0,63,0,3,63,0,38,0,0,86,6.00,.,.,.
2013,RCH2007,W,RCH2007_W,RCH2007_W_2013,RCH2007_W_2013,7,6,7,7,6.75,0.50000,0,16,16,16,63,0,3,0,0,63,2.00,.,.,.
2013,RCH2007,W,RCH2007_W,RCH2007_W_2013,RCH2007_W_2013,5,7,7,7,6.5,1.00000,0,0,0,63,38,3,0,0,0,86,2.00,.,.,.
2013,RCH2007,W,RCH2007_W,RCH2007_W_2013,RCH2007_W_2013,5,5,5,11,6.5,3.00000,0,16,0,63,16,0,0,0,0,86,3.00,.,.,.
2013,RCH2007,W,RCH2007_W,RCH2007_W_2013,RCH2007_W_2013,9,5,5,6,6.25,1.89297,63,16,0,3,16,38,0,0,0,86,3.00,.,.,.
2013,RCH2007,W,RCH2007_W,RCH2007_W_2013,RCH2007_W_2013,7,7,8,3,6.25,2.21736,0,38,16,38,38,0,0,0,0,86,2.00,.,.,.
2013,RCH2007,W,RCH2007_W,RCH2007_W_2013,RCH2007_W_2013,6,5,6,7,6,0.81650,16,63,0,3,3,0,0,0,0,86,2.00,.,.,.
2013,RCH2007,W,RCH2007_W,RCH2007_W_2013,RCH2007_W_2013,8,5,6,5,6,1.41421,0,16,3,63,16,0,0,0,0,86,2.00,.,.,.
2013,RCH2007,W,RCH2007_W,RCH2007_W_2013,RCH2007_W_2013,4,7,8,5,6,1.82574,0,16,63,16,38,0,38,0,3,86,3.00,.,.,.
2013,RCH2007,W,RCH2007_W,RCH2007_W_2013,RCH2007_W_2013,4,8,4,6,5.5,1.91485,16,16,0,3,63,0,0,0,0,86,3.00,.,.,.
2013,RCH2007,W,RCH2007_W,RCH2007_W_2013,RCH2007_W_2013,5,6,4,7,5.5,1.29099,0,38,0,38,38,0,0,0,0,98,6.00,.,.,.
2013,RCH2007,W,RCH2007_W,RCH2007_W_2013,RCH2007_W_2013,4,3,9,4,5,2.70801,0,86,0,1,16,0,0,0,0,98,4.00,.,.,.
2013,RCH2007,W,RCH2007_W,RCH2007_W_2013,RCH2007_W_2013,7,4,4,4,4.75,1.50000,0,0,16,63,16,3,16,0,38,38,1.00,.,.,.
2013,RCH2007,W,RCH2007_W,RCH2007_W_2013,RCH2007_W_2013,9,5,2,3,4.75,3.09570,38,63,0,3,38,0,0,0,3,86,2.00,.,.,.
2013,RCH2007,W,RCH2007_W,RCH2007_W_2013,RCH2007_W_2013,6,4,4,4,4.5,1.00000,0,86,0,16,3,0,0,0,0,86,5.00,.,.,.
2013,RCH2007,W,RCH2007_W,RCH2007_W_2013,RCH2007_W_2013,5,5,4,4,4.5,0.57735,0,63,0,16,0,3,0,0,0,86,4.00,.,.,.
2013,RCH2007,W,RCH2007_W,RCH2007_W_2013,RCH2007_W_2013,5,4,4,4,4.25,0.50000,38,63,0,3,16,16,0,0,0,86,6.00,.,.,.
2013,RCH2007,W,RCH2007_W,RCH2007_W_2013,RCH2007_W_2013,4,3,6,4,4.25,1.25831,3,38,86,38,16,0,0,0,0,63,3.00,.,.,.
2013,RCH2007,W,RCH2007_W,RCH2007_W_2013,RCH2007_W_2013,2,4,6,4,4,1.63299,0,38,38,38,38,3,0,0,0,63,2.00,.,.,.
2013,RCH2007,W,RCH2007_W,RCH2007_W_2013,RCH2007_W_2013,4,4,4,3,3.75,0.50000,3,86,63,3,3,0,0,0,0,98,8.00,.,.,.
2013,RCH2007,W,RCH2007_W,RCH2007_W_2013,RCH2007_W_2013,3,2,6,4,3.75,1.70783,0,86,0,3,3,0,0,0,0,98,2.00,.,.,.
2013,RCH2007,W,RCH2007_W,RCH2007_W_2013,RCH2007_W_2013,4,5,2,2,3.25,1.50000,0,63,0,3,16,16,0,0,0,86,1.00,.,.,.
2013,RIN,E,RIN_E,RIN_E_2013,RIN_E_2013,11,10,13,12,11.5,1.29099,3,0,3,3,98,0,16,0,63,16,0.25,.,.,.
2013,RIN,E,RIN_E,RIN_E_2013,RIN_E_2013,13,12,12,9,11.5,1.73205,0,0,0,16,86,16,0,0,63,38,0.25,.,.,.
2013,RIN,E,RIN_E,RIN_E_2013,RIN_E_2013,7,12,7,9,8.75,2.36291,16,0,98,16,86,3,16,0,38,38,3.00,.,.,.
2013,RIN,E,RIN_E,RIN_E_2013,RIN_E_2013,8,8,8,8,8,0.00000,0,0,38,16,16,16,0,0,86,86,6.25,.,.,.
2013,RIN,E,RIN_E,RIN_E_2013,RIN_E_2013,8,5,6,9,7,1.82574,0,0,0,86,16,16,0,0,3,86,1.25,.,.,.
2013,RIN,E,RIN_E,RIN_E_2013,RIN_E_2013,7,4,7,8,6.5,1.73205,63,0,0,0,38,3,38,0,1,86,3.00,.,.,.
2013,RIN,E,RIN_E,RIN_E_2013,RIN_E_2013,6,4,6,7,5.75,1.25831,86,0,0,0,38,0,0,0,3,98,4.25,.,.,.
2013,RIN,E,RIN_E,RIN_E_2013,RIN_E_2013,5,5,4,7,5.25,1.25831,63,0,86,38,3,16,0,0,3,86,4.75,.,.,.
2013,RIN,E,RIN_E,RIN_E_2013,RIN_E_2013,6,5,5,5,5.25,0.50000,86,0,86,3,38,3,0,0,0,86,3.00,.,.,.
2013,RIN,E,RIN_E,RIN_E_2013,RIN_E_2013,6,6,4,5,5.25,0.95743,63,0,0,3,38,38,0,0,16,86,5.00,.,.,.
2013,RIN,E,RIN_E,RIN_E_2013,RIN_E_2013,6,4,4,6,5,1.15470,86,0,0,0,38,0,0,0,16,86,6.25,.,.,.
2013,RIN,E,RIN_E,RIN_E_2013,RIN_E_2013,5,6,5,4,5,0.81650,63,0,0,0,16,0,16,0,3,86,8.00,.,.,.
2013,RIN,E,RIN_E,RIN_E_2013,RIN_E_2013,4,4,6,5,4.75,0.95743,86,0,86,16,16,0,0,0,3,86,2.50,.,.,.
2013,RIN,E,RIN_E,RIN_E_2013,RIN_E_2013,5,5,4,5,4.75,0.50000,98,0,0,0,3,0,16,0,0,98,5.25,.,.,.
2013,RIN,E,RIN_E,RIN_E_2013,RIN_E_2013,4,5,4,5,4.5,0.57735,3,0,0,0,86,16,0,0,16,38,2.50,.,.,.
2013,RIN,E,RIN_E,RIN_E_2013,RIN_E_2013,6,4,3,5,4.5,1.29099,38,0,98,38,16,0,0,0,16,86,3.75,.,.,.
2013,RIN,E,RIN_E,RIN_E_2013,RIN_E_2013,6,3,5,4,4.5,1.29099,63,0,0,0,63,3,0,0,16,63,2.75,.,.,.
2013,RIN,E,RIN_E,RIN_E_2013,RIN_E_2013,4,4,4,4,4,0.00000,63,0,0,0,38,0,0,0,16,63,4.00,.,.,.
2013,RIN,E,RIN_E,RIN_E_2013,RIN_E_2013,4,4,4,4,4,0.00000,63,0,86,16,38,0,0,0,3,86,7.50,.,.,.
2013,RIN,E,RIN_E,RIN_E_2013,RIN_E_2013,4,4,4,4,4,0.00000,38,0,86,3,38,0,16,0,3,86,5.00,.,.,.
2013,RIN,E,RIN_E,RIN_E_2013,RIN_E_2013,4,4,4,4,4,0.00000,63,0,98,16,38,3,0,0,3,86,4.00,.,.,.
2013,RIN,E,RIN_E,RIN_E_2013,RIN_E_2013,5,3,4,4,4,0.81650,63,0,98,16,38,3,0,0,38,63,3.75,.,.,.
2013,RIN,E,RIN_E,RIN_E_2013,RIN_E_2013,3,4,4,4,3.75,0.50000,63,0,63,3,16,0,0,0,16,86,0.25,.,.,.
2013,RIN,E,RIN_E,RIN_E_2013,RIN_E_2013,4,4,3,4,3.75,0.50000,86,0,86,16,3,0,0,0,16,63,4.00,.,.,.
2013,RIN,E,RIN_E,RIN_E_2013,RIN_E_2013,3,4,4,4,3.75,0.50000,63,0,86,16,16,0,0,0,16,63,2.75,.,.,.
2013,RIN,E,RIN_E,RIN_E_2013,RIN_E_2013,4,3,3,4,3.5,0.57735,86,0,63,3,16,0,0,0,16,86,5.00,.,.,.
2013,RIN,E,RIN_E,RIN_E_2013,RIN_E_2013,3,4,3,4,3.5,0.57735,63,0,98,3,16,0,0,0,63,38,2.75,.,.,.
2013,RIN,E,RIN_E,RIN_E_2013,RIN_E_2013,4,4,2,3,3.25,0.95743,86,0,0,0,38,0,0,0,1,86,3.75,.,.,.
2013,RIN,E,RIN_E,RIN_E_2013,RIN_E_2013,3,3,3,3,3,0.00000,38,0,86,38,38,0,0,0,38,63,3.25,.,.,.
2013,RIN,S,RIN_S,RIN_S_2013,RIN_S_2013,13,12,10,11,11.5,1.29099,3,0,3,3,38,63,0,0,38,38,0.25,.,.,.
2013,RIN,S,RIN_S,RIN_S_2013,RIN_S_2013,12,10,11,11,11,0.81650,3,0,0,0,63,16,0,0,63,1,0.00,.,.,.
2013,RIN,S,RIN_S,RIN_S_2013,RIN_S_2013,9,7,6,10,8,1.82574,3,0,86,3,63,3,3,3,38,38,0.25,.,.,.
2013,RIN,S,RIN_S,RIN_S_2013,RIN_S_2013,7,6,6,8,6.75,0.95743,86,0,86,3,3,0,0,0,16,63,4.00,.,.,.
2013,RIN,S,RIN_S,RIN_S_2013,RIN_S_2013,7,7,5,6,6.25,0.95743,3,0,63,16,86,3,0,0,38,38,3.75,.,.,.
2013,RIN,S,RIN_S,RIN_S_2013,RIN_S_2013,7,6,6,6,6.25,0.50000,38,0,86,16,38,0,16,0,38,63,8.25,.,.,.
2013,RIN,S,RIN_S,RIN_S_2013,RIN_S_2013,4,5,6,7,5.5,1.29099,86,0,0,0,38,0,0,0,0,86,4.25,.,.,.
2013,RIN,S,RIN_S,RIN_S_2013,RIN_S_2013,5,5,6,6,5.5,0.57735,98,0,86,3,0,0,0,0,3,98,3.75,.,.,.
2013,RIN,S,RIN_S,RIN_S_2013,RIN_S_2013,4,6,6,6,5.5,1.00000,63,0,86,3,38,0,0,0,3,86,7.75,.,.,.
2013,RIN,S,RIN_S,RIN_S_2013,RIN_S_2013,6,5,5,6,5.5,0.57735,86,0,63,3,16,0,0,0,3,86,8.00,.,.,.
2013,RIN,S,RIN_S,RIN_S_2013,RIN_S_2013,5,5,5,6,5.25,0.50000,38,0,0,16,63,0,0,0,16,86,3.25,.,.,.
2013,RIN,S,RIN_S,RIN_S_2013,RIN_S_2013,6,5,5,5,5.25,0.50000,38,0,98,3,63,0,0,0,3,86,4.75,.,.,.
2013,RIN,S,RIN_S,RIN_S_2013,RIN_S_2013,6,5,5,5,5.25,0.50000,3,0,86,38,63,3,0,0,38,16,3.00,.,.,.
2013,RIN,S,RIN_S,RIN_S_2013,RIN_S_2013,4,5,6,5,5,0.81650,63,0,16,3,16,16,0,0,3,86,5.25,.,.,.
2013,RIN,S,RIN_S,RIN_S_2013,RIN_S_2013,5,5,4,6,5,0.81650,86,0,98,3,38,0,0,0,1,98,7.00,.,.,.
2013,RIN,S,RIN_S,RIN_S_2013,RIN_S_2013,4,5,5,6,5,0.81650,63,0,63,16,16,0,0,0,1,86,4.25,.,.,.
2013,RIN,S,RIN_S,RIN_S_2013,RIN_S_2013,4,5,5,5,4.75,0.50000,98,0,0,1,1,0,0,0,3,86,10.00,.,.,.
2013,RIN,S,RIN_S,RIN_S_2013,RIN_S_2013,4,6,3,5,4.5,1.29099,63,0,63,38,16,3,0,0,16,63,1.75,.,.,.
2013,RIN,S,RIN_S,RIN_S_2013,RIN_S_2013,4,5,4,5,4.5,0.57735,63,0,63,16,38,16,0,0,3,63,8.00,.,.,.
2013,RIN,S,RIN_S,RIN_S_2013,RIN_S_2013,4,6,4,4,4.5,1.00000,63,0,86,16,16,3,0,0,3,86,3.50,.,.,.
2013,RIN,S,RIN_S,RIN_S_2013,RIN_S_2013,4,4,4,5,4.25,0.50000,63,0,98,3,38,3,0,0,3,63,9.00,.,.,.
2013,RIN,S,RIN_S,RIN_S_2013,RIN_S_2013,4,5,4,4,4.25,0.50000,63,0,0,0,38,3,0,0,16,86,4.50,.,.,.
2013,RIN,S,RIN_S,RIN_S_2013,RIN_S_2013,3,5,5,4,4.25,0.95743,16,0,16,3,63,3,0,0,3,86,5.25,.,.,.
2013,RIN,S,RIN_S,RIN_S_2013,RIN_S_2013,4,4,5,4,4.25,0.50000,63,0,98,16,38,0,0,0,3,86,6.25,.,.,.
2013,RIN,S,RIN_S,RIN_S_2013,RIN_S_2013,4,4,3,5,4,0.81650,86,0,63,16,16,0,0,0,3,86,3.00,.,.,.
2013,RIN,S,RIN_S,RIN_S_2013,RIN_S_2013,4,4,3,4,3.75,0.50000,86,0,86,3,3,3,0,0,3,86,3.00,.,.,.
2013,RIN,S,RIN_S,RIN_S_2013,RIN_S_2013,3,4,4,4,3.75,0.50000,98,0,0,0,3,0,0,0,0,98,5.75,.,.,.
2013,RIN,S,RIN_S,RIN_S_2013,RIN_S_2013,3,4,4,4,3.75,0.50000,38,0,63,3,63,3,0,0,16,63,8.50,.,.,.
2013,RIN,S,RIN_S,RIN_S_2013,RIN_S_2013,4,3,2,4,3.25,0.95743,63,0,0,3,3,3,0,0,16,63,4.00,.,.,.
2013,RIN,S,RIN_S,RIN_S_2013,RIN_S_2013,3,4,3,3,3.25,0.50000,86,0,86,16,3,0,0,0,16,86,5.75,.,.,.
2013,RIN,W,RIN_W,RIN_W_2013,RIN_W_2013,13,8,12,12,11.25,2.21736,0,0,0,3,86,3,0,0,63,38,1.00,.,.,.
2013,RIN,W,RIN_W,RIN_W_2013,RIN_W_2013,12,10,10,10,10.5,1.00000,16,0,0,16,86,3,0,0,38,63,0.25,.,.,.
2013,RIN,W,RIN_W,RIN_W_2013,RIN_W_2013,10,11,10,9,10,0.81650,3,0,0,3,63,0,38,0,38,63,2.00,.,.,.
2013,RIN,W,RIN_W,RIN_W_2013,RIN_W_2013,12,11,6,10,9.75,2.62996,38,0,86,16,63,0,16,0,63,16,2.00,.,.,.
2013,RIN,W,RIN_W,RIN_W_2013,RIN_W_2013,10,10,10,9,9.75,0.50000,0,0,86,16,38,3,63,0,63,16,1.50,.,.,.
2013,RIN,W,RIN_W,RIN_W_2013,RIN_W_2013,8,8,6,8,7.5,1.00000,16,0,63,16,86,3,0,0,38,63,1.50,.,.,.
2013,RIN,W,RIN_W,RIN_W_2013,RIN_W_2013,7,9,7,6,7.25,1.25831,63,0,63,16,16,3,63,0,16,63,4.50,.,.,.
2013,RIN,W,RIN_W,RIN_W_2013,RIN_W_2013,7,7,5,7,6.5,1.00000,16,0,86,16,63,3,3,0,38,38,0.50,.,.,.
2013,RIN,W,RIN_W,RIN_W_2013,RIN_W_2013,5,6,7,6,6,0.81650,86,0,0,3,38,0,0,0,16,86,1.75,.,.,.
2013,RIN,W,RIN_W,RIN_W_2013,RIN_W_2013,8,4,4,7,5.75,2.06155,38,0,86,38,38,0,0,0,1,98,4.25,.,.,.
2013,RIN,W,RIN_W,RIN_W_2013,RIN_W_2013,6,6,4,6,5.5,1.00000,63,0,16,16,16,0,0,0,3,86,3.00,.,.,.
2013,RIN,W,RIN_W,RIN_W_2013,RIN_W_2013,6,6,5,5,5.5,0.57735,63,0,0,0,38,3,16,0,3,63,4.00,.,.,.
2013,RIN,W,RIN_W,RIN_W_2013,RIN_W_2013,7,6,4,5,5.5,1.29099,86,0,63,16,16,0,0,0,16,63,2.50,.,.,.
2013,RIN,W,RIN_W,RIN_W_2013,RIN_W_2013,4,6,6,6,5.5,1.00000,86,0,86,16,38,3,0,0,3,86,2.25,.,.,.
2013,RIN,W,RIN_W,RIN_W_2013,RIN_W_2013,5,5,4,6,5,0.81650,63,0,86,16,38,3,16,0,16,86,3.00,.,.,.
2013,RIN,W,RIN_W,RIN_W_2013,RIN_W_2013,4,6,5,5,5,0.81650,38,0,98,38,38,0,0,0,16,86,5.50,.,.,.
2013,RIN,W,RIN_W,RIN_W_2013,RIN_W_2013,6,5,4,5,5,0.81650,86,0,86,38,38,0,0,0,1,86,3.00,.,.,.
2013,RIN,W,RIN_W,RIN_W_2013,RIN_W_2013,6,6,3,4,4.75,1.50000,38,0,98,3,63,0,16,0,1,86,3.50,.,.,.
2013,RIN,W,RIN_W,RIN_W_2013,RIN_W_2013,6,5,4,4,4.75,0.95743,86,0,63,38,3,0,16,0,3,86,2.75,.,.,.
2013,RIN,W,RIN_W,RIN_W_2013,RIN_W_2013,5,5,5,4,4.75,0.50000,63,0,38,16,3,0,0,0,0,86,2.50,.,.,.
2013,RIN,W,RIN_W,RIN_W_2013,RIN_W_2013,4,6,4,5,4.75,0.95743,63,0,86,16,38,0,0,0,0,98,8.50,.,.,.
2013,RIN,W,RIN_W,RIN_W_2013,RIN_W_2013,5,5,4,4,4.5,0.57735,0,0,86,16,0,0,38,0,3,86,4.25,.,.,.
2013,RIN,W,RIN_W,RIN_W_2013,RIN_W_2013,5,4,5,4,4.5,0.57735,86,0,86,16,16,0,0,0,1,86,6.00,.,.,.
2013,RIN,W,RIN_W,RIN_W_2013,RIN_W_2013,4,4,5,5,4.5,0.57735,38,0,98,38,38,0,0,0,16,86,2.25,.,.,.
2013,RIN,W,RIN_W,RIN_W_2013,RIN_W_2013,5,5,4,4,4.5,0.57735,86,0,38,16,16,0,0,0,3,86,1.00,.,.,.
2013,RIN,W,RIN_W,RIN_W_2013,RIN_W_2013,5,4,4,5,4.5,0.57735,63,0,0,16,16,0,16,0,38,63,2.00,.,.,.
2013,RIN,W,RIN_W,RIN_W_2013,RIN_W_2013,5,5,3,4,4.25,0.95743,63,0,98,38,3,0,0,0,3,86,4.00,.,.,.
2013,RIN,W,RIN_W,RIN_W_2013,RIN_W_2013,5,4,3,5,4.25,0.95743,86,0,0,3,16,16,0,0,3,86,4.25,.,.,.
2013,RIN,W,RIN_W,RIN_W_2013,RIN_W_2013,4,4,3,4,3.75,0.50000,63,0,86,38,16,0,0,0,38,38,2.00,.,.,.
2013,RIN,W,RIN_W,RIN_W_2013,RIN_W_2013,4,3,3,4,3.5,0.57735,38,0,98,63,16,0,0,0,1,86,3.50,.,.,.
2013,RIN,W,RIN_W,RIN_W_2013,RIN_W_2013,3,4,3,4,3.5,0.57735,38,0,38,38,63,3,3,0,16,63,3.75,.,.,.
2013,RIS,C,RIS_C,RIS_C_2013,RIS_C_2013,10,6,5,4,6.25,2.62996,63,16,0,3,38,3,38,0,0,86,2.00,.,.,.
2013,RIS,C,RIS_C,RIS_C_2013,RIS_C_2013,5,11,5,4,6.25,3.20156,38,3,0,3,38,16,0,0,3,86,4.50,.,.,.
2013,RIS,C,RIS_C,RIS_C_2013,RIS_C_2013,4,6,6,6,5.5,1.00000,16,3,63,16,63,16,16,0,3,63,0.75,.,.,.
2013,RIS,C,RIS_C,RIS_C_2013,RIS_C_2013,4,8,6,4,5.5,1.91485,3,38,63,38,38,16,0,0,0,98,9.25,.,.,.
2013,RIS,C,RIS_C,RIS_C_2013,RIS_C_2013,5,5,6,5,5.25,0.50000,0,38,0,3,38,3,16,0,0,86,3.00,.,.,.
2013,RIS,C,RIS_C,RIS_C_2013,RIS_C_2013,8,4,5,3,5,2.16025,0,86,86,16,16,3,0,0,0,86,1.00,.,.,.
2013,RIS,C,RIS_C,RIS_C_2013,RIS_C_2013,5,5,5,4,4.75,0.50000,86,3,38,3,3,3,0,0,16,86,4.50,.,.,.
2013,RIS,C,RIS_C,RIS_C_2013,RIS_C_2013,6,4,3,6,4.75,1.50000,63,0,0,3,38,3,3,0,0,86,2.50,.,.,.
2013,RIS,C,RIS_C,RIS_C_2013,RIS_C_2013,4,6,6,3,4.75,1.50000,0,98,0,1,3,0,0,0,0,98,14.00,.,.,.
2013,RIS,C,RIS_C,RIS_C_2013,RIS_C_2013,4,6,4,4,4.5,1.00000,16,38,0,38,16,38,0,0,0,86,2.50,.,.,.
2013,RIS,C,RIS_C,RIS_C_2013,RIS_C_2013,4,4,5,4,4.25,0.50000,86,0,0,3,16,3,0,0,0,86,2.75,.,.,.
2013,RIS,C,RIS_C,RIS_C_2013,RIS_C_2013,5,4,4,4,4.25,0.50000,38,16,3,16,16,16,0,0,0,63,5.00,.,.,.
2013,RIS,C,RIS_C,RIS_C_2013,RIS_C_2013,4,4,5,4,4.25,0.50000,63,16,38,3,16,16,0,0,3,63,2.50,.,.,.
2013,RIS,C,RIS_C,RIS_C_2013,RIS_C_2013,4,5,5,3,4.25,0.95743,16,16,0,3,38,16,16,0,16,63,1.50,.,.,.
2013,RIS,C,RIS_C,RIS_C_2013,RIS_C_2013,5,5,4,3,4.25,0.95743,16,16,16,16,16,38,0,0,16,63,1.00,.,.,.
2013,RIS,C,RIS_C,RIS_C_2013,RIS_C_2013,4,7,3,3,4.25,1.89297,3,63,0,3,16,16,0,0,0,86,2.75,.,.,.
2013,RIS,C,RIS_C,RIS_C_2013,RIS_C_2013,5,5,4,3,4.25,0.95743,38,38,63,16,0,63,0,0,3,86,1.00,.,.,.
2013,RIS,C,RIS_C,RIS_C_2013,RIS_C_2013,3,4,5,4,4,0.81650,38,38,0,16,16,38,0,0,0,86,1.50,.,.,.
2013,RIS,C,RIS_C,RIS_C_2013,RIS_C_2013,4,3,6,3,4,1.41421,63,16,86,16,16,3,0,0,16,63,1.00,.,.,.
2013,RIS,C,RIS_C,RIS_C_2013,RIS_C_2013,4,3,4,4,3.75,0.50000,63,3,3,3,3,16,16,0,16,63,4.50,.,.,.
2013,RIS,C,RIS_C,RIS_C_2013,RIS_C_2013,4,4,4,3,3.75,0.50000,98,3,3,3,3,3,0,0,0,86,2.75,.,.,.
2013,RIS,C,RIS_C,RIS_C_2013,RIS_C_2013,5,3,4,3,3.75,0.95743,16,38,38,16,38,3,0,0,3,63,2.00,.,.,.
2013,RIS,C,RIS_C,RIS_C_2013,RIS_C_2013,4,3,3,3,3.25,0.50000,16,38,63,38,16,38,0,0,16,63,4.00,.,.,.
2013,RIS,C,RIS_C,RIS_C_2013,RIS_C_2013,3,3,3,4,3.25,0.50000,16,38,0,3,16,63,0,0,3,86,1.75,.,.,.
2013,RIS,C,RIS_C,RIS_C_2013,RIS_C_2013,3,2,4,3,3,0.81650,16,16,3,16,16,63,0,0,3,63,2.00,.,.,.
2013,RIS,C,RIS_C,RIS_C_2013,RIS_C_2013,3,3,3,2,2.75,0.50000,16,63,0,3,3,38,0,0,0,86,1.00,.,.,.
2013,RIS,C,RIS_C,RIS_C_2013,RIS_C_2013,4,2,2,2,2.5,1.00000,38,0,63,38,3,38,0,0,0,86,1.00,.,.,.
2013,RIS,C,RIS_C,RIS_C_2013,RIS_C_2013,3,2,2,2,2.25,0.50000,16,38,0,16,3,38,0,0,16,63,1.50,.,.,.
2013,RIS,C,RIS_C,RIS_C_2013,RIS_C_2013,2,2,2,2,2,0.00000,16,3,63,38,3,16,0,0,63,16,0.25,.,.,.
2013,RIS,C,RIS_C,RIS_C_2013,RIS_C_2013,1,1,2,1,1.25,0.50000,0,38,0,16,3,38,0,0,3,63,0.25,.,.,.
2013,RIS,N,RIS_N,RIS_N_2013,RIS_N_2013,20,11,6,4,10.25,7.13559,0,63,0,3,38,3,38,0,0,98,3.75,.,.,.
2013,RIS,N,RIS_N,RIS_N_2013,RIS_N_2013,9,9,8,10,9,0.81650,0,38,86,16,63,0,0,0,0,98,1.00,.,.,.
2013,RIS,N,RIS_N,RIS_N_2013,RIS_N_2013,4,6,6,7,5.75,1.25831,0,86,0,3,3,0,16,0,0,98,4.75,.,.,.
2013,RIS,N,RIS_N,RIS_N_2013,RIS_N_2013,7,4,6,6,5.75,1.25831,16,16,16,3,63,3,16,0,0,98,5.25,.,.,.
2013,RIS,N,RIS_N,RIS_N_2013,RIS_N_2013,6,5,6,5,5.5,0.57735,0,16,16,38,38,0,38,0,0,98,4.50,.,.,.
2013,RIS,N,RIS_N,RIS_N_2013,RIS_N_2013,5,4,7,6,5.5,1.29099,3,38,0,3,16,16,16,0,0,98,9.00,.,.,.
2013,RIS,N,RIS_N,RIS_N_2013,RIS_N_2013,6,5,6,5,5.5,0.57735,16,16,0,16,38,38,0,0,0,86,3.50,.,.,.
2013,RIS,N,RIS_N,RIS_N_2013,RIS_N_2013,5,5,4,8,5.5,1.73205,0,38,0,3,3,16,63,0,0,98,3.00,.,.,.
2013,RIS,N,RIS_N,RIS_N_2013,RIS_N_2013,6,5,6,5,5.5,0.57735,0,38,86,16,16,0,63,0,0,86,1.75,.,.,.
2013,RIS,N,RIS_N,RIS_N_2013,RIS_N_2013,4,9,5,3,5.25,2.62996,0,63,0,16,3,16,38,0,0,98,5.00,.,.,.
2013,RIS,N,RIS_N,RIS_N_2013,RIS_N_2013,5,9,4,3,5.25,2.62996,16,63,0,16,16,3,0,0,0,98,2.50,.,.,.
2013,RIS,N,RIS_N,RIS_N_2013,RIS_N_2013,6,6,4,4,5,1.15470,3,38,0,3,3,3,63,0,0,86,4.50,.,.,.
2013,RIS,N,RIS_N,RIS_N_2013,RIS_N_2013,12,2,2,4,5,4.76095,0,63,0,16,16,16,16,0,0,98,3.00,.,.,.
2013,RIS,N,RIS_N,RIS_N_2013,RIS_N_2013,4,4,6,5,4.75,0.95743,16,63,0,3,16,3,16,0,0,98,4.50,.,.,.
2013,RIS,N,RIS_N,RIS_N_2013,RIS_N_2013,5,4,5,4,4.5,0.57735,16,38,0,16,0,63,0,0,0,86,2.00,.,.,.
2013,RIS,N,RIS_N,RIS_N_2013,RIS_N_2013,4,4,6,4,4.5,1.00000,16,63,3,3,3,16,0,0,0,98,2.25,.,.,.
2013,RIS,N,RIS_N,RIS_N_2013,RIS_N_2013,5,4,4,4,4.25,0.50000,38,16,0,16,16,16,0,0,0,86,4.75,.,.,.
2013,RIS,N,RIS_N,RIS_N_2013,RIS_N_2013,4,6,4,3,4.25,1.25831,16,38,63,16,16,38,0,0,3,86,4.75,.,.,.
2013,RIS,N,RIS_N,RIS_N_2013,RIS_N_2013,3,6,4,3,4,1.41421,3,16,16,16,38,16,0,0,16,63,3.50,.,.,.
2013,RIS,N,RIS_N,RIS_N_2013,RIS_N_2013,4,4,4,4,4,0.00000,63,3,63,38,16,1,16,0,0,86,4.25,.,.,.
2013,RIS,N,RIS_N,RIS_N_2013,RIS_N_2013,5,3,3,4,3.75,0.95743,3,16,0,3,0,86,0,0,0,98,4.00,.,.,.
2013,RIS,N,RIS_N,RIS_N_2013,RIS_N_2013,4,3,4,4,3.75,0.50000,38,63,0,16,0,16,0,0,0,98,4.00,.,.,.
2013,RIS,N,RIS_N,RIS_N_2013,RIS_N_2013,4,3,4,3,3.5,0.57735,0,63,86,16,16,16,0,0,0,86,2.00,.,.,.
2013,RIS,N,RIS_N,RIS_N_2013,RIS_N_2013,3,3,4,4,3.5,0.57735,16,16,38,38,16,16,0,0,0,86,3.00,.,.,.
2013,RIS,N,RIS_N,RIS_N_2013,RIS_N_2013,3,3,2,4,3,0.81650,16,63,3,16,3,16,0,0,0,98,6.00,.,.,.
2013,RIS,N,RIS_N,RIS_N_2013,RIS_N_2013,3,2,4,3,3,0.81650,38,16,0,3,16,38,0,0,0,63,1.00,.,.,.
2013,RIS,N,RIS_N,RIS_N_2013,RIS_N_2013,3,3,3,2,2.75,0.50000,3,38,63,16,3,38,0,0,3,86,2.25,.,.,.
2013,RIS,N,RIS_N,RIS_N_2013,RIS_N_2013,2,4,3,2,2.75,0.95743,0,38,0,38,16,38,0,0,3,86,0.25,.,.,.
2013,RIS,N,RIS_N,RIS_N_2013,RIS_N_2013,3,2,2,3,2.5,0.57735,0,86,63,3,0,3,0,0,0,98,5.00,.,.,.
2013,RIS,N,RIS_N,RIS_N_2013,RIS_N_2013,3,2,3,2,2.5,0.57735,16,63,63,3,16,3,0,0,0,86,5.50,.,.,.
2013,RIS,S,RIS_S,RIS_S_2013,RIS_S_2013,7,4,3,2,4,2.16025,0,63,38,16,16,38,0,0,3,63,2.25,.,.,.
2013,RIS,S,RIS_S,RIS_S_2013,RIS_S_2013,3,3,4,2,3,0.81650,0,16,98,86,0,0,0,0,16,86,1.00,.,.,.
2013,RIS,S,RIS_S,RIS_S_2013,RIS_S_2013,3,2,3,3,2.75,0.50000,38,38,16,3,63,16,0,0,38,38,0.00,.,.,.
2013,RIS,S,RIS_S,RIS_S_2013,RIS_S_2013,2,3,3,2,2.5,0.57735,0,63,16,16,38,16,0,0,16,63,0.50,.,.,.
2013,RIS,S,RIS_S,RIS_S_2013,RIS_S_2013,4,1,2,2,2.25,1.25831,0,63,0,0,16,3,0,0,16,16,2.00,.,.,.
2013,RIS,S,RIS_S,RIS_S_2013,RIS_S_2013,1,2,4,2,2.25,1.25831,16,38,0,1,38,3,16,0,38,16,0.25,.,.,.
2013,RIS,S,RIS_S,RIS_S_2013,RIS_S_2013,2,2,3,2,2.25,0.50000,3,38,63,16,38,38,0,0,16,16,0.00,.,.,.
2013,RIS,S,RIS_S,RIS_S_2013,RIS_S_2013,1,2,4,1,2,1.41421,0,63,86,3,38,3,0,0,16,38,0.50,.,.,.
2013,RIS,S,RIS_S,RIS_S_2013,RIS_S_2013,2,3,2,1,2,0.81650,16,16,0,16,16,3,16,0,38,16,0.25,.,.,.
2013,RIS,S,RIS_S,RIS_S_2013,RIS_S_2013,2,2,2,2,2,0.00000,16,63,86,16,38,16,3,0,16,38,0.50,.,.,.
2013,RIS,S,RIS_S,RIS_S_2013,RIS_S_2013,2,1,3,2,2,0.81650,38,3,63,38,16,16,0,0,38,38,0.25,.,.,.
2013,RIS,S,RIS_S,RIS_S_2013,RIS_S_2013,2,2,2,1,1.75,0.50000,38,38,0,3,16,3,0,0,16,38,0.25,.,.,.
2013,RIS,S,RIS_S,RIS_S_2013,RIS_S_2013,2,1,2,2,1.75,0.50000,3,16,63,38,38,16,0,0,16,38,0.00,.,.,.
2013,RIS,S,RIS_S,RIS_S_2013,RIS_S_2013,3,1,2,1,1.75,0.95743,0,38,0,16,16,63,16,0,16,38,0.50,.,.,.
2013,RIS,S,RIS_S,RIS_S_2013,RIS_S_2013,2,2,2,1,1.75,0.50000,16,3,16,16,16,16,0,0,63,3,0.00,.,.,.
2013,RIS,S,RIS_S,RIS_S_2013,RIS_S_2013,1,2,2,2,1.75,0.50000,38,38,63,3,16,16,0,0,38,16,0.25,.,.,.
2013,RIS,S,RIS_S,RIS_S_2013,RIS_S_2013,1,1,2,2,1.5,0.57735,16,16,86,16,16,38,0,0,38,38,0.50,.,.,.
2013,RIS,S,RIS_S,RIS_S_2013,RIS_S_2013,2,1,1,2,1.5,0.57735,3,38,0,3,16,16,0,0,16,38,1.25,.,.,.
2013,RIS,S,RIS_S,RIS_S_2013,RIS_S_2013,1,1,2,1,1.25,0.50000,0,86,0,3,16,3,16,0,0,38,0.25,.,.,.
2013,RIS,S,RIS_S,RIS_S_2013,RIS_S_2013,2,1,1,1,1.25,0.50000,0,63,0,16,3,38,0,0,16,63,1.00,.,.,.
2013,RIS,S,RIS_S,RIS_S_2013,RIS_S_2013,1,2,1,1,1.25,0.50000,16,16,16,16,38,38,0,0,38,16,0.00,.,.,.
2013,RIS,S,RIS_S,RIS_S_2013,RIS_S_2013,2,3,0,0,1.25,1.50000,16,38,38,16,16,3,0,0,63,3,0.00,.,.,.
2013,RIS,S,RIS_S,RIS_S_2013,RIS_S_2013,1,1,1,2,1.25,0.50000,16,0,86,38,3,16,0,0,63,3,0.25,.,.,.
2013,RIS,S,RIS_S,RIS_S_2013,RIS_S_2013,1,1,1,2,1.25,0.50000,3,3,86,16,38,16,0,0,38,16,0.00,.,.,.
2013,RIS,S,RIS_S,RIS_S_2013,RIS_S_2013,1,1,1,1,1,0.00000,38,38,0,3,16,3,0,0,63,16,0.00,.,.,.
2013,RIS,S,RIS_S,RIS_S_2013,RIS_S_2013,1,1,1,1,1,0.00000,16,63,0,1,16,16,0,0,38,3,0.00,.,.,.
2013,RIS,S,RIS_S,RIS_S_2013,RIS_S_2013,1,1,1,1,1,0.00000,16,38,63,16,16,38,0,0,63,16,1.00,.,.,.
2013,RIS,S,RIS_S,RIS_S_2013,RIS_S_2013,0,0,2,1,0.75,0.95743,16,3,0,3,16,16,0,0,38,16,0.25,.,.,.
2013,RIS,S,RIS_S,RIS_S_2013,RIS_S_2013,1,1,1,0,0.75,0.50000,3,3,0,0,38,38,0,0,63,16,0.50,.,.,.
2013,RIS,S,RIS_S,RIS_S_2013,RIS_S_2013,0,0,0,1,0.25,0.50000,16,16,0,0,3,38,0,0,38,16,0.25,.,.,.
2013,STE,N,STE_N,STE_N_2013,STE_N_2013,6,6,6,7,6.25,0.50000,16,63,0,38,3,16,0,0,0,86,7,.,.,.
2013,STE,N,STE_N,STE_N_2013,STE_N_2013,6,6,5,7,6,0.81650,0,38,63,3,63,3,0,0,3,86,0.5,.,.,.
2013,STE,N,STE_N,STE_N_2013,STE_N_2013,6,5,5,6,5.5,0.57735,0,86,3,16,16,3,0,0,0,86,2.75,.,.,.
2013,STE,N,STE_N,STE_N_2013,STE_N_2013,6,5,5,6,5.5,0.57735,0,63,0,16,3,3,0,0,0,86,3,.,.,.
2013,STE,N,STE_N,STE_N_2013,STE_N_2013,7,4,6,4,5.25,1.50000,0,98,86,3,3,0,0,0,0,86,3,.,.,.
2013,STE,N,STE_N,STE_N_2013,STE_N_2013,4,6,6,4,5,1.15470,0,98,0,3,0,0,0,0,0,86,3.25,.,.,.
2013,STE,N,STE_N,STE_N_2013,STE_N_2013,5,4,4,5,4.5,0.57735,0,86,3,16,3,16,0,0,3,86,2.75,.,.,.
2013,STE,N,STE_N,STE_N_2013,STE_N_2013,5,5,4,4,4.5,0.57735,3,86,0,3,3,3,0,0,3,86,0.5,.,.,.
2013,STE,N,STE_N,STE_N_2013,STE_N_2013,4,6,4,4,4.5,1.00000,3,86,0,3,16,3,0,0,0,86,2.5,.,.,.
2013,STE,N,STE_N,STE_N_2013,STE_N_2013,5,6,4,3,4.5,1.29099,3,63,63,3,38,16,0,0,1,86,2,.,.,.
2013,STE,N,STE_N,STE_N_2013,STE_N_2013,4,4,5,3,4,0.81650,0,86,0,16,16,3,0,0,0,86,2.5,.,.,.
2013,STE,N,STE_N,STE_N_2013,STE_N_2013,4,4,4,4,4,0.00000,16,38,63,38,16,3,0,0,3,86,1.25,.,.,.
2013,STE,N,STE_N,STE_N_2013,STE_N_2013,5,3,4,4,4,0.81650,0,98,0,1,3,3,0,0,0,86,1.5,.,.,.
2013,STE,N,STE_N,STE_N_2013,STE_N_2013,4,3,5,3,3.75,0.95743,16,63,0,3,38,3,0,0,1,86,1.5,.,.,.
2013,STE,N,STE_N,STE_N_2013,STE_N_2013,6,5,2,2,3.75,2.06155,0,63,0,3,16,16,0,0,38,38,0.5,.,.,.
2013,STE,N,STE_N,STE_N_2013,STE_N_2013,3,4,4,3,3.5,0.57735,16,63,0,16,0,3,0,0,1,86,0.75,.,.,.
2013,STE,N,STE_N,STE_N_2013,STE_N_2013,2,4,3,5,3.5,1.29099,16,38,0,16,38,3,0,0,38,16,1,.,.,.
2013,STE,N,STE_N,STE_N_2013,STE_N_2013,3,2,4,4,3.25,0.95743,0,38,3,16,16,38,0,0,3,63,1.25,.,.,.
2013,STE,N,STE_N,STE_N_2013,STE_N_2013,3,4,3,2,3,0.81650,0,63,3,16,3,16,0,0,0,86,2.75,.,.,.
2013,STE,N,STE_N,STE_N_2013,STE_N_2013,2,3,4,3,3,0.81650,3,63,3,16,0,38,0,0,3,63,0.75,.,.,.
2013,STE,N,STE_N,STE_N_2013,STE_N_2013,2,5,3,2,3,1.41421,3,38,63,38,3,0,0,0,3,86,1.5,.,.,.
2013,STE,N,STE_N,STE_N_2013,STE_N_2013,3,5,4,0,3,2.16025,0,16,3,16,38,38,0,0,38,16,0,.,.,.
2013,STE,N,STE_N,STE_N_2013,STE_N_2013,3,3,2,4,3,0.81650,3,63,3,3,3,38,0,0,3,63,0.5,.,.,.
2013,STE,N,STE_N,STE_N_2013,STE_N_2013,5,2,2,2,2.75,1.50000,0,63,3,38,3,0,0,0,3,63,1,.,.,.
2013,STE,N,STE_N,STE_N_2013,STE_N_2013,3,2,2,4,2.75,0.95743,38,38,63,16,3,3,3,0,16,63,1.5,.,.,.
2013,STE,N,STE_N,STE_N_2013,STE_N_2013,3,2,3,2,2.5,0.57735,0,63,63,16,38,3,0,0,38,16,1.25,.,.,.
2013,STE,N,STE_N,STE_N_2013,STE_N_2013,1,5,2,2,2.5,1.73205,3,38,86,38,3,16,0,0,16,63,2.5,.,.,.
2013,STE,N,STE_N,STE_N_2013,STE_N_2013,3,1,1,2,1.75,0.95743,0,3,16,63,16,16,0,0,3,63,1.25,.,.,.
2013,STE,N,STE_N,STE_N_2013,STE_N_2013,1,3,2,1,1.75,0.95743,0,63,0,3,3,16,0,0,16,63,0.75,.,.,.
2013,STE,S,STE_S,STE_S_2013,STE_S_2013,8,8,8,8,8,0.00000,98,0,0,0,16,0,0,0,0,98,4.75,.,.,.
2013,STE,S,STE_S,STE_S_2013,STE_S_2013,5,6,5,6,5.5,0.57735,0,16,0,16,38,0,38,0,3,86,1.75,.,.,.
2013,STE,S,STE_S,STE_S_2013,STE_S_2013,6,7,5,4,5.5,1.29099,3,63,38,16,63,3,0,0,0,86,2.25,.,.,.
2013,STE,S,STE_S,STE_S_2013,STE_S_2013,7,5,5,4,5.25,1.25831,0,63,0,16,16,3,0,0,0,86,3.5,.,.,.
2013,STE,S,STE_S,STE_S_2013,STE_S_2013,5,5,4,4,4.5,0.57735,0,98,98,3,0,3,0,0,0,86,0.75,.,.,.
2013,STE,S,STE_S,STE_S_2013,STE_S_2013,4,6,3,5,4.5,1.29099,0,86,0,3,3,0,0,0,0,86,2.5,.,.,.
2013,STE,S,STE_S,STE_S_2013,STE_S_2013,4,4,4,5,4.25,0.50000,0,86,0,0,0,0,16,0,0,86,3,.,.,.
2013,STE,S,STE_S,STE_S_2013,STE_S_2013,4,5,3,4,4,0.81650,0,86,86,16,16,0,0,0,0,86,3.75,.,.,.
2013,STE,S,STE_S,STE_S_2013,STE_S_2013,4,3,4,4,3.75,0.50000,38,38,86,38,3,3,0,0,0,86,3.25,.,.,.
2013,STE,S,STE_S,STE_S_2013,STE_S_2013,4,5,3,3,3.75,0.95743,3,86,0,0,16,3,0,0,0,86,2.5,.,.,.
2013,STE,S,STE_S,STE_S_2013,STE_S_2013,4,3,3,3,3.25,0.50000,16,38,0,16,38,3,0,0,16,63,1.5,.,.,.
2013,STE,S,STE_S,STE_S_2013,STE_S_2013,4,3,3,3,3.25,0.50000,38,38,86,38,3,3,0,0,3,86,1.25,.,.,.
2013,STE,S,STE_S,STE_S_2013,STE_S_2013,2,4,3,4,3.25,0.95743,0,38,16,16,16,3,0,0,16,63,0.5,.,.,.
2013,STE,S,STE_S,STE_S_2013,STE_S_2013,4,3,3,2,3,0.81650,16,86,0,16,3,0,0,0,3,86,0.25,.,.,.
2013,STE,S,STE_S,STE_S_2013,STE_S_2013,3,1,4,4,3,1.41421,3,63,0,16,3,16,0,0,0,63,1.5,.,.,.
2013,STE,S,STE_S,STE_S_2013,STE_S_2013,3,2,3,4,3,0.81650,0,98,0,3,1,3,0,0,0,86,3.5,.,.,.
2013,STE,S,STE_S,STE_S_2013,STE_S_2013,3,2,4,2,2.75,0.95743,3,63,86,16,16,3,0,0,3,63,0.25,.,.,.
2013,STE,S,STE_S,STE_S_2013,STE_S_2013,2,3,3,3,2.75,0.50000,0,98,86,3,0,1,0,0,0,86,1,.,.,.
2013,STE,S,STE_S,STE_S_2013,STE_S_2013,2,4,3,2,2.75,0.95743,3,63,38,16,0,16,0,0,0,86,3,.,.,.
2013,STE,S,STE_S,STE_S_2013,STE_S_2013,4,2,2,3,2.75,0.95743,16,16,86,63,0,0,0,0,0,86,1.5,.,.,.
2013,STE,S,STE_S,STE_S_2013,STE_S_2013,2,2,4,2,2.5,1.00000,3,63,63,16,3,3,0,0,3,63,0.25,.,.,.
2013,STE,S,STE_S,STE_S_2013,STE_S_2013,4,2,2,2,2.5,1.00000,3,38,3,16,16,0,0,0,63,16,0,.,.,.
2013,STE,S,STE_S,STE_S_2013,STE_S_2013,1,4,2,2,2.25,1.25831,0,63,63,16,3,3,0,0,3,63,0.75,.,.,.
2013,STE,S,STE_S,STE_S_2013,STE_S_2013,2,3,3,1,2.25,0.95743,0,63,86,38,3,0,0,0,16,63,4.5,.,.,.
2013,STE,S,STE_S,STE_S_2013,STE_S_2013,3,2,1,2,2,0.81650,3,86,98,3,3,16,0,0,1,86,3,.,.,.
2013,STE,S,STE_S,STE_S_2013,STE_S_2013,2,2,2,2,2,0.00000,0,86,0,3,0,3,0,0,3,63,0.25,.,.,.
2013,STE,S,STE_S,STE_S_2013,STE_S_2013,2,1,2,3,2,0.81650,0,63,0,0,16,16,0,0,3,86,1,.,.,.
2013,STE,S,STE_S,STE_S_2013,STE_S_2013,1,2,2,1,1.5,0.57735,16,63,0,16,3,3,0,0,38,63,0.25,.,.,.
2013,STE,S,STE_S,STE_S_2013,STE_S_2013,2,1,1,1,1.25,0.50000,3,63,0,3,3,3,0,0,16,63,0.25,.,.,.
2013,STE,S,STE_S,STE_S_2013,STE_S_2013,1,0,0,1,0.5,0.57735,38,16,16,16,0,3,0,0,63,38,0.25,.,.,.
2013,STE,W,STE_W,STE_W_2013,STE_W_2013,12,9,12,8,10.25,2.06155,63,3,0,3,16,0,0,0,0,98,5.5,.,.,.
2013,STE,W,STE_W,STE_W_2013,STE_W_2013,6,8,8,8,7.5,1.00000,38,63,63,16,38,0,0,0,0,86,4.5,.,.,.
2013,STE,W,STE_W,STE_W_2013,STE_W_2013,5,6,6,4,5.25,0.95743,3,63,86,3,38,0,0,0,1,86,4.5,.,.,.
2013,STE,W,STE_W,STE_W_2013,STE_W_2013,4,6,5,5,5,0.81650,3,63,0,3,38,38,0,0,16,63,3,.,.,.
2013,STE,W,STE_W,STE_W_2013,STE_W_2013,6,3,6,4,4.75,1.50000,0,86,0,0,0,0,38,0,0,86,3.75,.,.,.
2013,STE,W,STE_W,STE_W_2013,STE_W_2013,4,4,5,5,4.5,0.57735,0,86,0,16,16,3,0,0,3,86,1,.,.,.
2013,STE,W,STE_W,STE_W_2013,STE_W_2013,4,4,4,4,4,0.00000,0,98,0,3,0,0,0,0,0,86,1.75,.,.,.
2013,STE,W,STE_W,STE_W_2013,STE_W_2013,2,6,5,3,4,1.82574,0,63,63,3,38,16,0,0,3,86,3,.,.,.
2013,STE,W,STE_W,STE_W_2013,STE_W_2013,4,3,3,5,3.75,0.95743,0,38,63,16,38,38,0,0,3,63,0.75,.,.,.
2013,STE,W,STE_W,STE_W_2013,STE_W_2013,4,4,4,3,3.75,0.50000,0,63,86,3,16,16,0,0,0,86,4,.,.,.
2013,STE,W,STE_W,STE_W_2013,STE_W_2013,4,3,4,4,3.75,0.50000,0,38,38,16,16,38,0,0,0,86,1.75,.,.,.
2013,STE,W,STE_W,STE_W_2013,STE_W_2013,4,6,2,3,3.75,1.70783,0,63,86,16,3,16,0,0,3,86,1.25,.,.,.
2013,STE,W,STE_W,STE_W_2013,STE_W_2013,3,5,3,3,3.5,1.00000,0,86,0,3,3,16,0,0,0,86,3,.,.,.
2013,STE,W,STE_W,STE_W_2013,STE_W_2013,3,4,3,3,3.25,0.50000,0,63,16,16,0,0,0,0,0,86,3.25,.,.,.
2013,STE,W,STE_W,STE_W_2013,STE_W_2013,3,4,3,3,3.25,0.50000,0,63,0,3,3,38,0,0,16,63,1.5,.,.,.
2013,STE,W,STE_W,STE_W_2013,STE_W_2013,4,3,2,3,3,0.81650,0,0,63,3,16,16,0,0,63,86,1,.,.,.
2013,STE,W,STE_W,STE_W_2013,STE_W_2013,3,4,2,3,3,0.81650,0,16,0,3,16,63,0,0,3,86,0.75,.,.,.
2013,STE,W,STE_W,STE_W_2013,STE_W_2013,2,4,3,2,2.75,0.95743,3,63,86,38,3,3,0,0,38,63,2.25,.,.,.
2013,STE,W,STE_W,STE_W_2013,STE_W_2013,2,2,4,2,2.5,1.00000,3,38,0,16,16,16,0,0,38,63,1.5,.,.,.
2013,STE,W,STE_W,STE_W_2013,STE_W_2013,2,2,4,2,2.5,1.00000,3,38,0,3,16,38,0,0,38,63,2,.,.,.
2013,STE,W,STE_W,STE_W_2013,STE_W_2013,1,4,2,2,2.25,1.25831,16,63,16,3,16,16,0,0,38,38,0.75,.,.,.
2013,STE,W,STE_W,STE_W_2013,STE_W_2013,3,2,2,2,2.25,0.50000,3,63,63,16,3,3,0,0,16,63,1,.,.,.
2013,STE,W,STE_W,STE_W_2013,STE_W_2013,2,3,2,2,2.25,0.50000,0,38,0,0,3,38,0,0,3,63,1,.,.,.
2013,STE,W,STE_W,STE_W_2013,STE_W_2013,2,2,2,1,1.75,0.50000,3,86,0,3,3,3,0,0,3,86,1.75,.,.,.
2013,STE,W,STE_W,STE_W_2013,STE_W_2013,1,2,2,2,1.75,0.50000,16,16,0,38,16,16,0,0,38,38,0.5,.,.,.
2013,STE,W,STE_W,STE_W_2013,STE_W_2013,1,1,2,2,1.5,0.57735,3,16,0,3,38,3,0,0,63,16,0.25,.,.,.
2013,STE,W,STE_W,STE_W_2013,STE_W_2013,2,1,2,1,1.5,0.57735,0,63,0,3,3,16,0,0,16,86,1,.,.,.
2013,STE,W,STE_W,STE_W_2013,STE_W_2013,0,1,1,2,1,0.81650,38,16,0,0,16,16,0,0,38,16,0.5,.,.,.
2013,STE,W,STE_W,STE_W_2013,STE_W_2013,1,0,1,2,1,0.81650,0,63,0,0,16,16,0,0,38,38,0,.,.,.
2013,STE,W,STE_W,STE_W_2013,STE_W_2013,0,2,0,0,0.5,1.00000,63,3,38,3,3,0,0,0,86,3,0,.,.,.
2012,GIL,C,GIL_C,GIL_C_2012,GIL_C_2012,19,6,20,8,13.25,7.27438,0,63,0,16,38,3,0,0,16,16,0.25,.,.,.
2012,GIL,C,GIL_C,GIL_C_2012,GIL_C_2012,7,12,11,11,10.25,2.21736,0,38,16,16,38,0,16,0,0,16,0.00,.,.,.
2012,GIL,C,GIL_C,GIL_C_2012,GIL_C_2012,11,10,9,9,9.75,0.95743,0,63,0,16,63,0,0,0,3,63,0.00,.,.,.
2012,GIL,C,GIL_C,GIL_C_2012,GIL_C_2012,6,7,8,8,7.25,0.95743,0,16,16,63,38,3,0,0,0,86,0.00,.,.,.
2012,GIL,C,GIL_C,GIL_C_2012,GIL_C_2012,7,6,6,8,6.75,0.95743,0,63,0,16,63,16,16,0,0,63,0.25,.,.,.
2012,GIL,C,GIL_C,GIL_C_2012,GIL_C_2012,7,7,6,7,6.75,0.50000,0,38,0,16,63,3,0,0,16,38,0.00,.,.,.
2012,GIL,C,GIL_C,GIL_C_2012,GIL_C_2012,7,6,5,8,6.5,1.29099,0,38,16,38,63,0,0,0,0,86,0.25,.,.,.
2012,GIL,C,GIL_C,GIL_C_2012,GIL_C_2012,6,6,7,6,6.25,0.50000,0,38,38,38,63,16,0,0,16,63,0.25,.,.,.
2012,GIL,C,GIL_C,GIL_C_2012,GIL_C_2012,11,3,4,5,5.75,3.59398,0,63,3,16,16,0,0,0,0,86,0.50,.,.,.
2012,GIL,C,GIL_C,GIL_C_2012,GIL_C_2012,7,3,5,8,5.75,2.21736,0,38,0,16,63,16,0,0,1,63,0.25,.,.,.
2012,GIL,C,GIL_C,GIL_C_2012,GIL_C_2012,5,6,8,4,5.75,1.70783,0,63,3,16,16,38,0,0,0,86,1.00,.,.,.
2012,GIL,C,GIL_C,GIL_C_2012,GIL_C_2012,6,5,5,7,5.75,0.95743,0,63,0,16,63,1,0,0,3,38,0.00,.,.,.
2012,GIL,C,GIL_C,GIL_C_2012,GIL_C_2012,6,6,6,4,5.5,1.00000,0,38,38,38,63,0,0,0,0,63,0.00,.,.,.
2012,GIL,C,GIL_C,GIL_C_2012,GIL_C_2012,6,5,6,5,5.5,0.57735,0,63,0,16,38,16,0,0,0,63,0.25,.,.,.
2012,GIL,C,GIL_C,GIL_C_2012,GIL_C_2012,7,6,5,4,5.5,1.29099,0,63,0,16,16,16,0,0,0,86,2.00,.,.,.
2012,GIL,C,GIL_C,GIL_C_2012,GIL_C_2012,6,5,5,4,5,0.81650,0,38,38,16,63,0,0,0,0,16,0.00,.,.,.
2012,GIL,C,GIL_C,GIL_C_2012,GIL_C_2012,5,6,5,4,5,0.81650,0,38,3,16,63,38,0,0,0,63,0.25,.,.,.
2012,GIL,C,GIL_C,GIL_C_2012,GIL_C_2012,6,5,5,4,5,0.81650,0,63,0,16,16,3,0,0,0,86,1.00,.,.,.
2012,GIL,C,GIL_C,GIL_C_2012,GIL_C_2012,5,3,6,5,4.75,1.25831,0,63,0,0,16,3,0,0,3,63,0.00,.,.,.
2012,GIL,C,GIL_C,GIL_C_2012,GIL_C_2012,6,5,3,5,4.75,1.25831,0,38,0,16,38,3,0,0,16,16,0.00,.,.,.
2012,GIL,C,GIL_C,GIL_C_2012,GIL_C_2012,5,2,4,6,4.25,1.70783,0,38,3,3,38,16,0,0,16,38,0.00,.,.,.
2012,GIL,C,GIL_C,GIL_C_2012,GIL_C_2012,4,5,3,4,4,0.81650,0,38,0,38,38,16,0,0,16,63,0.00,.,.,.
2012,GIL,C,GIL_C,GIL_C_2012,GIL_C_2012,3,6,2,3,3.5,1.73205,0,16,3,3,3,16,0,0,0,86,2.75,.,.,.
2012,GIL,C,GIL_C,GIL_C_2012,GIL_C_2012,4,4,2,4,3.5,1.00000,16,38,16,16,38,16,0,0,0,63,0.00,.,.,.
2012,GIL,C,GIL_C,GIL_C_2012,GIL_C_2012,3,2,3,3,2.75,0.50000,0,16,16,38,63,16,0,0,16,38,0.00,.,.,.
2012,GIL,C,GIL_C,GIL_C_2012,GIL_C_2012,4,2,2,2,2.5,1.00000,0,38,0,16,3,16,0,0,0,86,0.25,.,.,.
2012,GIL,C,GIL_C,GIL_C_2012,GIL_C_2012,2,4,2,2,2.5,1.00000,0,38,3,16,38,16,0,0,0,86,0.50,.,.,.
2012,GIL,C,GIL_C,GIL_C_2012,GIL_C_2012,2,2,2,2,2,0.00000,16,16,3,16,3,16,0,0,3,38,0.00,.,.,.
2012,GIL,C,GIL_C,GIL_C_2012,GIL_C_2012,2,2,2,2,2,0.00000,0,63,3,3,16,1,0,0,3,38,0.50,.,.,.
2012,GIL,C,GIL_C,GIL_C_2012,GIL_C_2012,1,2,1,1,1.25,0.50000,1,63,0,3,16,0,0,0,16,38,0.00,.,.,.
2012,GIL,N,GIL_N,GIL_N_2012,GIL_N_2012,2,3,20,20,11.25,10.11187,0,63,0,16,16,0,0,3,0,86,1.50,.,.,.
2012,GIL,N,GIL_N,GIL_N_2012,GIL_N_2012,9,9,11,9,9.5,1.00000,0,38,0,16,86,0,0,0,0,63,0.00,.,.,.
2012,GIL,N,GIL_N,GIL_N_2012,GIL_N_2012,8,20,3,2,8.25,8.26136,0,38,0,38,3,16,38,0,3,38,0.00,.,.,.
2012,GIL,N,GIL_N,GIL_N_2012,GIL_N_2012,8,9,8,8,8.25,0.50000,0,38,0,16,63,0,16,0,0,38,0.00,.,.,.
2012,GIL,N,GIL_N,GIL_N_2012,GIL_N_2012,6,7,12,6,7.75,2.87228,0,63,3,16,16,3,0,0,0,98,2.00,.,.,.
2012,GIL,N,GIL_N,GIL_N_2012,GIL_N_2012,7,6,5,8,6.5,1.29099,16,0,16,16,38,38,0,0,3,38,0.00,.,.,.
2012,GIL,N,GIL_N,GIL_N_2012,GIL_N_2012,7,8,5,4,6,1.82574,0,98,0,0,3,0,0,0,0,98,4.50,.,.,.
2012,GIL,N,GIL_N,GIL_N_2012,GIL_N_2012,5,6,6,6,5.75,0.50000,0,63,0,3,16,16,0,0,0,86,0.50,.,.,.
2012,GIL,N,GIL_N,GIL_N_2012,GIL_N_2012,6,3,7,6,5.5,1.73205,0,63,3,3,38,16,0,0,0,86,0.25,.,.,.
2012,GIL,N,GIL_N,GIL_N_2012,GIL_N_2012,2,5,5,8,5,2.44949,0,63,3,16,16,16,3,0,3,63,0.00,.,.,.
2012,GIL,N,GIL_N,GIL_N_2012,GIL_N_2012,5,4,4,7,5,1.41421,0,63,0,16,16,16,0,0,0,63,1.00,.,.,.
2012,GIL,N,GIL_N,GIL_N_2012,GIL_N_2012,6,3,4,7,5,1.82574,0,86,0,3,16,3,0,0,0,98,3.00,.,.,.
2012,GIL,N,GIL_N,GIL_N_2012,GIL_N_2012,2,6,6,6,5,2.00000,3,63,0,0,38,3,0,0,16,38,0.00,.,.,.
2012,GIL,N,GIL_N,GIL_N_2012,GIL_N_2012,4,5,5,5,4.75,0.50000,3,38,3,16,63,38,0,0,3,38,0.00,.,.,.
2012,GIL,N,GIL_N,GIL_N_2012,GIL_N_2012,4,5,6,3,4.5,1.29099,3,38,0,16,16,38,0,0,0,86,0.50,.,.,.
2012,GIL,N,GIL_N,GIL_N_2012,GIL_N_2012,5,3,6,2,4,1.82574,0,63,0,3,16,16,0,0,0,86,1.00,.,.,.
2012,GIL,N,GIL_N,GIL_N_2012,GIL_N_2012,4,4,4,4,4,0.00000,3,38,0,3,16,16,0,0,0,86,2.00,.,.,.
2012,GIL,N,GIL_N,GIL_N_2012,GIL_N_2012,2,3,6,5,4,1.82574,0,86,3,3,16,16,0,0,0,86,1.50,.,.,.
2012,GIL,N,GIL_N,GIL_N_2012,GIL_N_2012,2,4,6,3,3.75,1.70783,0,38,16,38,3,3,0,0,0,86,1.00,.,.,.
2012,GIL,N,GIL_N,GIL_N_2012,GIL_N_2012,3,3,4,4,3.5,0.57735,1,63,0,16,3,16,0,0,0,86,1.00,.,.,.
2012,GIL,N,GIL_N,GIL_N_2012,GIL_N_2012,3,3,5,3,3.5,1.00000,0,63,16,38,16,16,0,0,1,63,0.00,.,.,.
2012,GIL,N,GIL_N,GIL_N_2012,GIL_N_2012,4,4,2,4,3.5,1.00000,0,63,3,16,16,16,0,0,3,86,0.50,.,.,.
2012,GIL,N,GIL_N,GIL_N_2012,GIL_N_2012,2,2,7,2,3.25,2.50000,0,63,3,3,38,16,0,0,0,63,0.00,.,.,.
2012,GIL,N,GIL_N,GIL_N_2012,GIL_N_2012,4,3,3,3,3.25,0.50000,0,63,0,16,16,0,0,0,3,86,1.50,.,.,.
2012,GIL,N,GIL_N,GIL_N_2012,GIL_N_2012,3,3,3,4,3.25,0.50000,16,38,3,16,63,16,0,0,0,63,0.50,.,.,.
2012,GIL,N,GIL_N,GIL_N_2012,GIL_N_2012,5,3,3,2,3.25,1.25831,0,63,0,3,3,3,0,0,3,63,0.25,.,.,.
2012,GIL,N,GIL_N,GIL_N_2012,GIL_N_2012,3,2,2,4,2.75,0.95743,3,38,0,16,16,16,0,0,3,86,0.25,.,.,.
2012,GIL,N,GIL_N,GIL_N_2012,GIL_N_2012,2,3,3,3,2.75,0.50000,1,63,3,3,3,16,0,0,1,86,0.00,.,.,.
2012,GIL,N,GIL_N,GIL_N_2012,GIL_N_2012,2,3,2,2,2.25,0.50000,1,38,0,3,16,63,0,0,3,63,0.00,.,.,.
2012,GIL,N,GIL_N,GIL_N_2012,GIL_N_2012,2,3,2,2,2.25,0.50000,0,38,0,16,38,16,0,0,3,63,0.00,.,.,.
2012,GIL,S,GIL_S,GIL_S_2012,GIL_S_2012,20,20,20,20,20,0.00000,0,16,0,38,16,0,86,0,0,63,1.00,.,.,.
2012,GIL,S,GIL_S,GIL_S_2012,GIL_S_2012,20,13,20,20,18.25,3.50000,0,3,0,3,16,0,63,0,38,16,0.00,.,.,.
2012,GIL,S,GIL_S,GIL_S_2012,GIL_S_2012,20,20,4,20,16,8.00000,0,86,0,16,16,0,0,0,0,98,2.50,.,.,.
2012,GIL,S,GIL_S,GIL_S_2012,GIL_S_2012,20,10,14,15,14.75,4.11299,0,16,16,16,86,38,0,0,16,63,1.00,.,.,.
2012,GIL,S,GIL_S,GIL_S_2012,GIL_S_2012,20,20,4,5,12.25,8.95824,0,63,0,3,63,63,0,0,3,63,0.00,.,.,.
2012,GIL,S,GIL_S,GIL_S_2012,GIL_S_2012,12,12,12,10,11.5,1.00000,0,38,16,16,63,0,16,0,0,63,0.00,.,.,.
2012,GIL,S,GIL_S,GIL_S_2012,GIL_S_2012,9,10,19,6,11,5.59762,0,86,0,16,38,0,0,0,0,86,0.25,.,.,.
2012,GIL,S,GIL_S,GIL_S_2012,GIL_S_2012,11,12,10,10,10.75,0.95743,0,38,3,38,38,3,38,0,0,86,0.50,.,.,.
2012,GIL,S,GIL_S,GIL_S_2012,GIL_S_2012,9,9,11,10,9.75,0.95743,0,16,3,38,63,3,16,0,3,16,0.00,.,.,.
2012,GIL,S,GIL_S,GIL_S_2012,GIL_S_2012,10,6,9,7,8,1.82574,0,16,16,16,63,0,0,0,0,86,0.25,.,.,.
2012,GIL,S,GIL_S,GIL_S_2012,GIL_S_2012,7,9,10,5,7.75,2.21736,0,0,0,3,86,16,0,0,16,0,0.00,.,.,.
2012,GIL,S,GIL_S,GIL_S_2012,GIL_S_2012,6,9,7,6,7,1.41421,0,16,0,38,63,3,0,0,0,63,0.00,.,.,.
2012,GIL,S,GIL_S,GIL_S_2012,GIL_S_2012,10,4,7,6,6.75,2.50000,0,38,0,16,38,16,0,0,3,86,3.00,.,.,.
2012,GIL,S,GIL_S,GIL_S_2012,GIL_S_2012,8,6,6,6,6.5,1.00000,0,98,0,0,16,0,0,0,0,86,0.50,.,.,.
2012,GIL,S,GIL_S,GIL_S_2012,GIL_S_2012,6,6,6,7,6.25,0.50000,0,38,0,0,63,3,0,0,16,38,0.00,.,.,.
2012,GIL,S,GIL_S,GIL_S_2012,GIL_S_2012,6,6,5,6,5.75,0.50000,0,86,0,3,38,3,0,0,0,86,0.75,.,.,.
2012,GIL,S,GIL_S,GIL_S_2012,GIL_S_2012,6,6,5,6,5.75,0.50000,0,63,0,3,0,3,0,0,0,98,2.00,.,.,.
2012,GIL,S,GIL_S,GIL_S_2012,GIL_S_2012,5,6,6,6,5.75,0.50000,0,38,0,38,16,0,0,0,0,98,4.00,.,.,.
2012,GIL,S,GIL_S,GIL_S_2012,GIL_S_2012,4,6,4,7,5.25,1.50000,0,38,16,16,38,3,0,0,3,63,0.00,.,.,.
2012,GIL,S,GIL_S,GIL_S_2012,GIL_S_2012,5,6,5,4,5,0.81650,0,38,3,16,38,38,3,0,3,38,0.00,.,.,.
2012,GIL,S,GIL_S,GIL_S_2012,GIL_S_2012,4,4,6,6,5,1.15470,0,38,0,38,38,3,0,0,1,63,0.00,.,.,.
2012,GIL,S,GIL_S,GIL_S_2012,GIL_S_2012,4,6,6,4,5,1.15470,0,63,3,16,3,16,0,0,0,86,2.00,.,.,.
2012,GIL,S,GIL_S,GIL_S_2012,GIL_S_2012,5,4,4,6,4.75,0.95743,0,86,0,16,16,0,0,0,0,86,0.50,.,.,.
2012,GIL,S,GIL_S,GIL_S_2012,GIL_S_2012,6,4,4,4,4.5,1.00000,0,63,0,16,38,16,0,0,0,63,0.25,.,.,.
2012,GIL,S,GIL_S,GIL_S_2012,GIL_S_2012,6,4,4,4,4.5,1.00000,0,86,0,0,16,3,0,0,0,86,0.25,.,.,.
2012,GIL,S,GIL_S,GIL_S_2012,GIL_S_2012,5,3,4,4,4,0.81650,0,86,0,3,16,0,0,0,1,86,3.00,.,.,.
2012,GIL,S,GIL_S,GIL_S_2012,GIL_S_2012,6,4,3,3,4,1.41421,0,63,0,3,16,0,0,0,3,63,0.00,.,.,.
2012,GIL,S,GIL_S,GIL_S_2012,GIL_S_2012,4,4,4,3,3.75,0.50000,0,38,0,3,38,3,0,0,1,63,0.00,.,.,.
2012,GIL,S,GIL_S,GIL_S_2012,GIL_S_2012,2,4,3,4,3.25,0.95743,0,86,3,3,16,16,0,0,0,86,0.25,.,.,.
2012,GIL,S,GIL_S,GIL_S_2012,GIL_S_2012,2,2,2,5,2.75,1.50000,0,38,3,16,16,63,0,0,86,16,0.00,.,.,.
2012,KLN,C,KLN_C,KLN_C_2012,KLN_C_2012,5,6,4,5,5,0.81650,86,38,0,3,0,0,0,0,16,98,8.50,.,.,.
2012,KLN,C,KLN_C,KLN_C_2012,KLN_C_2012,5,5,3,5,4.5,1.00000,86,16,0,38,1,1,0,0,3,86,10.00,.,.,.
2012,KLN,C,KLN_C,KLN_C_2012,KLN_C_2012,4,5,4,4,4.25,0.50000,86,38,3,16,63,1,0,0,38,63,1.00,.,.,.
2012,KLN,C,KLN_C,KLN_C_2012,KLN_C_2012,6,2,4,4,4,1.63299,86,38,3,3,16,3,0,0,16,86,2.00,.,.,.
2012,KLN,C,KLN_C,KLN_C_2012,KLN_C_2012,5,2,5,3,3.75,1.50000,86,1,3,16,38,0,0,0,38,86,0.50,.,.,.
2012,KLN,C,KLN_C,KLN_C_2012,KLN_C_2012,3,4,2,6,3.75,1.70783,38,63,3,16,3,3,0,0,38,63,6.25,.,.,.
2012,KLN,C,KLN_C,KLN_C_2012,KLN_C_2012,4,5,3,3,3.75,0.95743,86,16,0,0,3,0,0,0,16,86,8.50,.,.,.
2012,KLN,C,KLN_C,KLN_C_2012,KLN_C_2012,1,3,7,3,3.5,2.51661,0,86,0,16,38,3,0,0,16,98,4.25,.,.,.
2012,KLN,C,KLN_C,KLN_C_2012,KLN_C_2012,5,3,3,3,3.5,1.00000,63,16,3,38,38,0,0,0,16,86,1.00,.,.,.
2012,KLN,C,KLN_C,KLN_C_2012,KLN_C_2012,3,3,5,3,3.5,1.00000,16,86,0,16,1,0,0,0,3,86,6.75,.,.,.
2012,KLN,C,KLN_C,KLN_C_2012,KLN_C_2012,4,4,3,2,3.25,0.95743,86,0,0,38,38,0,0,0,38,63,6.00,.,.,.
2012,KLN,C,KLN_C,KLN_C_2012,KLN_C_2012,3,3,3,4,3.25,0.50000,63,0,0,38,3,1,0,0,38,86,6.25,.,.,.
2012,KLN,C,KLN_C,KLN_C_2012,KLN_C_2012,3,3,3,4,3.25,0.50000,86,3,3,3,16,38,0,0,16,86,4.50,.,.,.
2012,KLN,C,KLN_C,KLN_C_2012,KLN_C_2012,3,3,2,4,3,0.81650,86,3,3,3,86,3,0,0,16,86,1.75,.,.,.
2012,KLN,C,KLN_C,KLN_C_2012,KLN_C_2012,1,4,4,3,3,1.41421,38,63,0,3,38,0,0,0,63,38,1.50,.,.,.
2012,KLN,C,KLN_C,KLN_C_2012,KLN_C_2012,3,3,3,3,3,0.00000,1,86,3,16,38,3,0,0,16,86,5.75,.,.,.
2012,KLN,C,KLN_C,KLN_C_2012,KLN_C_2012,3,2,3,3,2.75,0.50000,0,86,0,16,38,0,0,0,16,63,3.50,.,.,.
2012,KLN,C,KLN_C,KLN_C_2012,KLN_C_2012,3,3,2,3,2.75,0.50000,38,16,0,16,63,16,0,0,38,63,6.50,.,.,.
2012,KLN,C,KLN_C,KLN_C_2012,KLN_C_2012,3,4,2,2,2.75,0.95743,86,0,0,3,38,0,0,0,38,63,5.50,.,.,.
2012,KLN,C,KLN_C,KLN_C_2012,KLN_C_2012,3,3,2,2,2.5,0.57735,63,0,0,16,3,3,0,0,38,63,5.25,.,.,.
2012,KLN,C,KLN_C,KLN_C_2012,KLN_C_2012,3,3,1,3,2.5,1.00000,63,16,0,3,16,16,0,0,63,38,3.50,.,.,.
2012,KLN,C,KLN_C,KLN_C_2012,KLN_C_2012,3,2,2,3,2.5,0.57735,1,86,0,3,0,3,0,0,38,63,5.75,.,.,.
2012,KLN,C,KLN_C,KLN_C_2012,KLN_C_2012,2,3,2,2,2.25,0.50000,63,0,0,3,3,38,0,0,38,63,4.25,.,.,.
2012,KLN,C,KLN_C,KLN_C_2012,KLN_C_2012,2,1,2,2,1.75,0.50000,16,38,0,3,63,0,0,0,63,38,0.00,.,.,.
2012,KLN,C,KLN_C,KLN_C_2012,KLN_C_2012,1,1,1,2,1.25,0.50000,38,0,0,0,63,0,0,0,98,3,0.50,.,.,.
2012,KLN,C,KLN_C,KLN_C_2012,KLN_C_2012,2,2,0,1,1.25,0.95743,63,38,3,16,38,16,0,0,63,38,2.00,.,.,.
2012,KLN,C,KLN_C,KLN_C_2012,KLN_C_2012,1,0,1,2,1,0.81650,63,1,3,0,63,1,0,0,86,16,0.25,.,.,.
2012,KLN,C,KLN_C,KLN_C_2012,KLN_C_2012,2,1,0,1,1,0.81650,38,38,0,3,38,63,0,0,63,38,0.00,.,.,.
2012,KLN,C,KLN_C,KLN_C_2012,KLN_C_2012,1,1,1,1,1,0.00000,38,16,0,1,16,3,0,0,86,3,0.00,.,.,.
2012,KLN,C,KLN_C,KLN_C_2012,KLN_C_2012,2,0,0,1,0.75,0.95743,63,1,0,0,38,0,0,0,86,16,0.25,.,.,.
2012,KLN,E,KLN_E,KLN_E_2012,KLN_E_2012,5,4,9,6,6,2.16025,86,38,0,3,1,0,0,0,16,98,11.75,.,.,.
2012,KLN,E,KLN_E,KLN_E_2012,KLN_E_2012,7,6,5,5,5.75,0.95743,0,86,0,16,63,0,0,0,16,86,9.00,.,.,.
2012,KLN,E,KLN_E,KLN_E_2012,KLN_E_2012,4,5,7,5,5.25,1.25831,0,86,0,16,63,0,0,0,16,98,14.00,.,.,.
2012,KLN,E,KLN_E,KLN_E_2012,KLN_E_2012,5,5,4,7,5.25,1.25831,38,63,0,16,38,0,0,0,3,98,10.00,.,.,.
2012,KLN,E,KLN_E,KLN_E_2012,KLN_E_2012,5,6,5,4,5,0.81650,38,38,0,16,86,0,0,0,38,63,3.25,.,.,.
2012,KLN,E,KLN_E,KLN_E_2012,KLN_E_2012,5,5,4,6,5,0.81650,16,63,3,38,63,0,0,0,3,86,3.75,.,.,.
2012,KLN,E,KLN_E,KLN_E_2012,KLN_E_2012,4,5,6,5,5,0.81650,0,86,0,3,16,0,0,0,1,98,5.50,.,.,.
2012,KLN,E,KLN_E,KLN_E_2012,KLN_E_2012,5,4,5,5,4.75,0.50000,0,63,0,38,63,0,0,0,16,86,2.25,.,.,.
2012,KLN,E,KLN_E,KLN_E_2012,KLN_E_2012,5,5,4,5,4.75,0.50000,0,86,0,3,63,0,0,0,3,98,8.50,.,.,.
2012,KLN,E,KLN_E,KLN_E_2012,KLN_E_2012,5,5,4,5,4.75,0.50000,0,86,0,3,63,0,0,0,3,98,14.25,.,.,.
2012,KLN,E,KLN_E,KLN_E_2012,KLN_E_2012,6,4,2,6,4.5,1.91485,0,86,0,3,38,0,0,0,3,98,5.25,.,.,.
2012,KLN,E,KLN_E,KLN_E_2012,KLN_E_2012,3,5,2,7,4.25,2.21736,0,86,0,16,38,3,0,0,16,86,3.50,.,.,.
2012,KLN,E,KLN_E,KLN_E_2012,KLN_E_2012,5,3,4,5,4.25,0.95743,86,3,0,3,3,0,0,0,3,98,9.25,.,.,.
2012,KLN,E,KLN_E,KLN_E_2012,KLN_E_2012,3,5,4,5,4.25,0.95743,3,86,0,16,16,0,0,0,3,98,5.25,.,.,.
2012,KLN,E,KLN_E,KLN_E_2012,KLN_E_2012,5,3,3,5,4,1.15470,86,0,0,3,38,0,0,0,38,86,2.00,.,.,.
2012,KLN,E,KLN_E,KLN_E_2012,KLN_E_2012,3,4,3,5,3.75,0.95743,16,86,0,16,38,0,0,0,16,86,4.75,.,.,.
2012,KLN,E,KLN_E,KLN_E_2012,KLN_E_2012,4,3,4,4,3.75,0.50000,0,3,3,16,16,0,0,0,3,98,13.75,.,.,.
2012,KLN,E,KLN_E,KLN_E_2012,KLN_E_2012,3,4,5,3,3.75,0.95743,0,86,0,16,38,0,0,0,38,86,1.75,.,.,.
2012,KLN,E,KLN_E,KLN_E_2012,KLN_E_2012,4,3,3,3,3.25,0.50000,0,63,0,63,0,0,0,0,3,86,6.25,.,.,.
2012,KLN,E,KLN_E,KLN_E_2012,KLN_E_2012,3,4,3,3,3.25,0.50000,38,63,0,16,38,0,0,0,3,98,6.00,.,.,.
2012,KLN,E,KLN_E,KLN_E_2012,KLN_E_2012,3,4,2,3,3,0.81650,63,38,0,3,3,0,0,0,3,98,3.75,.,.,.
2012,KLN,E,KLN_E,KLN_E_2012,KLN_E_2012,3,3,4,2,3,0.81650,0,98,0,3,3,3,0,0,16,86,1.50,.,.,.
2012,KLN,E,KLN_E,KLN_E_2012,KLN_E_2012,2,3,3,3,2.75,0.50000,86,38,0,3,3,0,0,0,16,86,5.00,.,.,.
2012,KLN,E,KLN_E,KLN_E_2012,KLN_E_2012,3,2,3,3,2.75,0.50000,63,38,0,3,1,0,0,0,16,86,3.50,.,.,.
2012,KLN,E,KLN_E,KLN_E_2012,KLN_E_2012,4,3,1,2,2.5,1.29099,38,63,38,38,0,0,0,0,38,63,0.00,.,.,.
2012,KLN,E,KLN_E,KLN_E_2012,KLN_E_2012,3,3,2,2,2.5,0.57735,3,38,0,63,16,0,0,0,38,63,3.50,.,.,.
2012,KLN,E,KLN_E,KLN_E_2012,KLN_E_2012,1,2,2,1,1.5,0.57735,16,63,0,38,0,3,0,0,16,86,1.00,.,.,.
2012,KLN,E,KLN_E,KLN_E_2012,KLN_E_2012,1,1,1,1,1,0.00000,86,16,3,3,3,0,0,0,86,16,0.00,.,.,.
2012,KLN,E,KLN_E,KLN_E_2012,KLN_E_2012,1,1,1,1,1,0.00000,63,3,0,0,38,0,0,0,63,38,0.25,.,.,.
2012,KLN,E,KLN_E,KLN_E_2012,KLN_E_2012,1,1,0,0,0.5,0.57735,3,86,0,3,0,16,0,0,63,63,0.25,.,.,.
2012,KLN,W,KLN_W,KLN_W_2012,KLN_W_2012,5,4,4,2,3.75,1.25831,38,38,3,3,63,0,0,0,16,86,0.25,.,.,.
2012,KLN,W,KLN_W,KLN_W_2012,KLN_W_2012,3,4,3,4,3.5,0.57735,38,16,0,0,63,16,0,0,86,3,0.50,.,.,.
2012,KLN,W,KLN_W,KLN_W_2012,KLN_W_2012,3,3,3,3,3,0.00000,1,63,0,3,38,16,0,0,63,16,0.50,.,.,.
2012,KLN,W,KLN_W,KLN_W_2012,KLN_W_2012,1,4,4,3,3,1.41421,38,38,0,0,63,16,0,0,38,63,1.75,.,.,.
2012,KLN,W,KLN_W,KLN_W_2012,KLN_W_2012,7,1,1,2,2.75,2.87228,0,98,3,3,3,3,0,0,38,63,0.25,.,.,.
2012,KLN,W,KLN_W,KLN_W_2012,KLN_W_2012,2,3,3,3,2.75,0.50000,0,86,3,16,38,3,0,0,3,86,2.00,.,.,.
2012,KLN,W,KLN_W,KLN_W_2012,KLN_W_2012,4,3,2,0,2.25,1.70783,38,16,0,0,16,38,0,0,98,16,0.00,.,.,.
2012,KLN,W,KLN_W,KLN_W_2012,KLN_W_2012,3,3,0,1,1.75,1.50000,0,86,0,3,38,16,0,0,63,38,0.75,.,.,.
2012,KLN,W,KLN_W,KLN_W_2012,KLN_W_2012,1,1,3,2,1.75,0.95743,0,63,3,16,3,3,0,0,63,16,0.00,.,.,.
2012,KLN,W,KLN_W,KLN_W_2012,KLN_W_2012,1,2,2,2,1.75,0.50000,3,86,3,16,1,1,0,0,63,16,2.00,.,.,.
2012,KLN,W,KLN_W,KLN_W_2012,KLN_W_2012,2,1,1,2,1.5,0.57735,16,38,0,3,63,3,0,0,86,16,0.00,.,.,.
2012,KLN,W,KLN_W,KLN_W_2012,KLN_W_2012,1,3,1,1,1.5,1.00000,1,63,0,3,63,38,0,0,63,38,0.25,.,.,.
2012,KLN,W,KLN_W,KLN_W_2012,KLN_W_2012,3,1,1,1,1.5,1.00000,0,98,0,1,1,3,0,0,38,16,0.00,.,.,.
2012,KLN,W,KLN_W,KLN_W_2012,KLN_W_2012,0,2,0,4,1.5,1.91485,38,16,3,3,63,3,0,0,86,3,0.00,.,.,.
2012,KLN,W,KLN_W,KLN_W_2012,KLN_W_2012,1,1,2,2,1.5,0.57735,16,86,0,3,38,16,0,0,63,38,2.75,.,.,.
2012,KLN,W,KLN_W,KLN_W_2012,KLN_W_2012,1,2,1,1,1.25,0.50000,0,86,0,16,0,38,0,0,63,16,2.00,.,.,.
2012,KLN,W,KLN_W,KLN_W_2012,KLN_W_2012,2,1,1,1,1.25,0.50000,1,86,3,38,16,63,0,0,16,63,0.25,.,.,.
2012,KLN,W,KLN_W,KLN_W_2012,KLN_W_2012,0,3,1,1,1.25,1.25831,63,38,3,3,16,3,0,0,38,38,1.00,.,.,.
2012,KLN,W,KLN_W,KLN_W_2012,KLN_W_2012,0,0,5,0,1.25,2.50000,16,3,0,0,16,3,0,0,86,3,0.75,.,.,.
2012,KLN,W,KLN_W,KLN_W_2012,KLN_W_2012,1,2,1,1,1.25,0.50000,0,0,98,3,16,3,0,0,16,63,2.00,.,.,.
2012,KLN,W,KLN_W,KLN_W_2012,KLN_W_2012,1,1,1,1,1,0.00000,63,0,0,0,38,16,0,0,86,16,0.00,.,.,.
2012,KLN,W,KLN_W,KLN_W_2012,KLN_W_2012,1,1,1,1,1,0.00000,38,63,0,0,38,16,0,0,86,16,0.00,.,.,.
2012,KLN,W,KLN_W,KLN_W_2012,KLN_W_2012,1,1,1,1,1,0.00000,38,16,3,3,38,0,0,0,38,63,0.00,.,.,.
2012,KLN,W,KLN_W,KLN_W_2012,KLN_W_2012,1,1,1,1,1,0.00000,3,63,0,3,1,16,0,0,63,63,0.25,.,.,.
2012,KLN,W,KLN_W,KLN_W_2012,KLN_W_2012,1,1,1,0,0.75,0.50000,63,38,3,3,3,1,0,0,38,63,0.25,.,.,.
2012,KLN,W,KLN_W,KLN_W_2012,KLN_W_2012,1,0,1,1,0.75,0.50000,63,38,3,3,16,3,0,0,16,86,3.25,.,.,.
2012,KLN,W,KLN_W,KLN_W_2012,KLN_W_2012,0,1,1,1,0.75,0.50000,3,63,0,3,1,3,0,0,38,63,3.25,.,.,.
2012,KLN,W,KLN_W,KLN_W_2012,KLN_W_2012,1,1,0,1,0.75,0.50000,16,86,3,3,3,16,0,0,63,38,0.25,.,.,.
2012,KLN,W,KLN_W,KLN_W_2012,KLN_W_2012,1,1,0,0,0.5,0.57735,38,38,0,16,3,16,0,0,86,16,0.25,.,.,.
2012,KLN,W,KLN_W,KLN_W_2012,KLN_W_2012,1,0,0,0,0.25,0.50000,38,16,3,3,3,3,0,0,63,38,0.75,.,.,.
2012,KLT,E,KLT_E,KLT_E_2012,KLT_E_2012,9,11,10,10,10,0.81650,0,0,0,0,98,0,0,0,1,63,5.25,.,.,.
2012,KLT,E,KLT_E,KLT_E_2012,KLT_E_2012,9,8,8,10,8.75,0.95743,38,0,0,3,63,0,0,0,3,1,0.50,.,.,.
2012,KLT,E,KLT_E,KLT_E_2012,KLT_E_2012,9,8,8,9,8.5,0.57735,0,0,0,38,86,0,0,0,3,63,1.00,.,.,.
2012,KLT,E,KLT_E,KLT_E_2012,KLT_E_2012,8,8,8,8,8,0.00000,0,0,3,16,98,0,3,0,0,63,2.25,.,.,.
2012,KLT,E,KLT_E,KLT_E_2012,KLT_E_2012,7,8,9,7,7.75,0.95743,63,0,0,0,63,0,0,0,3,16,0.25,.,.,.
2012,KLT,E,KLT_E,KLT_E_2012,KLT_E_2012,8,7,7,9,7.75,0.95743,16,0,0,0,86,3,0,0,38,3,0.00,.,.,.
2012,KLT,E,KLT_E,KLT_E_2012,KLT_E_2012,7,6,8,8,7.25,0.95743,3,0,0,3,86,0,0,0,16,3,0.25,.,.,.
2012,KLT,E,KLT_E,KLT_E_2012,KLT_E_2012,6,7,6,6,6.25,0.50000,0,0,0,38,38,0,0,0,3,63,0.75,.,.,.
2012,KLT,E,KLT_E,KLT_E_2012,KLT_E_2012,6,7,6,6,6.25,0.50000,63,0,0,16,38,3,0,0,16,38,0.75,.,.,.
2012,KLT,E,KLT_E,KLT_E_2012,KLT_E_2012,6,6,6,5,5.75,0.50000,86,0,0,0,38,16,0,0,3,3,1.00,.,.,.
2012,KLT,E,KLT_E,KLT_E_2012,KLT_E_2012,5,8,6,4,5.75,1.70783,0,0,0,0,16,63,0,0,63,3,0.25,.,.,.
2012,KLT,E,KLT_E,KLT_E_2012,KLT_E_2012,5,4,8,5,5.5,1.73205,63,0,0,3,16,38,0,0,3,16,0.25,.,.,.
2012,KLT,E,KLT_E,KLT_E_2012,KLT_E_2012,6,6,4,5,5.25,0.95743,86,0,0,3,3,3,0,0,16,3,0.50,.,.,.
2012,KLT,E,KLT_E,KLT_E_2012,KLT_E_2012,5,5,5,4,4.75,0.50000,63,0,0,0,38,16,0,0,16,3,0.50,.,.,.
2012,KLT,E,KLT_E,KLT_E_2012,KLT_E_2012,5,4,4,6,4.75,0.95743,38,0,0,0,38,3,0,0,16,38,1.00,.,.,.
2012,KLT,E,KLT_E,KLT_E_2012,KLT_E_2012,4,6,4,5,4.75,0.95743,0,0,0,16,63,3,0,0,3,3,0.50,.,.,.
2012,KLT,E,KLT_E,KLT_E_2012,KLT_E_2012,5,4,5,5,4.75,0.50000,16,0,0,16,38,38,0,0,3,38,1.00,.,.,.
2012,KLT,E,KLT_E,KLT_E_2012,KLT_E_2012,5,5,4,4,4.5,0.57735,63,0,0,3,38,3,0,0,16,16,1.00,.,.,.
2012,KLT,E,KLT_E,KLT_E_2012,KLT_E_2012,4,4,5,4,4.25,0.50000,0,0,16,63,63,0,0,0,0,63,2.00,.,.,.
2012,KLT,E,KLT_E,KLT_E_2012,KLT_E_2012,9,2,2,3,4,3.36650,0,0,0,86,16,0,0,0,0,63,1.50,.,.,.
2012,KLT,E,KLT_E,KLT_E_2012,KLT_E_2012,2,8,3,3,4,2.70801,0,0,0,63,16,0,0,0,3,63,1.50,.,.,.
2012,KLT,E,KLT_E,KLT_E_2012,KLT_E_2012,4,4,3,3,3.5,0.57735,0,86,0,0,3,3,0,0,3,16,0.25,.,.,.
2012,KLT,E,KLT_E,KLT_E_2012,KLT_E_2012,2,3,3,5,3.25,1.25831,63,0,0,0,16,3,0,0,16,3,0.00,.,.,.
2012,KLT,E,KLT_E,KLT_E_2012,KLT_E_2012,3,2,4,4,3.25,0.95743,38,0,0,0,1,1,0,0,63,3,0.00,.,.,.
2012,KLT,E,KLT_E,KLT_E_2012,KLT_E_2012,4,3,2,3,3,0.81650,38,0,0,3,16,3,0,0,38,3,0.25,.,.,.
2012,KLT,E,KLT_E,KLT_E_2012,KLT_E_2012,3,5,2,2,3,1.41421,38,0,0,0,3,0,0,0,86,1,0.00,.,.,.
2012,KLT,E,KLT_E,KLT_E_2012,KLT_E_2012,3,3,3,2,2.75,0.50000,3,16,3,16,38,0,0,0,3,63,1.00,.,.,.
2012,KLT,E,KLT_E,KLT_E_2012,KLT_E_2012,4,3,2,2,2.75,0.95743,0,38,0,16,16,0,0,0,3,63,1.00,.,.,.
2012,KLT,E,KLT_E,KLT_E_2012,KLT_E_2012,2,1,3,4,2.5,1.29099,16,0,16,38,38,0,0,0,16,38,0.25,.,.,.
2012,KLT,E,KLT_E,KLT_E_2012,KLT_E_2012,2,3,2,2,2.25,0.50000,16,0,3,38,38,0,0,0,16,38,0.75,.,.,.
2012,KLT,S,KLT_S,KLT_S_2012,KLT_S_2012,20,20,20,20,20,0.00000,0,0,0,0,38,0,86,0,0,38,4.00,.,.,.
2012,KLT,S,KLT_S,KLT_S_2012,KLT_S_2012,11,8,15,16,12.5,3.69685,0,3,3,38,86,0,0,0,3,3,0.50,.,.,.
2012,KLT,S,KLT_S,KLT_S_2012,KLT_S_2012,10,20,12,7,12.25,5.56028,0,0,0,3,38,0,38,0,0,0,0.00,.,.,.
2012,KLT,S,KLT_S,KLT_S_2012,KLT_S_2012,10,11,10,10,10.25,0.50000,0,0,3,38,0,0,38,0,16,16,1.00,.,.,.
2012,KLT,S,KLT_S,KLT_S_2012,KLT_S_2012,8,8,8,10,8.5,1.00000,38,0,0,0,63,38,0,0,3,38,0.25,.,.,.
2012,KLT,S,KLT_S,KLT_S_2012,KLT_S_2012,8,8,8,7,7.75,0.50000,3,3,3,3,86,0,0,0,16,16,0.25,.,.,.
2012,KLT,S,KLT_S,KLT_S_2012,KLT_S_2012,5,6,11,8,7.5,2.64575,38,0,3,3,16,0,38,0,16,16,0.25,.,.,.
2012,KLT,S,KLT_S,KLT_S_2012,KLT_S_2012,7,10,5,5,6.75,2.36291,86,0,0,0,16,16,0,0,16,3,0.00,.,.,.
2012,KLT,S,KLT_S,KLT_S_2012,KLT_S_2012,7,6,8,6,6.75,0.95743,16,0,0,16,86,3,0,0,38,16,0.50,.,.,.
2012,KLT,S,KLT_S,KLT_S_2012,KLT_S_2012,6,7,8,5,6.5,1.29099,63,0,0,3,38,16,0,0,16,38,0.25,.,.,.
2012,KLT,S,KLT_S,KLT_S_2012,KLT_S_2012,9,4,5,5,5.75,2.21736,86,0,0,0,38,3,0,0,16,1,0.00,.,.,.
2012,KLT,S,KLT_S,KLT_S_2012,KLT_S_2012,4,5,7,7,5.75,1.50000,38,3,0,3,16,0,0,0,38,1,0.00,.,.,.
2012,KLT,S,KLT_S,KLT_S_2012,KLT_S_2012,10,4,4,5,5.75,2.87228,38,0,3,3,38,0,16,0,63,0,0.00,.,.,.
2012,KLT,S,KLT_S,KLT_S_2012,KLT_S_2012,4,6,5,7,5.5,1.29099,3,0,0,3,86,0,0,0,63,3,0.00,.,.,.
2012,KLT,S,KLT_S,KLT_S_2012,KLT_S_2012,4,5,6,6,5.25,0.95743,16,0,0,0,86,16,0,0,38,3,0.25,.,.,.
2012,KLT,S,KLT_S,KLT_S_2012,KLT_S_2012,5,6,5,4,5,0.81650,63,0,0,0,16,3,0,0,38,3,0.00,.,.,.
2012,KLT,S,KLT_S,KLT_S_2012,KLT_S_2012,4,5,4,6,4.75,0.95743,86,0,0,3,16,3,0,0,3,16,0.25,.,.,.
2012,KLT,S,KLT_S,KLT_S_2012,KLT_S_2012,4,4,6,5,4.75,0.95743,86,3,0,0,16,0,16,0,38,1,0.00,.,.,.
2012,KLT,S,KLT_S,KLT_S_2012,KLT_S_2012,4,5,4,6,4.75,0.95743,3,38,38,38,38,0,0,0,3,38,2.00,.,.,.
2012,KLT,S,KLT_S,KLT_S_2012,KLT_S_2012,4,5,5,4,4.5,0.57735,63,3,0,0,16,0,0,0,38,16,0.25,.,.,.
2012,KLT,S,KLT_S,KLT_S_2012,KLT_S_2012,4,3,5,5,4.25,0.95743,86,0,0,3,16,3,0,0,3,38,1.00,.,.,.
2012,KLT,S,KLT_S,KLT_S_2012,KLT_S_2012,5,3,4,5,4.25,0.95743,63,3,0,0,16,0,0,0,38,0,0.00,.,.,.
2012,KLT,S,KLT_S,KLT_S_2012,KLT_S_2012,4,4,5,3,4,0.81650,63,0,3,16,38,3,0,0,1,38,0.00,.,.,.
2012,KLT,S,KLT_S,KLT_S_2012,KLT_S_2012,4,4,4,4,4,0.00000,86,0,0,0,3,3,0,0,3,16,0.25,.,.,.
2012,KLT,S,KLT_S,KLT_S_2012,KLT_S_2012,4,3,4,4,3.75,0.50000,98,3,0,0,3,0,0,0,38,1,0.00,.,.,.
2012,KLT,S,KLT_S,KLT_S_2012,KLT_S_2012,4,3,3,4,3.5,0.57735,86,0,0,0,3,38,0,0,3,63,1.00,.,.,.
2012,KLT,S,KLT_S,KLT_S_2012,KLT_S_2012,3,4,4,3,3.5,0.57735,86,3,0,0,16,0,0,0,38,1,0.00,.,.,.
2012,KLT,S,KLT_S,KLT_S_2012,KLT_S_2012,3,4,4,2,3.25,0.95743,86,0,0,0,16,16,0,0,38,38,0.25,.,.,.
2012,KLT,S,KLT_S,KLT_S_2012,KLT_S_2012,3,2,2,2,2.25,0.50000,16,0,0,3,38,3,0,0,16,0,1.00,.,.,.
2012,KLT,S,KLT_S,KLT_S_2012,KLT_S_2012,2,2,3,2,2.25,0.50000,38,0,0,16,3,16,0,0,16,38,1.00,.,.,.
2012,KLT,W,KLT_W,KLT_W_2012,KLT_W_2012,9,10,12,10,10.25,1.25831,0,3,0,0,86,0,0,0,3,16,2.00,.,.,.
2012,KLT,W,KLT_W,KLT_W_2012,KLT_W_2012,5,9,6,8,7,1.82574,86,0,0,0,3,16,0,0,16,3,0.00,.,.,.
2012,KLT,W,KLT_W,KLT_W_2012,KLT_W_2012,8,7,6,7,7,0.81650,3,0,0,3,86,0,16,0,16,0,0.00,.,.,.
2012,KLT,W,KLT_W,KLT_W_2012,KLT_W_2012,7,5,6,10,7,2.16025,86,0,0,3,16,0,0,0,38,0,0.00,.,.,.
2012,KLT,W,KLT_W,KLT_W_2012,KLT_W_2012,3,8,8,8,6.75,2.50000,63,0,0,16,3,16,0,0,16,1,0.00,.,.,.
2012,KLT,W,KLT_W,KLT_W_2012,KLT_W_2012,5,7,6,7,6.25,0.95743,38,0,3,3,16,38,0,0,3,16,0.75,.,.,.
2012,KLT,W,KLT_W,KLT_W_2012,KLT_W_2012,6,5,6,8,6.25,1.25831,16,0,0,0,38,16,0,0,16,16,0.75,.,.,.
2012,KLT,W,KLT_W,KLT_W_2012,KLT_W_2012,5,7,6,5,5.75,0.95743,0,0,3,63,38,0,0,0,0,63,1.00,.,.,.
2012,KLT,W,KLT_W,KLT_W_2012,KLT_W_2012,6,6,4,5,5.25,0.95743,86,0,0,0,3,16,0,0,16,3,0.25,.,.,.
2012,KLT,W,KLT_W,KLT_W_2012,KLT_W_2012,6,5,4,6,5.25,0.95743,63,0,0,0,16,3,0,0,38,0,0.00,.,.,.
2012,KLT,W,KLT_W,KLT_W_2012,KLT_W_2012,5,5,6,5,5.25,0.50000,63,0,0,0,16,3,0,0,38,3,0.00,.,.,.
2012,KLT,W,KLT_W,KLT_W_2012,KLT_W_2012,4,6,5,5,5,0.81650,86,0,16,16,0,0,0,0,16,3,0.25,.,.,.
2012,KLT,W,KLT_W,KLT_W_2012,KLT_W_2012,6,5,3,5,4.75,1.25831,63,0,0,0,3,0,0,0,38,3,0.75,.,.,.
2012,KLT,W,KLT_W,KLT_W_2012,KLT_W_2012,4,5,5,5,4.75,0.50000,63,0,0,0,16,16,0,0,16,3,0.25,.,.,.
2012,KLT,W,KLT_W,KLT_W_2012,KLT_W_2012,5,4,4,6,4.75,0.95743,63,0,0,0,38,16,0,0,3,16,0.25,.,.,.
2012,KLT,W,KLT_W,KLT_W_2012,KLT_W_2012,3,4,6,6,4.75,1.50000,63,0,0,0,16,0,0,0,63,1,0.00,.,.,.
2012,KLT,W,KLT_W,KLT_W_2012,KLT_W_2012,4,4,5,5,4.5,0.57735,86,0,0,3,3,3,0,0,16,3,0.25,.,.,.
2012,KLT,W,KLT_W,KLT_W_2012,KLT_W_2012,4,6,4,4,4.5,1.00000,63,0,0,0,16,38,0,0,3,16,0.25,.,.,.
2012,KLT,W,KLT_W,KLT_W_2012,KLT_W_2012,4,3,6,5,4.5,1.29099,38,0,0,0,3,3,0,0,63,0,0.00,.,.,.
2012,KLT,W,KLT_W,KLT_W_2012,KLT_W_2012,3,3,5,5,4,1.15470,86,3,0,0,3,0,0,0,16,16,0.50,.,.,.
2012,KLT,W,KLT_W,KLT_W_2012,KLT_W_2012,4,4,4,4,4,0.00000,63,0,0,3,16,0,0,0,38,3,0.00,.,.,.
2012,KLT,W,KLT_W,KLT_W_2012,KLT_W_2012,4,3,4,5,4,0.81650,86,0,0,0,16,3,0,0,3,16,0.25,.,.,.
2012,KLT,W,KLT_W,KLT_W_2012,KLT_W_2012,4,3,4,4,3.75,0.50000,63,0,0,3,38,0,0,0,3,3,0.00,.,.,.
2012,KLT,W,KLT_W,KLT_W_2012,KLT_W_2012,3,5,4,3,3.75,0.95743,63,0,0,0,16,16,0,0,3,16,0.50,.,.,.
2012,KLT,W,KLT_W,KLT_W_2012,KLT_W_2012,3,3,4,4,3.5,0.57735,38,0,0,0,16,0,0,0,63,0,0.00,.,.,.
2012,KLT,W,KLT_W,KLT_W_2012,KLT_W_2012,3,3,4,3,3.25,0.50000,86,0,0,0,16,0,0,0,38,3,0.25,.,.,.
2012,KLT,W,KLT_W,KLT_W_2012,KLT_W_2012,4,3,3,2,3,0.81650,63,0,0,3,3,3,0,0,16,16,0.25,.,.,.
2012,KLT,W,KLT_W,KLT_W_2012,KLT_W_2012,3,2,3,2,2.5,0.57735,16,0,0,63,3,0,0,0,3,63,1.50,.,.,.
2012,KLT,W,KLT_W,KLT_W_2012,KLT_W_2012,2,2,2,3,2.25,0.50000,38,0,0,3,3,3,0,0,63,0,0.00,.,.,.
2012,KLT,W,KLT_W,KLT_W_2012,KLT_W_2012,0,2,2,2,1.5,1.00000,38,0,0,0,0,0,0,0,63,0,0.00,.,.,.
2012,LTR,C,LTR_C,LTR_C_2012,LTR_C_2012,11,7,18,5,10.25,5.73730,0,0,38,86,63,0,0,0,0,3,0,.,.,.
2012,LTR,C,LTR_C,LTR_C_2012,LTR_C_2012,6,9,7,8,7.5,1.29099,3,3,16,38,38,3,0,0,1,38,0,.,.,.
2012,LTR,C,LTR_C,LTR_C_2012,LTR_C_2012,8,6,7,8,7.25,0.95743,3,0,16,16,38,0,3,0,3,16,0.75,.,.,.
2012,LTR,C,LTR_C,LTR_C_2012,LTR_C_2012,7,5,6,6,6,0.81650,0,63,0,38,16,0,0,0,0,86,1,.,.,.
2012,LTR,C,LTR_C,LTR_C_2012,LTR_C_2012,8,5,5,5,5.75,1.50000,3,63,0,3,16,0,0,0,3,38,0.5,.,.,.
2012,LTR,C,LTR_C,LTR_C_2012,LTR_C_2012,7,6,3,5,5.25,1.70783,38,38,3,16,16,3,0,0,3,16,0,.,.,.
2012,LTR,C,LTR_C,LTR_C_2012,LTR_C_2012,4,5,4,5,4.5,0.57735,63,0,3,16,38,0,0,0,16,16,0,.,.,.
2012,LTR,C,LTR_C,LTR_C_2012,LTR_C_2012,5,2,4,7,4.5,2.08167,38,16,16,16,16,1,3,0,16,38,0,.,.,.
2012,LTR,C,LTR_C,LTR_C_2012,LTR_C_2012,3,4,6,4,4.25,1.25831,38,0,3,16,38,1,3,0,3,38,0,.,.,.
2012,LTR,C,LTR_C,LTR_C_2012,LTR_C_2012,5,4,4,4,4.25,0.50000,63,0,3,3,38,0,0,0,16,38,0,.,.,.
2012,LTR,C,LTR_C,LTR_C_2012,LTR_C_2012,8,3,2,4,4.25,2.62996,0,38,0,16,16,0,0,0,3,63,0,.,.,.
2012,LTR,C,LTR_C,LTR_C_2012,LTR_C_2012,2,2,8,5,4.25,2.87228,16,38,3,16,16,3,3,0,16,38,0.25,.,.,.
2012,LTR,C,LTR_C,LTR_C_2012,LTR_C_2012,3,3,3,7,4,2.00000,38,0,3,3,16,0,16,0,38,3,0,.,.,.
2012,LTR,C,LTR_C,LTR_C_2012,LTR_C_2012,3,2,6,5,4,1.82574,3,38,0,16,16,0,0,0,16,16,0,.,.,.
2012,LTR,C,LTR_C,LTR_C_2012,LTR_C_2012,3,4,2,5,3.5,1.29099,3,38,3,16,38,0,0,0,3,38,0,.,.,.
2012,LTR,C,LTR_C,LTR_C_2012,LTR_C_2012,3,3,4,4,3.5,0.57735,63,0,3,16,63,0,3,0,0,63,0.25,.,.,.
2012,LTR,C,LTR_C,LTR_C_2012,LTR_C_2012,7,3,3,1,3.5,2.51661,38,16,16,38,16,3,3,0,3,38,0,.,.,.
2012,LTR,C,LTR_C,LTR_C_2012,LTR_C_2012,7,1,5,1,3.5,3.00000,16,38,3,16,16,0,3,0,3,38,0,.,.,.
2012,LTR,C,LTR_C,LTR_C_2012,LTR_C_2012,5,5,2,2,3.5,1.73205,0,38,16,38,16,16,0,0,3,63,0.5,.,.,.
2012,LTR,C,LTR_C,LTR_C_2012,LTR_C_2012,3,3,4,2,3,0.81650,0,38,0,16,3,0,16,0,3,63,0,.,.,.
2012,LTR,C,LTR_C,LTR_C_2012,LTR_C_2012,2,1,4,5,3,1.82574,0,63,3,16,16,3,3,0,3,63,0.25,.,.,.
2012,LTR,C,LTR_C,LTR_C_2012,LTR_C_2012,4,2,2,3,2.75,0.95743,63,0,16,16,16,3,0,0,16,16,0,.,.,.
2012,LTR,C,LTR_C,LTR_C_2012,LTR_C_2012,3,3,3,2,2.75,0.50000,16,16,16,16,16,3,3,0,3,63,0,.,.,.
2012,LTR,C,LTR_C,LTR_C_2012,LTR_C_2012,3,2,3,1,2.25,0.95743,38,16,3,16,16,3,0,0,16,38,0,.,.,.
2012,LTR,C,LTR_C,LTR_C_2012,LTR_C_2012,3,2,2,2,2.25,0.50000,0,16,0,38,0,0,0,0,0,86,0.5,.,.,.
2012,LTR,C,LTR_C,LTR_C_2012,LTR_C_2012,1,1,2,4,2,1.41421,3,16,3,16,16,0,0,0,3,63,0,.,.,.
2012,LTR,C,LTR_C,LTR_C_2012,LTR_C_2012,2,2,1,2,1.75,0.50000,3,38,3,16,38,0,3,0,3,63,0,.,.,.
2012,LTR,C,LTR_C,LTR_C_2012,LTR_C_2012,1,2,1,2,1.5,0.57735,63,0,3,3,3,3,0,0,16,63,0,.,.,.
2012,LTR,C,LTR_C,LTR_C_2012,LTR_C_2012,1,1,1,1,1,0.00000,0,38,3,38,3,16,3,0,38,38,0,.,.,.
2012,LTR,C,LTR_C,LTR_C_2012,LTR_C_2012,1,1,1,0,0.75,0.50000,38,16,16,16,16,0,0,0,16,16,0,.,.,.
2012,LTR,E,LTR_E,LTR_E_2012,LTR_E_2012,3,20,14,15,13,7.16473,0,63,0,3,16,0,3,0,16,38,0,.,.,.
2012,LTR,E,LTR_E,LTR_E_2012,LTR_E_2012,8,8,9,10,8.75,0.95743,0,63,16,38,16,0,3,0,0,63,0.25,.,.,.
2012,LTR,E,LTR_E,LTR_E_2012,LTR_E_2012,8,6,7,7,7,0.81650,0,16,38,38,63,0,0,0,16,16,0,.,.,.
2012,LTR,E,LTR_E,LTR_E_2012,LTR_E_2012,6,7,7,8,7,0.81650,3,3,16,38,16,16,16,0,16,16,0,.,.,.
2012,LTR,E,LTR_E,LTR_E_2012,LTR_E_2012,7,11,1,7,6.5,4.12311,16,16,3,16,38,3,0,0,38,3,0,.,.,.
2012,LTR,E,LTR_E,LTR_E_2012,LTR_E_2012,6,11,2,5,6,3.74166,16,16,16,16,16,0,3,0,0,86,1,.,.,.
2012,LTR,E,LTR_E,LTR_E_2012,LTR_E_2012,9,4,7,2,5.5,3.10913,3,38,38,38,38,3,0,0,3,38,0.25,.,.,.
2012,LTR,E,LTR_E,LTR_E_2012,LTR_E_2012,10,5,3,4,5.5,3.10913,0,3,38,63,38,0,16,0,0,63,0,.,.,.
2012,LTR,E,LTR_E,LTR_E_2012,LTR_E_2012,2,6,7,6,5.25,2.21736,0,16,38,38,63,0,3,0,0,38,0.5,.,.,.
2012,LTR,E,LTR_E,LTR_E_2012,LTR_E_2012,4,3,5,6,4.5,1.29099,0,86,3,3,16,3,0,0,3,38,0,.,.,.
2012,LTR,E,LTR_E,LTR_E_2012,LTR_E_2012,4,3,4,6,4.25,1.25831,3,38,16,38,16,0,0,0,16,16,0,.,.,.
2012,LTR,E,LTR_E,LTR_E_2012,LTR_E_2012,7,3,5,2,4.25,2.21736,38,16,16,38,16,3,0,0,16,38,0,.,.,.
2012,LTR,E,LTR_E,LTR_E_2012,LTR_E_2012,3,5,5,4,4.25,0.95743,0,63,16,38,16,1,16,0,0,86,1,.,.,.
2012,LTR,E,LTR_E,LTR_E_2012,LTR_E_2012,5,3,3,5,4,1.15470,0,63,3,16,38,3,0,0,0,63,0.5,.,.,.
2012,LTR,E,LTR_E,LTR_E_2012,LTR_E_2012,5,7,1,3,4,2.58199,0,38,38,38,3,0,0,0,0,63,0.5,.,.,.
2012,LTR,E,LTR_E,LTR_E_2012,LTR_E_2012,3,4,6,2,3.75,1.70783,0,38,16,38,16,0,0,0,3,38,0,.,.,.
2012,LTR,E,LTR_E,LTR_E_2012,LTR_E_2012,2,2,4,6,3.5,1.91485,3,38,3,16,38,0,0,0,3,16,0,.,.,.
2012,LTR,E,LTR_E,LTR_E_2012,LTR_E_2012,5,3,1,4,3.25,1.70783,0,38,16,16,16,3,0,0,3,63,0,.,.,.
2012,LTR,E,LTR_E,LTR_E_2012,LTR_E_2012,4,3,4,1,3,1.41421,3,16,16,38,16,3,0,0,3,38,0,.,.,.
2012,LTR,E,LTR_E,LTR_E_2012,LTR_E_2012,2,8,1,1,3,3.36650,0,16,3,63,16,0,0,0,3,38,0,.,.,.
2012,LTR,E,LTR_E,LTR_E_2012,LTR_E_2012,3,3,3,1,2.5,1.00000,16,16,3,16,3,38,0,0,38,16,0,.,.,.
2012,LTR,E,LTR_E,LTR_E_2012,LTR_E_2012,1,5,1,3,2.5,1.91485,0,63,16,16,3,0,0,0,3,63,0.25,.,.,.
2012,LTR,E,LTR_E,LTR_E_2012,LTR_E_2012,3,3,2,1,2.25,0.95743,16,38,3,16,16,3,0,0,3,38,0,.,.,.
2012,LTR,E,LTR_E,LTR_E_2012,LTR_E_2012,2,2,3,2,2.25,0.50000,16,16,16,38,38,3,0,0,3,63,0,.,.,.
2012,LTR,E,LTR_E,LTR_E_2012,LTR_E_2012,3,1,1,3,2,1.15470,0,63,3,16,16,3,0,0,16,16,0,.,.,.
2012,LTR,E,LTR_E,LTR_E_2012,LTR_E_2012,2,1,3,2,2,0.81650,16,38,3,16,16,16,0,0,3,38,0,.,.,.
2012,LTR,E,LTR_E,LTR_E_2012,LTR_E_2012,1,1,1,3,1.5,1.00000,3,63,3,16,16,3,3,0,3,38,0,.,.,.
2012,LTR,E,LTR_E,LTR_E_2012,LTR_E_2012,1,1,3,1,1.5,1.00000,0,38,3,16,3,16,0,0,3,63,0,.,.,.
2012,LTR,E,LTR_E,LTR_E_2012,LTR_E_2012,2,1,1,1,1.25,0.50000,16,16,16,16,16,3,0,0,3,38,0.25,.,.,.
2012,LTR,E,LTR_E,LTR_E_2012,LTR_E_2012,1,1,1,2,1.25,0.50000,16,38,16,38,38,3,0,0,3,16,0,.,.,.
2012,LTR,W,LTR_W,LTR_W_2012,LTR_W_2012,4,7,4,6,5.25,1.50000,16,63,0,16,38,16,3,0,0,38,0.25,.,.,.
2012,LTR,W,LTR_W,LTR_W_2012,LTR_W_2012,5,5,4,5,4.75,0.50000,38,16,3,16,38,16,0,0,3,38,0.25,.,.,.
2012,LTR,W,LTR_W,LTR_W_2012,LTR_W_2012,5,4,4,5,4.5,0.57735,63,3,16,16,38,0,0,0,16,16,0,.,.,.
2012,LTR,W,LTR_W,LTR_W_2012,LTR_W_2012,5,5,4,4,4.5,0.57735,0,16,0,0,3,0,0,0,3,16,0,.,.,.
2012,LTR,W,LTR_W,LTR_W_2012,LTR_W_2012,4,5,4,3,4,0.81650,63,3,3,3,38,3,0,0,3,16,0,.,.,.
2012,LTR,W,LTR_W,LTR_W_2012,LTR_W_2012,4,4,4,4,4,0.00000,63,3,3,3,16,3,0,0,3,38,0,.,.,.
2012,LTR,W,LTR_W,LTR_W_2012,LTR_W_2012,4,4,4,4,4,0.00000,38,38,0,3,16,38,0,0,1,16,0,.,.,.
2012,LTR,W,LTR_W,LTR_W_2012,LTR_W_2012,4,4,3,4,3.75,0.50000,63,0,3,3,38,16,0,0,16,16,0,.,.,.
2012,LTR,W,LTR_W,LTR_W_2012,LTR_W_2012,4,3,4,4,3.75,0.50000,38,3,16,38,38,0,3,0,0,63,0.5,.,.,.
2012,LTR,W,LTR_W,LTR_W_2012,LTR_W_2012,4,3,3,4,3.5,0.57735,86,3,3,3,38,3,0,0,3,38,0,.,.,.
2012,LTR,W,LTR_W,LTR_W_2012,LTR_W_2012,4,3,3,4,3.5,0.57735,38,16,16,16,3,3,0,0,3,16,0,.,.,.
2012,LTR,W,LTR_W,LTR_W_2012,LTR_W_2012,3,4,4,3,3.5,0.57735,63,0,16,16,16,3,0,0,16,16,0,.,.,.
2012,LTR,W,LTR_W,LTR_W_2012,LTR_W_2012,3,3,4,3,3.25,0.50000,63,16,3,16,38,3,16,0,16,38,0,.,.,.
2012,LTR,W,LTR_W,LTR_W_2012,LTR_W_2012,5,3,2,3,3.25,1.25831,63,3,16,16,16,0,0,0,1,38,0,.,.,.
2012,LTR,W,LTR_W,LTR_W_2012,LTR_W_2012,3,4,3,3,3.25,0.50000,0,86,0,3,0,0,0,0,0,63,1,.,.,.
2012,LTR,W,LTR_W,LTR_W_2012,LTR_W_2012,3,3,3,3,3,0.00000,38,16,16,16,3,0,3,0,3,16,0.25,.,.,.
2012,LTR,W,LTR_W,LTR_W_2012,LTR_W_2012,2,4,3,3,3,0.81650,38,0,16,16,16,38,0,0,3,38,0,.,.,.
2012,LTR,W,LTR_W,LTR_W_2012,LTR_W_2012,3,2,1,4,2.5,1.29099,16,63,3,3,3,1,3,0,16,86,0.25,.,.,.
2012,LTR,W,LTR_W,LTR_W_2012,LTR_W_2012,3,2,3,2,2.5,0.57735,38,3,16,16,38,0,3,0,16,38,0,.,.,.
2012,LTR,W,LTR_W,LTR_W_2012,LTR_W_2012,2,3,2,2,2.25,0.50000,63,3,3,3,16,0,0,0,3,38,0,.,.,.
2012,LTR,W,LTR_W,LTR_W_2012,LTR_W_2012,2,2,2,3,2.25,0.50000,63,16,16,16,3,0,3,0,3,38,0,.,.,.
2012,LTR,W,LTR_W,LTR_W_2012,LTR_W_2012,2,2,3,2,2.25,0.50000,63,3,3,3,16,3,0,0,0,38,0,.,.,.
2012,LTR,W,LTR_W,LTR_W_2012,LTR_W_2012,2,2,2,2,2,0.00000,86,3,0,3,3,16,0,0,3,38,0,.,.,.
2012,LTR,W,LTR_W,LTR_W_2012,LTR_W_2012,2,2,2,2,2,0.00000,63,3,3,3,16,3,3,0,3,38,0,.,.,.
2012,LTR,W,LTR_W,LTR_W_2012,LTR_W_2012,1,3,2,2,2,0.81650,38,16,3,3,16,3,16,0,3,16,0,.,.,.
2012,LTR,W,LTR_W,LTR_W_2012,LTR_W_2012,2,2,2,2,2,0.00000,63,3,3,3,3,0,3,0,3,16,0,.,.,.
2012,LTR,W,LTR_W,LTR_W_2012,LTR_W_2012,2,1,2,3,2,0.81650,63,3,3,3,3,0,16,0,1,63,0.5,.,.,.
2012,LTR,W,LTR_W,LTR_W_2012,LTR_W_2012,2,2,2,1,1.75,0.50000,63,3,3,3,16,3,0,0,3,63,0,.,.,.
2012,LTR,W,LTR_W,LTR_W_2012,LTR_W_2012,2,1,2,1,1.5,0.57735,38,0,16,16,3,16,0,0,3,38,0,.,.,.
2012,LTR,W,LTR_W,LTR_W_2012,LTR_W_2012,1,1,2,2,1.5,0.57735,38,16,3,16,16,3,0,0,16,16,0,.,.,.
2012,PAW,E,PAW_E,PAW_E_2012,PAW_E_2012,12,12,12,12,12,0.00000,3,0,3,16,98,0,0,0,0,86,6.00,.,.,.
2012,PAW,E,PAW_E,PAW_E_2012,PAW_E_2012,9,9,12,11,10.25,1.50000,0,0,16,63,16,0,16,0,0,86,10.00,.,.,.
2012,PAW,E,PAW_E,PAW_E_2012,PAW_E_2012,10,9,9,9,9.25,0.50000,3,0,16,16,38,0,38,0,0,86,15.00,.,.,.
2012,PAW,E,PAW_E,PAW_E_2012,PAW_E_2012,6,4,8,14,8,4.32049,38,0,3,3,16,0,38,0,0,86,3.50,.,.,.
2012,PAW,E,PAW_E,PAW_E_2012,PAW_E_2012,10,8,7,6,7.75,1.70783,38,0,3,3,38,0,16,0,0,86,6.50,.,.,.
2012,PAW,E,PAW_E,PAW_E_2012,PAW_E_2012,7,7,7,7,7,0.00000,16,0,3,3,3,0,63,0,0,86,13.25,.,.,.
2012,PAW,E,PAW_E,PAW_E_2012,PAW_E_2012,6,6,6,8,6.5,1.00000,63,0,16,0,38,0,3,0,0,86,5.75,.,.,.
2012,PAW,E,PAW_E,PAW_E_2012,PAW_E_2012,6,7,6,7,6.5,0.57735,16,0,16,38,3,0,38,0,0,86,12.00,.,.,.
2012,PAW,E,PAW_E,PAW_E_2012,PAW_E_2012,8,5,6,5,6,1.41421,3,0,38,38,63,0,3,0,0,86,13.00,.,.,.
2012,PAW,E,PAW_E,PAW_E_2012,PAW_E_2012,5,3,5,10,5.75,2.98608,86,3,3,3,16,3,0,0,0,86,7.50,.,.,.
2012,PAW,E,PAW_E,PAW_E_2012,PAW_E_2012,5,5,7,5,5.5,1.00000,63,0,3,16,3,0,38,0,0,86,15.25,.,.,.
2012,PAW,E,PAW_E,PAW_E_2012,PAW_E_2012,5,5,6,6,5.5,0.57735,16,0,3,16,63,3,3,0,0,86,3.25,.,.,.
2012,PAW,E,PAW_E,PAW_E_2012,PAW_E_2012,6,5,5,6,5.5,0.57735,16,0,16,16,63,3,3,0,0,86,12.00,.,.,.
2012,PAW,E,PAW_E,PAW_E_2012,PAW_E_2012,6,5,4,4,4.75,0.95743,63,0,3,3,16,3,0,0,0,86,7.75,.,.,.
2012,PAW,E,PAW_E,PAW_E_2012,PAW_E_2012,5,4,4,6,4.75,0.95743,38,0,16,16,3,3,38,0,0,86,8.00,.,.,.
2012,PAW,E,PAW_E,PAW_E_2012,PAW_E_2012,5,4,5,4,4.5,0.57735,38,0,3,16,38,0,38,0,0,86,7.00,.,.,.
2012,PAW,E,PAW_E,PAW_E_2012,PAW_E_2012,5,4,5,3,4.25,0.95743,63,0,3,16,16,0,3,0,0,86,8.75,.,.,.
2012,PAW,E,PAW_E,PAW_E_2012,PAW_E_2012,5,4,3,5,4.25,0.95743,86,0,3,16,16,0,0,0,0,86,9.25,.,.,.
2012,PAW,E,PAW_E,PAW_E_2012,PAW_E_2012,6,4,3,4,4.25,1.25831,38,0,3,16,38,0,0,0,0,98,10.25,.,.,.
2012,PAW,E,PAW_E,PAW_E_2012,PAW_E_2012,6,3,3,4,4,1.41421,86,0,3,3,16,3,0,0,0,86,11.75,.,.,.
2012,PAW,E,PAW_E,PAW_E_2012,PAW_E_2012,4,5,3,4,4,0.81650,63,0,3,16,16,0,0,0,0,98,13.50,.,.,.
2012,PAW,E,PAW_E,PAW_E_2012,PAW_E_2012,4,4,4,4,4,0.00000,38,0,16,16,63,3,16,0,0,86,7.75,.,.,.
2012,PAW,E,PAW_E,PAW_E_2012,PAW_E_2012,4,4,3,4,3.75,0.50000,86,0,3,16,16,0,0,0,0,98,9.50,.,.,.
2012,PAW,E,PAW_E,PAW_E_2012,PAW_E_2012,4,4,4,3,3.75,0.50000,86,0,3,16,16,0,3,0,0,86,10.00,.,.,.
2012,PAW,E,PAW_E,PAW_E_2012,PAW_E_2012,3,4,5,3,3.75,0.95743,38,0,3,16,38,0,38,0,0,98,3.50,.,.,.
2012,PAW,E,PAW_E,PAW_E_2012,PAW_E_2012,4,3,3,4,3.5,0.57735,38,3,16,16,16,3,16,0,0,86,4.25,.,.,.
2012,PAW,E,PAW_E,PAW_E_2012,PAW_E_2012,4,3,4,3,3.5,0.57735,86,0,3,3,3,0,16,0,0,86,7.25,.,.,.
2012,PAW,E,PAW_E,PAW_E_2012,PAW_E_2012,3,3,4,4,3.5,0.57735,86,0,3,3,3,0,16,0,0,98,9.50,.,.,.
2012,PAW,E,PAW_E,PAW_E_2012,PAW_E_2012,3,3,3,3,3,0.00000,63,0,3,3,3,16,16,0,0,86,10.25,.,.,.
2012,PAW,E,PAW_E,PAW_E_2012,PAW_E_2012,3,2,3,4,3,0.81650,38,0,3,3,63,3,3,0,0,86,5.00,.,.,.
2012,PAW,S,PAW_S,PAW_S_2012,PAW_S_2012,11,11,10,10,10.5,0.57735,0,0,3,3,63,38,0,0,0,86,4.50,.,.,.
2012,PAW,S,PAW_S,PAW_S_2012,PAW_S_2012,8,10,15,8,10.25,3.30404,16,0,0,0,38,0,3,0,0,86,20.50,.,.,.
2012,PAW,S,PAW_S,PAW_S_2012,PAW_S_2012,8,8,8,12,9,2.00000,16,0,3,3,63,16,0,0,0,86,5.50,.,.,.
2012,PAW,S,PAW_S,PAW_S_2012,PAW_S_2012,12,8,7,6,8.25,2.62996,16,0,3,3,63,3,16,0,0,98,11.50,.,.,.
2012,PAW,S,PAW_S,PAW_S_2012,PAW_S_2012,7,8,8,9,8,0.81650,16,0,16,38,3,63,0,0,0,86,8.50,.,.,.
2012,PAW,S,PAW_S,PAW_S_2012,PAW_S_2012,8,6,9,8,7.75,1.25831,63,0,3,3,38,0,16,0,0,98,9.50,.,.,.
2012,PAW,S,PAW_S,PAW_S_2012,PAW_S_2012,7,9,9,6,7.75,1.50000,3,0,3,3,63,0,3,0,0,86,6.00,.,.,.
2012,PAW,S,PAW_S,PAW_S_2012,PAW_S_2012,4,10,10,6,7.5,3.00000,3,0,3,3,63,0,16,0,0,98,14.00,.,.,.
2012,PAW,S,PAW_S,PAW_S_2012,PAW_S_2012,8,8,8,6,7.5,1.00000,16,0,3,3,63,0,3,0,0,98,18.00,.,.,.
2012,PAW,S,PAW_S,PAW_S_2012,PAW_S_2012,8,6,8,8,7.5,1.00000,16,0,3,3,16,0,38,0,0,98,9.50,.,.,.
2012,PAW,S,PAW_S,PAW_S_2012,PAW_S_2012,10,8,4,8,7.5,2.51661,16,0,3,3,63,0,3,0,0,86,10.00,.,.,.
2012,PAW,S,PAW_S,PAW_S_2012,PAW_S_2012,10,6,6,4,6.5,2.51661,16,0,3,3,38,0,0,0,0,98,15.75,.,.,.
2012,PAW,S,PAW_S,PAW_S_2012,PAW_S_2012,7,6,6,6,6.25,0.50000,86,0,3,3,16,0,16,0,0,98,17.00,.,.,.
2012,PAW,S,PAW_S,PAW_S_2012,PAW_S_2012,7,5,8,5,6.25,1.50000,38,0,0,0,63,0,3,0,0,98,18.00,.,.,.
2012,PAW,S,PAW_S,PAW_S_2012,PAW_S_2012,5,2,11,6,6,3.74166,3,0,3,3,63,0,16,0,0,86,6.75,.,.,.
2012,PAW,S,PAW_S,PAW_S_2012,PAW_S_2012,5,4,7,6,5.5,1.29099,16,0,3,3,38,38,0,0,0,86,7.75,.,.,.
2012,PAW,S,PAW_S,PAW_S_2012,PAW_S_2012,5,5,6,5,5.25,0.50000,63,0,3,3,38,0,0,0,0,86,13.50,.,.,.
2012,PAW,S,PAW_S,PAW_S_2012,PAW_S_2012,5,5,6,5,5.25,0.50000,16,0,3,3,38,3,38,0,0,98,15.00,.,.,.
2012,PAW,S,PAW_S,PAW_S_2012,PAW_S_2012,6,4,6,4,5,1.15470,38,0,3,3,38,0,0,0,0,98,13.00,.,.,.
2012,PAW,S,PAW_S,PAW_S_2012,PAW_S_2012,4,5,6,5,5,0.81650,16,0,3,3,63,3,3,0,0,86,9.00,.,.,.
2012,PAW,S,PAW_S,PAW_S_2012,PAW_S_2012,5,4,5,6,5,0.81650,63,0,3,3,16,3,16,3,0,98,22.00,.,.,.
2012,PAW,S,PAW_S,PAW_S_2012,PAW_S_2012,5,5,4,5,4.75,0.50000,16,0,3,3,63,0,3,3,0,86,4.50,.,.,.
2012,PAW,S,PAW_S,PAW_S_2012,PAW_S_2012,6,4,5,4,4.75,0.95743,38,0,3,3,63,0,0,0,0,86,9.00,.,.,.
2012,PAW,S,PAW_S,PAW_S_2012,PAW_S_2012,4,6,4,5,4.75,0.95743,38,0,3,3,63,0,16,0,0,98,11.75,.,.,.
2012,PAW,S,PAW_S,PAW_S_2012,PAW_S_2012,4,5,5,4,4.5,0.57735,86,0,0,0,16,0,0,0,0,98,19.75,.,.,.
2012,PAW,S,PAW_S,PAW_S_2012,PAW_S_2012,3,4,5,6,4.5,1.29099,63,0,0,0,38,3,0,0,0,98,10.75,.,.,.
2012,PAW,S,PAW_S,PAW_S_2012,PAW_S_2012,4,4,5,5,4.5,0.57735,38,0,3,3,38,16,0,0,0,86,10.00,.,.,.
2012,PAW,S,PAW_S,PAW_S_2012,PAW_S_2012,3,4,6,4,4.25,1.25831,38,0,3,3,16,16,16,0,0,86,13.00,.,.,.
2012,PAW,S,PAW_S,PAW_S_2012,PAW_S_2012,4,2,9,2,4.25,3.30404,38,0,0,3,38,16,3,0,0,86,4.75,.,.,.
2012,PAW,S,PAW_S,PAW_S_2012,PAW_S_2012,4,4,4,4,4,0.00000,38,0,3,3,38,16,0,0,0,86,3.75,.,.,.
2012,PAW,W,PAW_W,PAW_W_2012,PAW_W_2012,8,8,11,8,8.75,1.50000,38,0,3,3,86,0,16,0,0,86,15.75,.,.,.
2012,PAW,W,PAW_W,PAW_W_2012,PAW_W_2012,7,8,7,7,7.25,0.50000,86,0,3,3,16,0,3,0,0,86,11.50,.,.,.
2012,PAW,W,PAW_W,PAW_W_2012,PAW_W_2012,9,6,6,7,7,1.41421,38,0,3,3,38,0,16,0,0,98,13.00,.,.,.
2012,PAW,W,PAW_W,PAW_W_2012,PAW_W_2012,6,8,7,6,6.75,0.95743,63,0,3,3,38,0,16,0,0,86,18.75,.,.,.
2012,PAW,W,PAW_W,PAW_W_2012,PAW_W_2012,7,7,6,6,6.5,0.57735,16,0,38,38,16,16,0,0,0,98,18.00,.,.,.
2012,PAW,W,PAW_W,PAW_W_2012,PAW_W_2012,7,7,6,6,6.5,0.57735,16,0,3,3,38,0,3,0,0,86,10.25,.,.,.
2012,PAW,W,PAW_W,PAW_W_2012,PAW_W_2012,8,5,7,5,6.25,1.50000,0,0,3,63,16,0,16,0,0,98,12.00,.,.,.
2012,PAW,W,PAW_W,PAW_W_2012,PAW_W_2012,5,6,7,7,6.25,0.95743,63,0,3,3,38,0,0,0,0,98,15.25,.,.,.
2012,PAW,W,PAW_W,PAW_W_2012,PAW_W_2012,6,6,6,6,6,0.00000,38,16,3,3,38,0,16,3,0,98,26.75,.,.,.
2012,PAW,W,PAW_W,PAW_W_2012,PAW_W_2012,6,6,6,6,6,0.00000,63,0,3,3,38,0,16,3,0,98,12.25,.,.,.
2012,PAW,W,PAW_W,PAW_W_2012,PAW_W_2012,6,7,5,6,6,0.81650,38,0,38,38,16,16,0,0,0,98,10.75,.,.,.
2012,PAW,W,PAW_W,PAW_W_2012,PAW_W_2012,6,4,7,7,6,1.41421,63,0,3,3,16,0,0,0,0,98,13.50,.,.,.
2012,PAW,W,PAW_W,PAW_W_2012,PAW_W_2012,6,6,6,5,5.75,0.50000,86,3,3,3,3,0,38,0,0,98,16.50,.,.,.
2012,PAW,W,PAW_W,PAW_W_2012,PAW_W_2012,5,6,5,7,5.75,0.95743,86,3,3,3,3,0,0,0,0,98,14.00,.,.,.
2012,PAW,W,PAW_W,PAW_W_2012,PAW_W_2012,8,4,5,6,5.75,1.70783,16,0,38,38,38,0,0,0,0,86,10.25,.,.,.
2012,PAW,W,PAW_W,PAW_W_2012,PAW_W_2012,8,5,4,5,5.5,1.73205,98,0,3,3,3,0,0,0,0,98,17.25,.,.,.
2012,PAW,W,PAW_W,PAW_W_2012,PAW_W_2012,6,4,4,6,5,1.15470,86,0,0,0,16,0,0,0,0,86,15.50,.,.,.
2012,PAW,W,PAW_W,PAW_W_2012,PAW_W_2012,7,4,4,5,5,1.41421,16,0,3,3,63,0,0,0,0,86,6.75,.,.,.
2012,PAW,W,PAW_W,PAW_W_2012,PAW_W_2012,4,4,6,5,4.75,0.95743,63,16,3,16,63,0,16,0,0,86,10.50,.,.,.
2012,PAW,W,PAW_W,PAW_W_2012,PAW_W_2012,4,4,6,5,4.75,0.95743,86,0,3,3,16,0,3,0,0,98,23.75,.,.,.
2012,PAW,W,PAW_W,PAW_W_2012,PAW_W_2012,6,6,4,3,4.75,1.50000,63,0,3,3,38,0,0,0,0,98,16.00,.,.,.
2012,PAW,W,PAW_W,PAW_W_2012,PAW_W_2012,5,3,5,5,4.5,1.00000,38,0,16,16,38,0,0,3,0,86,12.50,.,.,.
2012,PAW,W,PAW_W,PAW_W_2012,PAW_W_2012,4,6,3,3,4,1.41421,63,0,3,3,38,0,0,0,0,98,14.25,.,.,.
2012,PAW,W,PAW_W,PAW_W_2012,PAW_W_2012,5,2,5,4,4,1.41421,16,0,3,3,63,0,3,3,0,86,12.75,.,.,.
2012,PAW,W,PAW_W,PAW_W_2012,PAW_W_2012,5,4,3,3,3.75,0.95743,63,0,3,16,38,0,3,0,0,98,12.50,.,.,.
2012,PAW,W,PAW_W,PAW_W_2012,PAW_W_2012,4,4,3,4,3.75,0.50000,63,0,3,3,16,0,16,0,0,98,17.50,.,.,.
2012,PAW,W,PAW_W,PAW_W_2012,PAW_W_2012,4,3,3,4,3.5,0.57735,86,3,3,3,16,3,0,0,0,98,8.00,.,.,.
2012,PAW,W,PAW_W,PAW_W_2012,PAW_W_2012,3,3,4,4,3.5,0.57735,86,0,3,3,3,0,16,3,0,86,12.00,.,.,.
2012,PAW,W,PAW_W,PAW_W_2012,PAW_W_2012,2,3,3,5,3.25,1.25831,0,0,0,0,38,0,0,0,0,98,18.75,.,.,.
2012,PAW,W,PAW_W,PAW_W_2012,PAW_W_2012,4,1,4,3,3,1.41421,38,0,3,3,38,0,16,3,0,86,16.00,.,.,.
2012,PYN,N,PYN_N,PYN_N_2012,PYN_N_2012,14,12,2,3,7.75,6.13052,0,63,0,16,3,3,0,0,0,86,1.25,.,.,.
2012,PYN,N,PYN_N,PYN_N_2012,PYN_N_2012,8,5,3,5,5.25,2.06155,0,86,3,16,16,3,0,0,0,86,5.50,.,.,.
2012,PYN,N,PYN_N,PYN_N_2012,PYN_N_2012,6,4,2,6,4.5,1.91485,0,86,3,3,3,16,0,0,0,86,4.25,.,.,.
2012,PYN,N,PYN_N,PYN_N_2012,PYN_N_2012,3,2,11,1,4.25,4.57347,0,63,3,16,16,0,3,0,0,86,3.00,.,.,.
2012,PYN,N,PYN_N,PYN_N_2012,PYN_N_2012,5,2,4,6,4.25,1.70783,3,86,0,3,38,3,3,0,0,98,7.00,.,.,.
2012,PYN,N,PYN_N,PYN_N_2012,PYN_N_2012,2,2,1,10,3.75,4.19325,0,63,0,16,0,16,0,0,0,86,2.25,.,.,.
2012,PYN,N,PYN_N,PYN_N_2012,PYN_N_2012,4,3,4,4,3.75,0.50000,0,86,3,16,38,0,16,0,0,98,3.00,.,.,.
2012,PYN,N,PYN_N,PYN_N_2012,PYN_N_2012,4,4,3,3,3.5,0.57735,16,63,3,3,38,3,0,0,0,86,6.50,.,.,.
2012,PYN,N,PYN_N,PYN_N_2012,PYN_N_2012,3,3,3,4,3.25,0.50000,63,38,3,3,3,3,0,0,0,98,2.25,.,.,.
2012,PYN,N,PYN_N,PYN_N_2012,PYN_N_2012,3,3,2,4,3,0.81650,63,38,0,16,0,3,0,0,0,98,13.25,.,.,.
2012,PYN,N,PYN_N,PYN_N_2012,PYN_N_2012,3,2,4,3,3,0.81650,38,63,3,3,3,16,16,0,0,98,11.75,.,.,.
2012,PYN,N,PYN_N,PYN_N_2012,PYN_N_2012,4,2,3,3,3,0.81650,1,86,0,3,16,3,0,0,0,86,6.25,.,.,.
2012,PYN,N,PYN_N,PYN_N_2012,PYN_N_2012,3,4,2,3,3,0.81650,63,16,3,3,3,3,0,0,0,98,5.50,.,.,.
2012,PYN,N,PYN_N,PYN_N_2012,PYN_N_2012,3,2,5,2,3,1.41421,1,98,0,0,3,0,0,0,0,98,6.25,.,.,.
2012,PYN,N,PYN_N,PYN_N_2012,PYN_N_2012,2,3,4,3,3,0.81650,0,63,3,16,3,16,0,0,0,86,1.50,.,.,.
2012,PYN,N,PYN_N,PYN_N_2012,PYN_N_2012,3,3,3,2,2.75,0.50000,38,38,3,16,3,3,0,0,0,98,4.25,.,.,.
2012,PYN,N,PYN_N,PYN_N_2012,PYN_N_2012,3,2,3,3,2.75,0.50000,0,86,3,16,16,0,0,0,0,98,2.75,.,.,.
2012,PYN,N,PYN_N,PYN_N_2012,PYN_N_2012,3,3,3,2,2.75,0.50000,3,86,0,0,3,3,0,0,0,98,4.25,.,.,.
2012,PYN,N,PYN_N,PYN_N_2012,PYN_N_2012,4,3,2,2,2.75,0.95743,3,63,3,16,16,0,0,0,0,86,4.50,.,.,.
2012,PYN,N,PYN_N,PYN_N_2012,PYN_N_2012,3,2,3,2,2.5,0.57735,3,86,3,3,16,3,0,0,0,86,5.75,.,.,.
2012,PYN,N,PYN_N,PYN_N_2012,PYN_N_2012,3,2,2,2,2.25,0.50000,3,86,3,16,0,3,0,0,0,98,9.25,.,.,.
2012,PYN,N,PYN_N,PYN_N_2012,PYN_N_2012,3,2,2,2,2.25,0.50000,0,38,3,38,0,16,0,0,0,98,5.25,.,.,.
2012,PYN,N,PYN_N,PYN_N_2012,PYN_N_2012,2,2,2,2,2,0.00000,63,16,0,3,3,3,0,0,0,86,1.50,.,.,.
2012,PYN,N,PYN_N,PYN_N_2012,PYN_N_2012,2,2,2,2,2,0.00000,0,86,3,3,0,16,0,0,0,86,3.00,.,.,.
2012,PYN,N,PYN_N,PYN_N_2012,PYN_N_2012,2,2,2,2,2,0.00000,0,86,3,16,3,3,0,0,0,86,5.00,.,.,.
2012,PYN,N,PYN_N,PYN_N_2012,PYN_N_2012,3,1,2,2,2,0.81650,0,86,3,16,16,16,0,0,0,86,4.50,.,.,.
2012,PYN,N,PYN_N,PYN_N_2012,PYN_N_2012,1,2,2,2,1.75,0.50000,16,16,16,16,3,3,0,0,0,86,2.00,.,.,.
2012,PYN,N,PYN_N,PYN_N_2012,PYN_N_2012,2,2,1,1,1.5,0.57735,16,63,0,3,3,3,0,0,3,86,1.75,.,.,.
2012,PYN,N,PYN_N,PYN_N_2012,PYN_N_2012,1,1,2,2,1.5,0.57735,16,16,3,16,0,38,0,0,0,63,0.75,.,.,.
2012,PYN,N,PYN_N,PYN_N_2012,PYN_N_2012,1,1,1,1,1,0.00000,0,38,3,38,3,0,0,0,3,86,0.25,.,.,.
2012,PYN,S,PYN_S,PYN_S_2012,PYN_S_2012,7,5,4,4,5,1.41421,0,63,3,3,16,0,16,0,16,38,0.25,.,.,.
2012,PYN,S,PYN_S,PYN_S_2012,PYN_S_2012,3,3,2,4,3,0.81650,0,86,0,0,3,0,16,0,16,16,0.25,.,.,.
2012,PYN,S,PYN_S,PYN_S_2012,PYN_S_2012,2,2,2,3,2.25,0.50000,0,86,3,3,16,3,3,0,0,63,1.25,.,.,.
2012,PYN,S,PYN_S,PYN_S_2012,PYN_S_2012,2,1,2,2,1.75,0.50000,38,38,0,0,38,3,0,0,38,16,0.25,.,.,.
2012,PYN,S,PYN_S,PYN_S_2012,PYN_S_2012,2,2,1,2,1.75,0.50000,63,3,3,3,16,3,0,0,38,16,0.50,.,.,.
2012,PYN,S,PYN_S,PYN_S_2012,PYN_S_2012,1,1,2,2,1.5,0.57735,38,38,0,3,38,3,0,0,16,38,1.00,.,.,.
2012,PYN,S,PYN_S,PYN_S_2012,PYN_S_2012,2,1,2,1,1.5,0.57735,3,63,3,3,16,3,0,0,3,63,0.25,.,.,.
2012,PYN,S,PYN_S,PYN_S_2012,PYN_S_2012,1,1,2,1,1.25,0.50000,16,38,3,3,38,3,0,0,38,38,1.50,.,.,.
2012,PYN,S,PYN_S,PYN_S_2012,PYN_S_2012,1,1,1,1,1,0.00000,3,63,3,3,0,16,0,0,16,38,0.25,.,.,.
2012,PYN,S,PYN_S,PYN_S_2012,PYN_S_2012,1,1,1,1,1,0.00000,3,63,3,16,3,0,0,0,16,38,0.00,.,.,.
2012,PYN,S,PYN_S,PYN_S_2012,PYN_S_2012,1,1,2,0,1,0.81650,16,63,3,3,0,3,0,0,16,38,0.25,.,.,.
2012,PYN,S,PYN_S,PYN_S_2012,PYN_S_2012,1,1,1,1,1,0.00000,3,38,3,3,3,16,0,0,38,16,0.25,.,.,.
2012,PYN,S,PYN_S,PYN_S_2012,PYN_S_2012,1,1,1,1,1,0.00000,0,63,3,16,3,3,0,0,38,16,0.50,.,.,.
2012,PYN,S,PYN_S,PYN_S_2012,PYN_S_2012,1,1,2,0,1,0.81650,0,63,3,3,16,1,0,0,3,63,0.50,.,.,.
2012,PYN,S,PYN_S,PYN_S_2012,PYN_S_2012,1,1,1,1,1,0.00000,0,63,0,16,3,3,0,0,16,63,0.75,.,.,.
2012,PYN,S,PYN_S,PYN_S_2012,PYN_S_2012,1,1,1,0,0.75,0.50000,3,3,16,16,3,16,0,0,38,16,0.25,.,.,.
2012,PYN,S,PYN_S,PYN_S_2012,PYN_S_2012,0,1,1,1,0.75,0.50000,3,38,3,16,16,1,0,0,38,16,1.00,.,.,.
2012,PYN,S,PYN_S,PYN_S_2012,PYN_S_2012,0,0,1,2,0.75,0.95743,1,16,16,16,16,16,0,0,38,38,0.25,.,.,.
2012,PYN,S,PYN_S,PYN_S_2012,PYN_S_2012,0,1,1,1,0.75,0.50000,63,3,16,16,3,3,0,0,38,38,0.25,.,.,.
2012,PYN,S,PYN_S,PYN_S_2012,PYN_S_2012,0,1,1,1,0.75,0.50000,0,38,3,3,16,38,0,0,38,38,0.25,.,.,.
2012,PYN,S,PYN_S,PYN_S_2012,PYN_S_2012,0,2,0,1,0.75,0.95743,16,63,3,3,3,3,0,0,16,16,0.25,.,.,.
2012,PYN,S,PYN_S,PYN_S_2012,PYN_S_2012,1,1,0,0,0.5,0.57735,38,16,16,16,16,16,0,0,38,16,0.25,.,.,.
2012,PYN,S,PYN_S,PYN_S_2012,PYN_S_2012,0,0,1,0,0.25,0.50000,16,3,3,3,3,16,0,0,38,3,0.25,.,.,.
2012,PYN,S,PYN_S,PYN_S_2012,PYN_S_2012,1,0,0,0,0.25,0.50000,16,16,3,3,1,3,0,0,63,3,0.25,.,.,.
2012,PYN,S,PYN_S,PYN_S_2012,PYN_S_2012,0,0,0,1,0.25,0.50000,3,38,3,3,3,16,0,0,38,16,0.50,.,.,.
2012,PYN,S,PYN_S,PYN_S_2012,PYN_S_2012,0,0,0,1,0.25,0.50000,0,16,3,3,3,16,0,0,63,3,0.00,.,.,.
2012,PYN,S,PYN_S,PYN_S_2012,PYN_S_2012,1,0,0,0,0.25,0.50000,38,38,3,3,3,3,0,0,38,16,0.25,.,.,.
2012,PYN,S,PYN_S,PYN_S_2012,PYN_S_2012,1,0,0,0,0.25,0.50000,1,63,3,3,3,16,0,0,63,16,0.00,.,.,.
2012,PYN,S,PYN_S,PYN_S_2012,PYN_S_2012,0,0,1,0,0.25,0.50000,0,38,0,0,0,16,0,0,38,16,0.25,.,.,.
2012,PYN,S,PYN_S,PYN_S_2012,PYN_S_2012,0,0,1,0,0.25,0.50000,0,38,3,3,3,16,0,0,16,38,0.25,.,.,.
2012,PYN,W,PYN_W,PYN_W_2012,PYN_W_2012,3,8,2,4,4.25,2.62996,38,16,16,16,16,0,16,0,0,86,2.50,.,.,.
2012,PYN,W,PYN_W,PYN_W_2012,PYN_W_2012,6,3,4,3,4,1.41421,16,63,3,16,16,3,0,0,0,86,2.75,.,.,.
2012,PYN,W,PYN_W,PYN_W_2012,PYN_W_2012,3,4,4,5,4,0.81650,16,63,3,3,16,3,38,0,0,86,1.50,.,.,.
2012,PYN,W,PYN_W,PYN_W_2012,PYN_W_2012,3,5,4,3,3.75,0.95743,1,63,3,16,3,16,38,0,0,63,2.75,.,.,.
2012,PYN,W,PYN_W,PYN_W_2012,PYN_W_2012,4,4,4,3,3.75,0.50000,3,63,3,3,0,16,0,0,0,86,3.50,.,.,.
2012,PYN,W,PYN_W,PYN_W_2012,PYN_W_2012,4,3,4,3,3.5,0.57735,16,63,3,16,3,3,0,0,0,86,4.75,.,.,.
2012,PYN,W,PYN_W,PYN_W_2012,PYN_W_2012,3,4,4,3,3.5,0.57735,38,16,3,16,16,16,0,0,0,63,3.25,.,.,.
2012,PYN,W,PYN_W,PYN_W_2012,PYN_W_2012,4,4,3,3,3.5,0.57735,63,38,0,16,38,3,0,0,3,86,4.00,.,.,.
2012,PYN,W,PYN_W,PYN_W_2012,PYN_W_2012,4,2,4,4,3.5,1.00000,38,38,16,16,16,0,0,0,0,86,3.75,.,.,.
2012,PYN,W,PYN_W,PYN_W_2012,PYN_W_2012,3,3,3,4,3.25,0.50000,3,63,3,16,16,16,0,0,0,86,7.75,.,.,.
2012,PYN,W,PYN_W,PYN_W_2012,PYN_W_2012,3,4,3,3,3.25,0.50000,16,63,0,16,0,16,0,0,0,86,1.00,.,.,.
2012,PYN,W,PYN_W,PYN_W_2012,PYN_W_2012,4,4,3,2,3.25,0.95743,38,38,16,16,3,0,0,0,0,86,3.25,.,.,.
2012,PYN,W,PYN_W,PYN_W_2012,PYN_W_2012,3,2,3,5,3.25,1.25831,63,3,3,16,16,3,0,0,0,86,2.75,.,.,.
2012,PYN,W,PYN_W,PYN_W_2012,PYN_W_2012,2,3,3,4,3,0.81650,38,63,0,3,16,3,0,0,0,86,2.50,.,.,.
2012,PYN,W,PYN_W,PYN_W_2012,PYN_W_2012,2,4,3,3,3,0.81650,1,86,0,16,3,3,0,0,0,86,5.50,.,.,.
2012,PYN,W,PYN_W,PYN_W_2012,PYN_W_2012,3,4,2,2,2.75,0.95743,16,63,16,16,3,3,0,0,0,86,2.75,.,.,.
2012,PYN,W,PYN_W,PYN_W_2012,PYN_W_2012,3,2,2,3,2.5,0.57735,38,38,3,16,0,3,0,0,3,86,3.00,.,.,.
2012,PYN,W,PYN_W,PYN_W_2012,PYN_W_2012,2,3,3,2,2.5,0.57735,38,38,0,16,0,3,0,0,0,86,5.00,.,.,.
2012,PYN,W,PYN_W,PYN_W_2012,PYN_W_2012,2,3,3,2,2.5,0.57735,16,63,3,16,0,16,0,0,0,63,3.50,.,.,.
2012,PYN,W,PYN_W,PYN_W_2012,PYN_W_2012,2,3,2,3,2.5,0.57735,63,16,3,3,3,3,0,0,0,86,3.00,.,.,.
2012,PYN,W,PYN_W,PYN_W_2012,PYN_W_2012,2,4,2,2,2.5,1.00000,16,16,16,16,38,3,0,0,3,63,0.25,.,.,.
2012,PYN,W,PYN_W,PYN_W_2012,PYN_W_2012,3,2,2,3,2.5,0.57735,16,63,3,16,3,3,0,0,0,86,2.75,.,.,.
2012,PYN,W,PYN_W,PYN_W_2012,PYN_W_2012,2,2,3,2,2.25,0.50000,16,63,3,3,0,16,0,0,0,63,5.00,.,.,.
2012,PYN,W,PYN_W,PYN_W_2012,PYN_W_2012,1,3,2,3,2.25,0.95743,3,38,16,38,16,3,0,0,0,63,3.25,.,.,.
2012,PYN,W,PYN_W,PYN_W_2012,PYN_W_2012,2,2,2,2,2,0.00000,38,16,0,3,38,3,0,0,0,86,4.00,.,.,.
2012,PYN,W,PYN_W,PYN_W_2012,PYN_W_2012,2,1,1,2,1.5,0.57735,38,16,3,16,3,3,0,0,0,63,0.25,.,.,.
2012,PYN,W,PYN_W,PYN_W_2012,PYN_W_2012,2,1,1,2,1.5,0.57735,38,38,16,16,16,3,0,0,0,86,0.75,.,.,.
2012,PYN,W,PYN_W,PYN_W_2012,PYN_W_2012,1,1,1,2,1.25,0.50000,38,16,3,16,16,16,0,0,3,63,0.75,.,.,.
2012,PYN,W,PYN_W,PYN_W_2012,PYN_W_2012,1,1,1,2,1.25,0.50000,38,38,16,38,3,3,0,0,16,63,3.00,.,.,.
2012,PYN,W,PYN_W,PYN_W_2012,PYN_W_2012,1,2,1,1,1.25,0.50000,16,3,16,16,63,3,0,0,16,63,0.25,.,.,.
2012,PYS,N,PYS_N,PYS_N_2012,PYS_N_2012,4,16,8,2,7.5,6.19139,0,38,0,0,38,0,38,0,3,16,0.00,.,.,.
2012,PYS,N,PYS_N,PYS_N_2012,PYS_N_2012,6,7,4,3,5,1.82574,38,16,16,38,63,16,0,0,3,16,0.00,.,.,.
2012,PYS,N,PYS_N,PYS_N_2012,PYS_N_2012,2,13,2,2,4.75,5.50000,0,86,0,3,38,16,0,0,1,63,0.00,.,.,.
2012,PYS,N,PYS_N,PYS_N_2012,PYS_N_2012,3,4,5,6,4.5,1.29099,0,86,3,3,16,3,3,0,0,38,0.00,.,.,.
2012,PYS,N,PYS_N,PYS_N_2012,PYS_N_2012,4,3,4,4,3.75,0.50000,3,38,16,38,38,38,0,0,3,63,0.25,.,.,.
2012,PYS,N,PYS_N,PYS_N_2012,PYS_N_2012,3,3,4,3,3.25,0.50000,16,38,16,16,38,16,0,0,1,38,0.00,.,.,.
2012,PYS,N,PYS_N,PYS_N_2012,PYS_N_2012,2,3,3,3,2.75,0.50000,0,63,3,16,3,63,0,0,0,63,0.25,.,.,.
2012,PYS,N,PYS_N,PYS_N_2012,PYS_N_2012,3,3,3,2,2.75,0.50000,0,38,16,38,38,38,3,0,0,38,0.00,.,.,.
2012,PYS,N,PYS_N,PYS_N_2012,PYS_N_2012,2,3,3,2,2.5,0.57735,38,16,3,38,38,16,3,0,16,38,0.00,.,.,.
2012,PYS,N,PYS_N,PYS_N_2012,PYS_N_2012,3,3,2,2,2.5,0.57735,3,38,16,38,16,3,0,0,0,63,0.25,.,.,.
2012,PYS,N,PYS_N,PYS_N_2012,PYS_N_2012,1,4,2,3,2.5,1.29099,16,3,16,38,16,16,0,0,16,16,0.00,.,.,.
2012,PYS,N,PYS_N,PYS_N_2012,PYS_N_2012,2,3,2,3,2.5,0.57735,38,38,16,16,38,16,0,0,3,38,0.00,.,.,.
2012,PYS,N,PYS_N,PYS_N_2012,PYS_N_2012,3,1,2,3,2.25,0.95743,0,63,3,16,38,16,0,0,3,38,0.00,.,.,.
2012,PYS,N,PYS_N,PYS_N_2012,PYS_N_2012,1,4,1,3,2.25,1.50000,3,63,3,16,38,16,0,0,3,16,0.00,.,.,.
2012,PYS,N,PYS_N,PYS_N_2012,PYS_N_2012,1,2,3,2,2,0.81650,16,38,16,16,38,16,0,0,3,16,0.00,.,.,.
2012,PYS,N,PYS_N,PYS_N_2012,PYS_N_2012,2,2,2,1,1.75,0.50000,0,63,16,38,38,16,0,0,1,63,0.25,.,.,.
2012,PYS,N,PYS_N,PYS_N_2012,PYS_N_2012,2,2,1,2,1.75,0.50000,16,63,16,16,38,38,0,0,0,63,0.25,.,.,.
2012,PYS,N,PYS_N,PYS_N_2012,PYS_N_2012,1,2,2,2,1.75,0.50000,38,16,3,16,38,16,0,0,16,16,0.00,.,.,.
2012,PYS,N,PYS_N,PYS_N_2012,PYS_N_2012,2,2,2,1,1.75,0.50000,0,63,16,38,16,38,0,0,1,38,0.00,.,.,.
2012,PYS,N,PYS_N,PYS_N_2012,PYS_N_2012,2,1,1,2,1.5,0.57735,0,16,3,3,63,63,0,0,3,16,0.00,.,.,.
2012,PYS,N,PYS_N,PYS_N_2012,PYS_N_2012,1,2,1,2,1.5,0.57735,38,38,16,16,16,16,3,0,1,38,0.00,.,.,.
2012,PYS,N,PYS_N,PYS_N_2012,PYS_N_2012,1,1,2,1,1.25,0.50000,0,63,0,16,16,38,0,0,16,63,0.00,.,.,.
2012,PYS,N,PYS_N,PYS_N_2012,PYS_N_2012,1,1,1,2,1.25,0.50000,16,16,16,38,38,38,0,0,3,38,0.00,.,.,.
2012,PYS,N,PYS_N,PYS_N_2012,PYS_N_2012,1,1,2,1,1.25,0.50000,16,38,38,38,38,16,3,0,0,38,0.00,.,.,.
2012,PYS,N,PYS_N,PYS_N_2012,PYS_N_2012,1,1,2,1,1.25,0.50000,38,16,3,16,38,16,0,0,3,38,0.00,.,.,.
2012,PYS,N,PYS_N,PYS_N_2012,PYS_N_2012,1,1,1,1,1,0.00000,0,63,0,16,16,38,0,0,0,63,0.00,.,.,.
2012,PYS,N,PYS_N,PYS_N_2012,PYS_N_2012,1,1,1,1,1,0.00000,0,63,0,3,3,16,0,0,3,38,0.00,.,.,.
2012,PYS,N,PYS_N,PYS_N_2012,PYS_N_2012,1,1,1,1,1,0.00000,3,38,3,16,38,16,0,0,16,16,0.00,.,.,.
2012,PYS,N,PYS_N,PYS_N_2012,PYS_N_2012,1,1,1,1,1,0.00000,0,63,3,3,38,16,0,0,3,38,0.00,.,.,.
2012,PYS,N,PYS_N,PYS_N_2012,PYS_N_2012,1,1,1,1,1,0.00000,0,38,3,38,16,16,0,0,3,38,0.00,.,.,.
2012,PYS,S,PYS_S,PYS_S_2012,PYS_S_2012,6,7,6,5,6,0.81650,16,63,16,38,16,16,0,0,0,98,7.00,.,.,.
2012,PYS,S,PYS_S,PYS_S_2012,PYS_S_2012,8,4,5,3,5,2.16025,38,38,16,16,16,16,3,0,0,98,7.00,.,.,.
2012,PYS,S,PYS_S,PYS_S_2012,PYS_S_2012,5,4,4,6,4.75,0.95743,0,3,38,86,16,0,3,0,0,98,2.50,.,.,.
2012,PYS,S,PYS_S,PYS_S_2012,PYS_S_2012,5,4,4,4,4.25,0.50000,16,63,3,16,16,3,0,0,0,86,1.00,.,.,.
2012,PYS,S,PYS_S,PYS_S_2012,PYS_S_2012,4,4,3,5,4,0.81650,16,38,16,16,38,16,0,0,0,86,1.75,.,.,.
2012,PYS,S,PYS_S,PYS_S_2012,PYS_S_2012,4,3,5,4,4,0.81650,3,38,16,16,16,63,0,0,0,86,0.50,.,.,.
2012,PYS,S,PYS_S,PYS_S_2012,PYS_S_2012,4,4,4,4,4,0.00000,38,16,16,38,38,38,0,0,0,86,0.50,.,.,.
2012,PYS,S,PYS_S,PYS_S_2012,PYS_S_2012,4,3,4,5,4,0.81650,0,86,3,16,16,3,0,0,0,86,1.00,.,.,.
2012,PYS,S,PYS_S,PYS_S_2012,PYS_S_2012,5,2,4,4,3.75,1.25831,0,0,38,63,3,0,0,0,38,3,0.00,.,.,.
2012,PYS,S,PYS_S,PYS_S_2012,PYS_S_2012,3,4,4,3,3.5,0.57735,3,63,16,16,38,3,0,0,0,86,1.00,.,.,.
2012,PYS,S,PYS_S,PYS_S_2012,PYS_S_2012,4,3,3,4,3.5,0.57735,38,38,16,16,38,38,0,0,1,86,0.00,.,.,.
2012,PYS,S,PYS_S,PYS_S_2012,PYS_S_2012,4,4,4,2,3.5,1.00000,0,63,3,16,63,38,0,0,0,86,0.75,.,.,.
2012,PYS,S,PYS_S,PYS_S_2012,PYS_S_2012,3,6,2,3,3.5,1.73205,16,63,3,3,16,38,0,0,16,86,1.00,.,.,.
2012,PYS,S,PYS_S,PYS_S_2012,PYS_S_2012,3,3,4,3,3.25,0.50000,16,16,16,38,38,38,0,0,1,86,0.50,.,.,.
2012,PYS,S,PYS_S,PYS_S_2012,PYS_S_2012,3,2,3,4,3,0.81650,3,63,3,38,16,38,0,0,0,86,1.00,.,.,.
2012,PYS,S,PYS_S,PYS_S_2012,PYS_S_2012,2,3,3,3,2.75,0.50000,16,63,16,38,38,16,0,0,0,98,2.00,.,.,.
2012,PYS,S,PYS_S,PYS_S_2012,PYS_S_2012,2,4,3,2,2.75,0.95743,3,63,16,16,63,38,0,0,0,86,1.00,.,.,.
2012,PYS,S,PYS_S,PYS_S_2012,PYS_S_2012,2,3,3,2,2.5,0.57735,0,63,3,16,16,16,0,0,0,98,3.50,.,.,.
2012,PYS,S,PYS_S,PYS_S_2012,PYS_S_2012,2,3,3,2,2.5,0.57735,3,63,16,16,38,38,0,0,0,86,0.50,.,.,.
2012,PYS,S,PYS_S,PYS_S_2012,PYS_S_2012,2,1,5,2,2.5,1.73205,16,38,16,38,38,38,0,0,0,86,0.50,.,.,.
2012,PYS,S,PYS_S,PYS_S_2012,PYS_S_2012,2,3,2,3,2.5,0.57735,0,63,16,38,38,16,0,0,0,86,0.50,.,.,.
2012,PYS,S,PYS_S,PYS_S_2012,PYS_S_2012,3,2,2,2,2.25,0.50000,0,86,0,3,3,38,0,0,0,86,1.00,.,.,.
2012,PYS,S,PYS_S,PYS_S_2012,PYS_S_2012,2,3,2,2,2.25,0.50000,3,38,3,38,38,38,0,0,0,86,0.50,.,.,.
2012,PYS,S,PYS_S,PYS_S_2012,PYS_S_2012,2,2,3,2,2.25,0.50000,0,16,16,38,63,16,0,0,1,63,0.00,.,.,.
2012,PYS,S,PYS_S,PYS_S_2012,PYS_S_2012,2,2,2,2,2,0.00000,3,3,86,16,3,38,0,0,38,16,0.00,.,.,.
2012,PYS,S,PYS_S,PYS_S_2012,PYS_S_2012,3,1,2,2,2,0.81650,3,63,0,16,16,38,0,0,3,86,3.00,.,.,.
2012,PYS,S,PYS_S,PYS_S_2012,PYS_S_2012,2,2,2,1,1.75,0.50000,0,38,3,38,16,38,0,0,3,63,0.25,.,.,.
2012,PYS,S,PYS_S,PYS_S_2012,PYS_S_2012,1,1,1,3,1.5,1.00000,3,38,16,38,16,38,0,0,0,86,0.50,.,.,.
2012,PYS,S,PYS_S,PYS_S_2012,PYS_S_2012,2,1,1,1,1.25,0.50000,3,16,16,38,63,16,0,0,3,63,0.25,.,.,.
2012,PYS,S,PYS_S,PYS_S_2012,PYS_S_2012,2,1,1,1,1.25,0.50000,3,38,16,38,16,16,0,0,3,63,0.00,.,.,.
2012,PYS,W,PYS_W,PYS_W_2012,PYS_W_2012,5,7,7,7,6.5,1.00000,0,86,3,3,16,0,0,0,0,98,8.00,.,.,.
2012,PYS,W,PYS_W,PYS_W_2012,PYS_W_2012,7,6,6,6,6.25,0.50000,0,63,0,38,3,0,0,0,0,86,0.75,.,.,.
2012,PYS,W,PYS_W,PYS_W_2012,PYS_W_2012,4,4,4,12,6,4.00000,16,63,3,16,0,63,0,0,0,98,5.00,.,.,.
2012,PYS,W,PYS_W,PYS_W_2012,PYS_W_2012,7,4,5,5,5.25,1.25831,16,38,0,16,16,38,0,0,0,86,1.50,.,.,.
2012,PYS,W,PYS_W,PYS_W_2012,PYS_W_2012,3,6,6,5,5,1.41421,0,63,3,16,38,16,3,0,0,98,4.50,.,.,.
2012,PYS,W,PYS_W,PYS_W_2012,PYS_W_2012,5,4,6,5,5,0.81650,3,63,0,16,16,16,3,0,3,86,2.00,.,.,.
2012,PYS,W,PYS_W,PYS_W_2012,PYS_W_2012,4,4,6,5,4.75,0.95743,0,63,3,16,63,16,0,0,3,86,1.00,.,.,.
2012,PYS,W,PYS_W,PYS_W_2012,PYS_W_2012,5,4,5,4,4.5,0.57735,0,63,3,16,16,16,0,0,0,86,4.00,.,.,.
2012,PYS,W,PYS_W,PYS_W_2012,PYS_W_2012,3,5,5,4,4.25,0.95743,0,38,3,38,16,0,0,0,3,86,4.50,.,.,.
2012,PYS,W,PYS_W,PYS_W_2012,PYS_W_2012,3,5,4,4,4,0.81650,0,38,3,38,3,3,0,0,0,98,4.50,.,.,.
2012,PYS,W,PYS_W,PYS_W_2012,PYS_W_2012,4,4,4,4,4,0.00000,3,38,3,38,3,38,0,0,0,98,3.75,.,.,.
2012,PYS,W,PYS_W,PYS_W_2012,PYS_W_2012,4,4,4,4,4,0.00000,38,38,16,38,16,16,0,0,0,86,2.50,.,.,.
2012,PYS,W,PYS_W,PYS_W_2012,PYS_W_2012,4,4,3,4,3.75,0.50000,38,38,3,16,3,3,0,0,0,98,3.50,.,.,.
2012,PYS,W,PYS_W,PYS_W_2012,PYS_W_2012,3,4,4,4,3.75,0.50000,3,63,3,16,3,38,0,0,0,86,2.50,.,.,.
2012,PYS,W,PYS_W,PYS_W_2012,PYS_W_2012,3,4,3,4,3.5,0.57735,0,63,3,16,16,16,0,0,0,98,4.75,.,.,.
2012,PYS,W,PYS_W,PYS_W_2012,PYS_W_2012,4,3,4,3,3.5,0.57735,16,16,0,16,38,16,0,0,0,86,1.50,.,.,.
2012,PYS,W,PYS_W,PYS_W_2012,PYS_W_2012,4,3,3,4,3.5,0.57735,3,63,3,38,3,16,0,0,0,98,4.00,.,.,.
2012,PYS,W,PYS_W,PYS_W_2012,PYS_W_2012,4,3,4,3,3.5,0.57735,16,38,3,38,38,38,0,0,0,86,2.00,.,.,.
2012,PYS,W,PYS_W,PYS_W_2012,PYS_W_2012,4,3,3,4,3.5,0.57735,38,38,3,16,3,16,0,0,0,98,4.00,.,.,.
2012,PYS,W,PYS_W,PYS_W_2012,PYS_W_2012,3,4,3,3,3.25,0.50000,0,63,3,38,3,38,0,0,0,98,3.50,.,.,.
2012,PYS,W,PYS_W,PYS_W_2012,PYS_W_2012,4,3,3,3,3.25,0.50000,0,38,0,38,16,38,0,0,0,86,1.00,.,.,.
2012,PYS,W,PYS_W,PYS_W_2012,PYS_W_2012,4,2,3,4,3.25,0.95743,3,38,3,38,16,63,0,0,0,86,1.50,.,.,.
2012,PYS,W,PYS_W,PYS_W_2012,PYS_W_2012,3,3,3,3,3,0.00000,3,16,16,38,38,16,0,0,3,63,0.50,.,.,.
2012,PYS,W,PYS_W,PYS_W_2012,PYS_W_2012,4,3,3,2,3,0.81650,3,3,38,38,63,16,0,0,0,86,1.50,.,.,.
2012,PYS,W,PYS_W,PYS_W_2012,PYS_W_2012,2,3,3,3,2.75,0.50000,63,16,3,3,38,38,0,0,0,86,1.50,.,.,.
2012,PYS,W,PYS_W,PYS_W_2012,PYS_W_2012,2,3,3,3,2.75,0.50000,0,38,16,38,38,16,0,0,0,86,0.50,.,.,.
2012,PYS,W,PYS_W,PYS_W_2012,PYS_W_2012,2,3,2,3,2.5,0.57735,63,16,3,16,16,38,0,0,0,86,0.50,.,.,.
2012,PYS,W,PYS_W,PYS_W_2012,PYS_W_2012,3,3,2,2,2.5,0.57735,0,16,16,38,16,38,0,0,1,63,0.50,.,.,.
2012,PYS,W,PYS_W,PYS_W_2012,PYS_W_2012,2,2,3,2,2.25,0.50000,0,16,16,38,38,38,0,0,1,86,0.50,.,.,.
2012,PYS,W,PYS_W,PYS_W_2012,PYS_W_2012,2,2,2,2,2,0.00000,0,16,3,38,3,38,0,3,16,86,1.00,.,.,.
2012,PYW,C,PYW_C,PYW_C_2012,PYW_C_2012,7,5,7,7,6.5,1.00000,0,63,3,38,38,0,16,0,63,38,2.25,.,.,.
2012,PYW,C,PYW_C,PYW_C_2012,PYW_C_2012,5,8,4,5,5.5,1.73205,0,38,0,38,63,0,16,0,38,16,3.25,.,.,.
2012,PYW,C,PYW_C,PYW_C_2012,PYW_C_2012,5,5,5,6,5.25,0.50000,0,63,3,16,63,3,38,0,38,63,1.25,.,.,.
2012,PYW,C,PYW_C,PYW_C_2012,PYW_C_2012,7,4,5,2,4.5,2.08167,0,0,63,86,16,0,0,0,63,38,3.50,.,.,.
2012,PYW,C,PYW_C,PYW_C_2012,PYW_C_2012,4,5,2,6,4.25,1.70783,0,16,0,63,63,3,0,0,38,38,0.50,.,.,.
2012,PYW,C,PYW_C,PYW_C_2012,PYW_C_2012,5,3,5,3,4,1.15470,0,86,0,3,38,0,0,0,63,16,1.25,.,.,.
2012,PYW,C,PYW_C,PYW_C_2012,PYW_C_2012,5,5,3,3,4,1.15470,0,38,38,63,38,0,16,0,38,16,2.00,.,.,.
2012,PYW,C,PYW_C,PYW_C_2012,PYW_C_2012,4,5,3,4,4,0.81650,16,16,16,63,63,0,0,0,38,38,0.25,.,.,.
2012,PYW,C,PYW_C,PYW_C_2012,PYW_C_2012,4,5,3,3,3.75,0.95743,16,16,16,38,63,16,0,0,63,16,0.25,.,.,.
2012,PYW,C,PYW_C,PYW_C_2012,PYW_C_2012,4,4,2,3,3.25,0.95743,3,16,16,38,63,38,0,0,63,16,0.50,.,.,.
2012,PYW,C,PYW_C,PYW_C_2012,PYW_C_2012,3,3,2,5,3.25,1.25831,0,63,3,38,38,0,0,0,63,38,1.00,.,.,.
2012,PYW,C,PYW_C,PYW_C_2012,PYW_C_2012,3,4,2,2,2.75,0.95743,3,63,0,16,63,0,0,0,63,16,0.50,.,.,.
2012,PYW,C,PYW_C,PYW_C_2012,PYW_C_2012,3,4,3,1,2.75,1.25831,3,16,16,63,63,0,0,0,38,38,0.75,.,.,.
2012,PYW,C,PYW_C,PYW_C_2012,PYW_C_2012,4,2,2,2,2.5,1.00000,3,38,16,63,3,3,0,0,16,63,2.25,.,.,.
2012,PYW,C,PYW_C,PYW_C_2012,PYW_C_2012,2,3,2,3,2.5,0.57735,0,63,3,16,38,38,0,0,38,38,1.25,.,.,.
2012,PYW,C,PYW_C,PYW_C_2012,PYW_C_2012,2,3,2,2,2.25,0.50000,38,0,16,38,63,16,0,0,63,38,1.75,.,.,.
2012,PYW,C,PYW_C,PYW_C_2012,PYW_C_2012,2,2,3,2,2.25,0.50000,3,0,0,63,63,16,0,0,63,38,0.25,.,.,.
2012,PYW,C,PYW_C,PYW_C_2012,PYW_C_2012,2,2,2,2,2,0.00000,16,0,16,63,63,0,0,0,86,3,0.00,.,.,.
2012,PYW,C,PYW_C,PYW_C_2012,PYW_C_2012,2,2,2,2,2,0.00000,3,0,38,63,86,3,0,0,63,3,0.00,.,.,.
2012,PYW,C,PYW_C,PYW_C_2012,PYW_C_2012,1,2,3,2,2,0.81650,38,0,38,38,63,3,0,0,86,16,0.00,.,.,.
2012,PYW,C,PYW_C,PYW_C_2012,PYW_C_2012,2,2,2,2,2,0.00000,3,16,3,38,98,3,0,0,63,16,0.25,.,.,.
2012,PYW,C,PYW_C,PYW_C_2012,PYW_C_2012,2,2,2,1,1.75,0.50000,38,0,38,38,86,16,0,0,86,3,0.00,.,.,.
2012,PYW,C,PYW_C,PYW_C_2012,PYW_C_2012,1,2,2,2,1.75,0.50000,38,38,0,16,38,0,3,0,63,16,2.50,.,.,.
2012,PYW,C,PYW_C,PYW_C_2012,PYW_C_2012,2,2,1,2,1.75,0.50000,3,38,0,38,63,16,0,0,63,16,0.00,.,.,.
2012,PYW,C,PYW_C,PYW_C_2012,PYW_C_2012,3,2,1,1,1.75,0.95743,16,63,16,16,63,38,0,0,86,3,0.00,.,.,.
2012,PYW,C,PYW_C,PYW_C_2012,PYW_C_2012,2,1,1,1,1.25,0.50000,38,0,3,16,63,38,0,0,86,1,0.00,.,.,.
2012,PYW,C,PYW_C,PYW_C_2012,PYW_C_2012,2,1,1,1,1.25,0.50000,16,38,0,16,63,0,0,0,86,16,0.25,.,.,.
2012,PYW,C,PYW_C,PYW_C_2012,PYW_C_2012,2,1,1,1,1.25,0.50000,3,0,16,38,38,38,0,0,63,16,0.50,.,.,.
2012,PYW,C,PYW_C,PYW_C_2012,PYW_C_2012,1,1,1,1,1,0.00000,3,16,3,16,86,16,0,0,86,16,0.50,.,.,.
2012,PYW,C,PYW_C,PYW_C_2012,PYW_C_2012,1,1,1,1,1,0.00000,16,3,16,63,38,38,0,0,86,3,0.75,.,.,.
2012,PYW,N,PYW_N,PYW_N_2012,PYW_N_2012,6,2,10,7,6.25,3.30404,3,63,3,16,63,38,0,0,86,38,0.50,.,.,.
2012,PYW,N,PYW_N,PYW_N_2012,PYW_N_2012,5,5,1,4,3.75,1.89297,3,63,3,16,86,0,0,0,86,16,0.75,.,.,.
2012,PYW,N,PYW_N,PYW_N_2012,PYW_N_2012,3,3,2,4,3,0.81650,38,16,3,38,63,38,0,0,63,16,1.75,.,.,.
2012,PYW,N,PYW_N,PYW_N_2012,PYW_N_2012,9,1,1,1,3,4.00000,16,38,16,38,63,3,0,0,86,16,1.00,.,.,.
2012,PYW,N,PYW_N,PYW_N_2012,PYW_N_2012,1,1,5,2,2.25,1.89297,3,63,16,38,38,16,0,0,63,38,0.25,.,.,.
2012,PYW,N,PYW_N,PYW_N_2012,PYW_N_2012,3,2,2,2,2.25,0.50000,16,38,16,38,63,38,0,0,63,16,0.75,.,.,.
2012,PYW,N,PYW_N,PYW_N_2012,PYW_N_2012,1,2,2,3,2,0.81650,16,86,0,0,38,16,0,0,63,3,1.25,.,.,.
2012,PYW,N,PYW_N,PYW_N_2012,PYW_N_2012,3,3,1,1,2,1.15470,38,3,3,16,38,16,0,0,98,3,0.25,.,.,.
2012,PYW,N,PYW_N,PYW_N_2012,PYW_N_2012,1,2,2,2,1.75,0.50000,16,16,16,38,63,0,0,0,86,3,0.00,.,.,.
2012,PYW,N,PYW_N,PYW_N_2012,PYW_N_2012,3,1,2,1,1.75,0.95743,63,3,16,38,38,16,0,0,86,3,0.00,.,.,.
2012,PYW,N,PYW_N,PYW_N_2012,PYW_N_2012,3,2,1,1,1.75,0.95743,0,86,0,0,38,0,16,0,86,16,0.50,.,.,.
2012,PYW,N,PYW_N,PYW_N_2012,PYW_N_2012,1,1,1,3,1.5,1.00000,16,63,3,16,63,0,0,0,63,38,0.50,.,.,.
2012,PYW,N,PYW_N,PYW_N_2012,PYW_N_2012,2,2,1,1,1.5,0.57735,16,38,16,16,63,3,0,0,86,16,1.00,.,.,.
2012,PYW,N,PYW_N,PYW_N_2012,PYW_N_2012,2,2,1,1,1.5,0.57735,16,16,16,38,38,16,0,0,98,1,0.00,.,.,.
2012,PYW,N,PYW_N,PYW_N_2012,PYW_N_2012,1,1,1,2,1.25,0.50000,3,16,16,63,63,16,0,0,86,3,0.25,.,.,.
2012,PYW,N,PYW_N,PYW_N_2012,PYW_N_2012,1,2,1,1,1.25,0.50000,0,63,3,38,38,38,0,0,63,16,0.75,.,.,.
2012,PYW,N,PYW_N,PYW_N_2012,PYW_N_2012,2,1,1,1,1.25,0.50000,0,63,0,0,86,3,0,0,86,3,0.50,.,.,.
2012,PYW,N,PYW_N,PYW_N_2012,PYW_N_2012,3,0,1,1,1.25,1.25831,16,16,38,38,63,0,0,0,86,3,0.50,.,.,.
2012,PYW,N,PYW_N,PYW_N_2012,PYW_N_2012,2,1,1,1,1.25,0.50000,16,86,3,16,38,3,0,0,38,63,1.00,.,.,.
2012,PYW,N,PYW_N,PYW_N_2012,PYW_N_2012,2,1,1,1,1.25,0.50000,16,38,16,38,1,63,0,0,38,38,0.75,.,.,.
2012,PYW,N,PYW_N,PYW_N_2012,PYW_N_2012,1,1,1,1,1,0.00000,0,38,3,38,63,38,0,0,86,16,1.25,.,.,.
2012,PYW,N,PYW_N,PYW_N_2012,PYW_N_2012,1,1,1,1,1,0.00000,16,38,3,16,63,3,0,0,86,16,0.00,.,.,.
2012,PYW,N,PYW_N,PYW_N_2012,PYW_N_2012,1,1,1,1,1,0.00000,38,16,3,16,63,3,0,0,98,1,0.00,.,.,.
2012,PYW,N,PYW_N,PYW_N_2012,PYW_N_2012,1,1,1,1,1,0.00000,16,38,38,63,63,16,0,0,63,16,0.50,.,.,.
2012,PYW,N,PYW_N,PYW_N_2012,PYW_N_2012,1,1,1,1,1,0.00000,0,63,0,16,63,0,0,0,86,3,1.00,.,.,.
2012,PYW,N,PYW_N,PYW_N_2012,PYW_N_2012,1,1,1,1,1,0.00000,0,63,0,0,63,38,0,0,0,16,1.75,.,.,.
2012,PYW,N,PYW_N,PYW_N_2012,PYW_N_2012,1,1,1,1,1,0.00000,1,3,3,16,63,3,0,0,98,3,0.00,.,.,.
2012,PYW,N,PYW_N,PYW_N_2012,PYW_N_2012,0,1,2,1,1,0.81650,3,16,16,16,63,38,0,0,38,63,0.75,.,.,.
2012,PYW,N,PYW_N,PYW_N_2012,PYW_N_2012,1,1,1,1,1,0.00000,38,16,3,63,38,3,0,0,63,38,0.50,.,.,.
2012,PYW,N,PYW_N,PYW_N_2012,PYW_N_2012,1,1,1,1,1,0.00000,16,0,0,0,63,3,0,0,38,38,1.00,.,.,.
2012,PYW,S,PYW_S,PYW_S_2012,PYW_S_2012,5,4,8,7,6,1.82574,3,63,16,16,63,0,0,0,38,38,2.50,.,.,.
2012,PYW,S,PYW_S,PYW_S_2012,PYW_S_2012,4,6,5,6,5.25,0.95743,16,38,0,38,86,16,0,0,63,3,3.00,.,.,.
2012,PYW,S,PYW_S,PYW_S_2012,PYW_S_2012,4,5,5,3,4.25,0.95743,63,38,0,16,63,0,0,0,63,38,1.00,.,.,.
2012,PYW,S,PYW_S,PYW_S_2012,PYW_S_2012,5,5,4,2,4,1.41421,16,63,0,3,63,0,0,0,63,16,0.00,.,.,.
2012,PYW,S,PYW_S,PYW_S_2012,PYW_S_2012,3,5,3,3,3.5,1.00000,16,16,3,38,63,16,0,0,63,16,0.25,.,.,.
2012,PYW,S,PYW_S,PYW_S_2012,PYW_S_2012,3,6,3,2,3.5,1.73205,38,63,0,3,63,16,0,0,38,16,0.25,.,.,.
2012,PYW,S,PYW_S,PYW_S_2012,PYW_S_2012,3,4,3,3,3.25,0.50000,38,16,0,16,86,16,0,0,38,63,1.25,.,.,.
2012,PYW,S,PYW_S,PYW_S_2012,PYW_S_2012,6,3,2,2,3.25,1.89297,38,38,3,38,63,16,0,0,86,16,0.00,.,.,.
2012,PYW,S,PYW_S,PYW_S_2012,PYW_S_2012,6,3,2,2,3.25,1.89297,16,38,38,63,16,63,0,0,38,16,2.00,.,.,.
2012,PYW,S,PYW_S,PYW_S_2012,PYW_S_2012,3,2,5,2,3,1.41421,16,16,38,63,63,16,0,0,38,38,0.00,.,.,.
2012,PYW,S,PYW_S,PYW_S_2012,PYW_S_2012,2,3,3,3,2.75,0.50000,63,38,0,16,38,16,0,0,63,38,0.25,.,.,.
2012,PYW,S,PYW_S,PYW_S_2012,PYW_S_2012,3,2,3,2,2.5,0.57735,16,16,0,63,86,16,0,0,63,38,1.00,.,.,.
2012,PYW,S,PYW_S,PYW_S_2012,PYW_S_2012,2,2,2,4,2.5,1.00000,38,38,16,38,38,38,0,0,63,38,0.50,.,.,.
2012,PYW,S,PYW_S,PYW_S_2012,PYW_S_2012,3,2,2,2,2.25,0.50000,38,16,0,63,3,38,0,0,86,3,0.75,.,.,.
2012,PYW,S,PYW_S,PYW_S_2012,PYW_S_2012,1,2,3,3,2.25,0.95743,63,38,16,16,16,16,0,0,63,16,0.75,.,.,.
2012,PYW,S,PYW_S,PYW_S_2012,PYW_S_2012,3,3,2,1,2.25,0.95743,0,63,0,38,16,38,0,0,38,16,2.25,.,.,.
2012,PYW,S,PYW_S,PYW_S_2012,PYW_S_2012,2,3,1,3,2.25,0.95743,63,0,3,16,16,3,0,0,63,16,0.25,.,.,.
2012,PYW,S,PYW_S,PYW_S_2012,PYW_S_2012,2,1,3,3,2.25,0.95743,16,38,16,38,38,3,0,0,38,38,1.25,.,.,.
2012,PYW,S,PYW_S,PYW_S_2012,PYW_S_2012,4,3,1,1,2.25,1.50000,38,16,16,38,38,16,0,0,63,38,1.75,.,.,.
2012,PYW,S,PYW_S,PYW_S_2012,PYW_S_2012,2,1,2,3,2,0.81650,38,16,38,38,38,3,0,0,38,38,0.75,.,.,.
2012,PYW,S,PYW_S,PYW_S_2012,PYW_S_2012,1,2,3,1,1.75,0.95743,63,38,0,16,63,16,0,0,86,16,1.50,.,.,.
2012,PYW,S,PYW_S,PYW_S_2012,PYW_S_2012,1,1,2,3,1.75,0.95743,16,63,3,16,63,3,0,0,38,63,0.50,.,.,.
2012,PYW,S,PYW_S,PYW_S_2012,PYW_S_2012,2,1,3,1,1.75,0.95743,3,63,16,38,63,16,0,0,63,16,1.00,.,.,.
2012,PYW,S,PYW_S,PYW_S_2012,PYW_S_2012,2,1,2,2,1.75,0.50000,3,16,63,63,16,38,0,0,38,16,1.00,.,.,.
2012,PYW,S,PYW_S,PYW_S_2012,PYW_S_2012,2,2,1,2,1.75,0.50000,38,16,3,16,38,16,0,0,38,38,0.75,.,.,.
2012,PYW,S,PYW_S,PYW_S_2012,PYW_S_2012,3,1,1,2,1.75,0.95743,16,63,0,3,3,38,0,0,63,3,0.50,.,.,.
2012,PYW,S,PYW_S,PYW_S_2012,PYW_S_2012,1,2,2,1,1.5,0.57735,63,16,0,38,38,38,0,0,63,16,1.00,.,.,.
2012,PYW,S,PYW_S,PYW_S_2012,PYW_S_2012,1,2,1,1,1.25,0.50000,63,38,0,16,86,0,0,0,63,3,0.50,.,.,.
2012,PYW,S,PYW_S,PYW_S_2012,PYW_S_2012,1,1,2,1,1.25,0.50000,38,38,0,16,63,38,0,0,63,38,0.50,.,.,.
2012,PYW,S,PYW_S,PYW_S_2012,PYW_S_2012,1,1,1,1,1,0.00000,38,63,16,16,16,16,0,0,63,16,0.25,.,.,.
2012,RCH2007,N,RCH2007_N,RCH2007_N_2012,RCH2007_N_2012,9,11,10,5,8.75,2.62996,0,63,0,16,63,0,16,0,38,86,1.25,.,.,.
2012,RCH2007,N,RCH2007_N,RCH2007_N_2012,RCH2007_N_2012,4,7,9,10,7.5,2.64575,0,16,0,63,63,0,38,0,38,63,2.00,.,.,.
2012,RCH2007,N,RCH2007_N,RCH2007_N_2012,RCH2007_N_2012,10,7,6,5,7,2.16025,0,0,16,86,63,0,0,0,3,86,3.00,.,.,.
2012,RCH2007,N,RCH2007_N,RCH2007_N_2012,RCH2007_N_2012,7,5,9,5,6.5,1.91485,98,0,0,0,38,38,0,0,86,16,0.00,.,.,.
2012,RCH2007,N,RCH2007_N,RCH2007_N_2012,RCH2007_N_2012,5,5,4,9,5.75,2.21736,0,63,0,38,63,0,0,0,38,63,1.75,.,.,.
2012,RCH2007,N,RCH2007_N,RCH2007_N_2012,RCH2007_N_2012,8,7,5,3,5.75,2.21736,0,38,0,38,63,0,16,0,16,86,3.00,.,.,.
2012,RCH2007,N,RCH2007_N,RCH2007_N_2012,RCH2007_N_2012,5,5,6,5,5.25,0.50000,0,63,0,38,63,0,0,0,63,38,0.75,.,.,.
2012,RCH2007,N,RCH2007_N,RCH2007_N_2012,RCH2007_N_2012,2,6,11,2,5.25,4.27200,0,86,0,38,38,0,16,0,38,63,2.50,.,.,.
2012,RCH2007,N,RCH2007_N,RCH2007_N_2012,RCH2007_N_2012,3,6,3,7,4.75,2.06155,0,16,0,86,38,0,3,0,86,16,0.25,.,.,.
2012,RCH2007,N,RCH2007_N,RCH2007_N_2012,RCH2007_N_2012,5,3,4,7,4.75,1.70783,0,38,0,63,63,0,38,0,86,16,1.25,.,.,.
2012,RCH2007,N,RCH2007_N,RCH2007_N_2012,RCH2007_N_2012,3,6,5,4,4.5,1.29099,0,38,0,63,38,0,0,0,38,63,0.75,.,.,.
2012,RCH2007,N,RCH2007_N,RCH2007_N_2012,RCH2007_N_2012,8,5,2,3,4.5,2.64575,0,38,3,63,16,38,38,0,38,63,0.25,.,.,.
2012,RCH2007,N,RCH2007_N,RCH2007_N_2012,RCH2007_N_2012,4,3,3,6,4,1.41421,0,63,0,16,38,63,0,0,63,38,2.25,.,.,.
2012,RCH2007,N,RCH2007_N,RCH2007_N_2012,RCH2007_N_2012,4,3,5,4,4,0.81650,0,86,3,16,63,0,0,0,63,38,1.50,.,.,.
2012,RCH2007,N,RCH2007_N,RCH2007_N_2012,RCH2007_N_2012,1,1,7,7,4,3.46410,1,38,16,63,63,0,0,0,86,16,0.25,.,.,.
2012,RCH2007,N,RCH2007_N,RCH2007_N_2012,RCH2007_N_2012,8,2,3,2,3.75,2.87228,16,3,0,86,38,0,0,0,16,86,3.75,.,.,.
2012,RCH2007,N,RCH2007_N,RCH2007_N_2012,RCH2007_N_2012,4,3,5,3,3.75,0.95743,0,63,0,63,3,0,0,0,16,98,4.50,.,.,.
2012,RCH2007,N,RCH2007_N,RCH2007_N_2012,RCH2007_N_2012,2,4,6,3,3.75,1.70783,0,63,3,38,38,0,16,0,63,16,0.00,.,.,.
2012,RCH2007,N,RCH2007_N,RCH2007_N_2012,RCH2007_N_2012,3,5,3,3,3.5,1.00000,0,38,0,16,0,86,0,0,38,63,2.00,.,.,.
2012,RCH2007,N,RCH2007_N,RCH2007_N_2012,RCH2007_N_2012,3,3,2,3,2.75,0.50000,0,0,0,86,38,0,0,0,63,38,0.00,.,.,.
2012,RCH2007,N,RCH2007_N,RCH2007_N_2012,RCH2007_N_2012,1,2,3,5,2.75,1.70783,0,38,0,63,38,0,38,0,63,38,0.26,.,.,.
2012,RCH2007,N,RCH2007_N,RCH2007_N_2012,RCH2007_N_2012,3,3,3,2,2.75,0.50000,0,63,16,38,38,0,0,0,86,16,1.00,.,.,.
2012,RCH2007,N,RCH2007_N,RCH2007_N_2012,RCH2007_N_2012,3,3,2,3,2.75,0.50000,0,86,3,16,3,0,0,0,63,38,2.00,.,.,.
2012,RCH2007,N,RCH2007_N,RCH2007_N_2012,RCH2007_N_2012,2,2,3,3,2.5,0.57735,0,38,3,63,38,0,0,0,38,86,1.00,.,.,.
2012,RCH2007,N,RCH2007_N,RCH2007_N_2012,RCH2007_N_2012,2,2,2,4,2.5,1.00000,0,63,0,63,16,0,0,0,63,38,0.50,.,.,.
2012,RCH2007,N,RCH2007_N,RCH2007_N_2012,RCH2007_N_2012,3,2,4,1,2.5,1.29099,0,63,0,38,38,0,0,0,63,38,0.25,.,.,.
2012,RCH2007,N,RCH2007_N,RCH2007_N_2012,RCH2007_N_2012,4,2,2,2,2.5,1.00000,0,38,3,63,38,16,16,0,86,16,0.50,.,.,.
2012,RCH2007,N,RCH2007_N,RCH2007_N_2012,RCH2007_N_2012,3,3,2,2,2.5,0.57735,0,16,0,86,0,38,0,0,86,16,3.25,.,.,.
2012,RCH2007,N,RCH2007_N,RCH2007_N_2012,RCH2007_N_2012,1,3,2,2,2,0.81650,0,16,16,86,63,0,0,0,63,38,0.00,.,.,.
2012,RCH2007,N,RCH2007_N,RCH2007_N_2012,RCH2007_N_2012,2,2,1,2,1.75,0.50000,38,38,3,38,16,0,0,0,63,38,0.25,.,.,.
2012,RCH2007,S,RCH2007_S,RCH2007_S_2012,RCH2007_S_2012,7,9,9,14,9.75,2.98608,0,38,0,38,63,0,3,0,63,63,8.00,.,.,.
2012,RCH2007,S,RCH2007_S,RCH2007_S_2012,RCH2007_S_2012,6,11,4,5,6.5,3.10913,0,63,0,38,38,16,0,0,63,63,3.25,.,.,.
2012,RCH2007,S,RCH2007_S,RCH2007_S_2012,RCH2007_S_2012,2,7,7,8,6,2.70801,0,0,0,63,3,0,63,0,86,38,2.75,.,.,.
2012,RCH2007,S,RCH2007_S,RCH2007_S_2012,RCH2007_S_2012,7,6,5,6,6,0.81650,0,63,0,16,63,0,0,0,16,86,3.25,.,.,.
2012,RCH2007,S,RCH2007_S,RCH2007_S_2012,RCH2007_S_2012,5,4,6,9,6,2.16025,38,16,0,38,63,0,0,0,63,38,1.75,.,.,.
2012,RCH2007,S,RCH2007_S,RCH2007_S_2012,RCH2007_S_2012,8,3,9,2,5.5,3.51188,0,3,0,86,16,0,0,0,63,63,0.50,.,.,.
2012,RCH2007,S,RCH2007_S,RCH2007_S_2012,RCH2007_S_2012,3,9,2,7,5.25,3.30404,0,63,3,38,38,0,0,0,38,63,0.25,.,.,.
2012,RCH2007,S,RCH2007_S,RCH2007_S_2012,RCH2007_S_2012,5,6,5,5,5.25,0.50000,0,38,16,16,86,0,0,0,38,63,1.75,.,.,.
2012,RCH2007,S,RCH2007_S,RCH2007_S_2012,RCH2007_S_2012,6,7,5,3,5.25,1.70783,0,38,0,63,63,0,38,0,38,86,2.25,.,.,.
2012,RCH2007,S,RCH2007_S,RCH2007_S_2012,RCH2007_S_2012,7,2,2,10,5.25,3.94757,0,63,0,63,16,0,0,0,38,63,0.50,.,.,.
2012,RCH2007,S,RCH2007_S,RCH2007_S_2012,RCH2007_S_2012,6,6,5,3,5,1.41421,0,38,0,63,63,0,0,0,63,38,0.75,.,.,.
2012,RCH2007,S,RCH2007_S,RCH2007_S_2012,RCH2007_S_2012,6,3,3,8,5,2.44949,0,63,16,63,16,16,0,0,16,86,5.50,.,.,.
2012,RCH2007,S,RCH2007_S,RCH2007_S_2012,RCH2007_S_2012,6,2,7,4,4.75,2.21736,0,63,0,38,63,0,0,0,86,3,3.00,.,.,.
2012,RCH2007,S,RCH2007_S,RCH2007_S_2012,RCH2007_S_2012,2,5,3,7,4.25,2.21736,0,0,0,86,0,0,0,0,16,86,4.75,.,.,.
2012,RCH2007,S,RCH2007_S,RCH2007_S_2012,RCH2007_S_2012,2,6,2,5,3.75,2.06155,63,38,0,3,16,0,0,0,63,38,1.75,.,.,.
2012,RCH2007,S,RCH2007_S,RCH2007_S_2012,RCH2007_S_2012,6,2,2,5,3.75,2.06155,0,16,0,86,16,0,0,0,16,98,3.25,.,.,.
2012,RCH2007,S,RCH2007_S,RCH2007_S_2012,RCH2007_S_2012,5,5,2,2,3.5,1.73205,38,63,3,16,63,0,0,0,63,63,2.00,.,.,.
2012,RCH2007,S,RCH2007_S,RCH2007_S_2012,RCH2007_S_2012,5,2,3,3,3.25,1.25831,0,86,16,16,38,0,0,0,38,86,2.00,.,.,.
2012,RCH2007,S,RCH2007_S,RCH2007_S_2012,RCH2007_S_2012,3,1,3,5,3,1.63299,16,38,0,38,38,0,0,0,86,16,0.00,.,.,.
2012,RCH2007,S,RCH2007_S,RCH2007_S_2012,RCH2007_S_2012,2,2,5,3,3,1.41421,38,38,3,16,38,0,0,0,16,86,1.75,.,.,.
2012,RCH2007,S,RCH2007_S,RCH2007_S_2012,RCH2007_S_2012,3,1,3,4,2.75,1.25831,16,63,16,38,63,0,0,0,86,16,0.50,.,.,.
2012,RCH2007,S,RCH2007_S,RCH2007_S_2012,RCH2007_S_2012,4,3,2,2,2.75,0.95743,16,63,16,38,63,0,0,0,86,16,0.25,.,.,.
2012,RCH2007,S,RCH2007_S,RCH2007_S_2012,RCH2007_S_2012,2,5,2,2,2.75,1.50000,3,63,0,38,16,0,0,0,86,38,0.50,.,.,.
2012,RCH2007,S,RCH2007_S,RCH2007_S_2012,RCH2007_S_2012,4,2,3,2,2.75,0.95743,0,63,0,38,38,0,0,0,63,38,0.75,.,.,.
2012,RCH2007,S,RCH2007_S,RCH2007_S_2012,RCH2007_S_2012,3,2,3,2,2.5,0.57735,16,63,3,16,16,0,0,0,63,63,0.75,.,.,.
2012,RCH2007,S,RCH2007_S,RCH2007_S_2012,RCH2007_S_2012,1,1,5,2,2.25,1.89297,0,38,0,38,63,0,0,0,86,16,0.75,.,.,.
2012,RCH2007,S,RCH2007_S,RCH2007_S_2012,RCH2007_S_2012,3,2,2,2,2.25,0.50000,0,63,0,38,63,0,0,0,63,38,2.00,.,.,.
2012,RCH2007,S,RCH2007_S,RCH2007_S_2012,RCH2007_S_2012,2,2,2,2,2,0.00000,63,38,0,16,3,0,0,0,38,63,2.75,.,.,.
2012,RCH2007,S,RCH2007_S,RCH2007_S_2012,RCH2007_S_2012,1,1,1,1,1,0.00000,0,38,0,38,38,0,0,0,86,38,1.75,.,.,.
2012,RCH2007,S,RCH2007_S,RCH2007_S_2012,RCH2007_S_2012,1,1,1,1,1,0.00000,3,38,0,63,38,0,0,0,63,38,0.25,.,.,.
2012,RCH2007,W,RCH2007_W,RCH2007_W_2012,RCH2007_W_2012,20,3,20,5,12,9.27362,0,0,0,86,38,16,38,0,16,86,1.25,.,.,.
2012,RCH2007,W,RCH2007_W,RCH2007_W_2012,RCH2007_W_2012,8,8,20,10,11.5,5.74456,0,0,0,63,86,0,16,0,86,16,3.25,.,.,.
2012,RCH2007,W,RCH2007_W,RCH2007_W_2012,RCH2007_W_2012,3,7,15,15,10,6.00000,0,86,3,16,38,0,38,0,86,16,1.25,.,.,.
2012,RCH2007,W,RCH2007_W,RCH2007_W_2012,RCH2007_W_2012,13,7,8,9,9.25,2.62996,0,0,0,38,86,0,0,0,86,16,0.00,.,.,.
2012,RCH2007,W,RCH2007_W,RCH2007_W_2012,RCH2007_W_2012,8,6,8,8,7.5,1.00000,1,3,16,38,86,0,0,0,86,16,0.00,.,.,.
2012,RCH2007,W,RCH2007_W,RCH2007_W_2012,RCH2007_W_2012,5,10,9,5,7.25,2.62996,0,86,16,38,63,0,0,0,16,86,6.75,.,.,.
2012,RCH2007,W,RCH2007_W,RCH2007_W_2012,RCH2007_W_2012,5,7,7,8,6.75,1.25831,0,38,0,38,63,0,38,0,98,16,4.50,.,.,.
2012,RCH2007,W,RCH2007_W,RCH2007_W_2012,RCH2007_W_2012,2,1,8,15,6.5,6.45497,0,63,0,38,38,0,16,0,86,16,0.75,.,.,.
2012,RCH2007,W,RCH2007_W,RCH2007_W_2012,RCH2007_W_2012,9,10,2,5,6.5,3.69685,16,16,0,3,98,0,0,0,86,16,0.75,.,.,.
2012,RCH2007,W,RCH2007_W,RCH2007_W_2012,RCH2007_W_2012,8,5,6,6,6.25,1.25831,16,38,0,38,38,0,63,0,63,38,1.25,.,.,.
2012,RCH2007,W,RCH2007_W,RCH2007_W_2012,RCH2007_W_2012,5,9,3,8,6.25,2.75379,0,38,0,16,86,0,0,0,98,16,0.50,.,.,.
2012,RCH2007,W,RCH2007_W,RCH2007_W_2012,RCH2007_W_2012,7,4,6,7,6,1.41421,0,63,0,38,38,0,0,0,16,86,5.50,.,.,.
2012,RCH2007,W,RCH2007_W,RCH2007_W_2012,RCH2007_W_2012,5,5,5,7,5.5,1.00000,0,38,16,63,38,63,0,0,63,16,2.00,.,.,.
2012,RCH2007,W,RCH2007_W,RCH2007_W_2012,RCH2007_W_2012,3,6,5,6,5,1.41421,0,63,0,3,63,0,0,0,63,38,0.25,.,.,.
2012,RCH2007,W,RCH2007_W,RCH2007_W_2012,RCH2007_W_2012,3,4,5,7,4.75,1.70783,0,63,16,38,86,0,0,0,63,38,3.50,.,.,.
2012,RCH2007,W,RCH2007_W,RCH2007_W_2012,RCH2007_W_2012,5,5,4,3,4.25,0.95743,0,63,16,63,38,0,0,0,63,38,0.25,.,.,.
2012,RCH2007,W,RCH2007_W,RCH2007_W_2012,RCH2007_W_2012,3,4,5,3,3.75,0.95743,16,38,0,38,63,0,0,0,16,63,0.75,.,.,.
2012,RCH2007,W,RCH2007_W,RCH2007_W_2012,RCH2007_W_2012,3,1,5,5,3.5,1.91485,0,38,38,63,38,3,0,0,86,3,0.00,.,.,.
2012,RCH2007,W,RCH2007_W,RCH2007_W_2012,RCH2007_W_2012,3,2,3,6,3.5,1.73205,38,63,3,3,38,38,0,0,63,38,0.00,.,.,.
2012,RCH2007,W,RCH2007_W,RCH2007_W_2012,RCH2007_W_2012,5,2,3,4,3.5,1.29099,16,16,3,38,86,0,0,0,63,38,0.50,.,.,.
2012,RCH2007,W,RCH2007_W,RCH2007_W_2012,RCH2007_W_2012,5,3,4,2,3.5,1.29099,16,63,3,16,63,0,0,0,38,63,1.00,.,.,.
2012,RCH2007,W,RCH2007_W,RCH2007_W_2012,RCH2007_W_2012,4,3,3,3,3.25,0.50000,3,63,3,16,63,0,0,0,63,38,0.50,.,.,.
2012,RCH2007,W,RCH2007_W,RCH2007_W_2012,RCH2007_W_2012,2,3,3,3,2.75,0.50000,0,0,0,86,38,0,38,0,86,63,2.00,.,.,.
2012,RCH2007,W,RCH2007_W,RCH2007_W_2012,RCH2007_W_2012,3,3,2,2,2.5,0.57735,0,63,3,38,38,0,16,0,86,16,1.75,.,.,.
2012,RCH2007,W,RCH2007_W,RCH2007_W_2012,RCH2007_W_2012,1,4,3,2,2.5,1.29099,16,38,0,38,63,0,0,0,86,16,0.25,.,.,.
2012,RCH2007,W,RCH2007_W,RCH2007_W_2012,RCH2007_W_2012,3,2,2,2,2.25,0.50000,16,38,3,16,16,86,0,0,86,16,0.25,.,.,.
2012,RCH2007,W,RCH2007_W,RCH2007_W_2012,RCH2007_W_2012,3,2,2,2,2.25,0.50000,0,63,3,16,16,0,16,0,63,38,1.25,.,.,.
2012,RCH2007,W,RCH2007_W,RCH2007_W_2012,RCH2007_W_2012,2,1,3,2,2,0.81650,16,63,3,16,63,16,0,0,86,16,0.00,.,.,.
2012,RCH2007,W,RCH2007_W,RCH2007_W_2012,RCH2007_W_2012,2,2,2,2,2,0.00000,0,0,0,98,0,0,0,0,38,63,0.00,.,.,.
2012,RCH2007,W,RCH2007_W,RCH2007_W_2012,RCH2007_W_2012,3,1,2,1,1.75,0.95743,0,63,0,3,63,0,0,0,86,3,1.25,.,.,.
2012,RIN,E,RIN_E,RIN_E_2012,RIN_E_2012,20,20,20,20,20,0.00000,0,0,0,3,86,0,0,0,3,86,1.00,.,.,.
2012,RIN,E,RIN_E,RIN_E_2012,RIN_E_2012,13,20,15,10,14.5,4.20317,0,0,3,3,86,3,16,0,16,63,0.00,.,.,.
2012,RIN,E,RIN_E,RIN_E_2012,RIN_E_2012,5,9,20,20,13.5,7.68115,0,0,16,16,63,3,16,0,0,86,0.50,.,.,.
2012,RIN,E,RIN_E,RIN_E_2012,RIN_E_2012,5,10,15,16,11.5,5.06623,16,0,16,16,16,3,0,0,16,38,0.25,.,.,.
2012,RIN,E,RIN_E,RIN_E_2012,RIN_E_2012,12,9,10,13,11,1.82574,1,0,0,0,63,0,0,3,3,63,0.25,.,.,.
2012,RIN,E,RIN_E,RIN_E_2012,RIN_E_2012,3,5,12,17,9.25,6.44851,16,0,3,3,38,16,38,0,3,86,0.25,.,.,.
2012,RIN,E,RIN_E,RIN_E_2012,RIN_E_2012,8,6,5,8,6.75,1.50000,63,0,16,16,16,16,0,0,16,63,0.00,.,.,.
2012,RIN,E,RIN_E,RIN_E_2012,RIN_E_2012,6,6,8,7,6.75,0.95743,63,0,16,16,16,0,0,0,16,86,0.00,.,.,.
2012,RIN,E,RIN_E,RIN_E_2012,RIN_E_2012,6,5,6,9,6.5,1.73205,16,0,3,16,38,3,0,0,1,86,0.00,.,.,.
2012,RIN,E,RIN_E,RIN_E_2012,RIN_E_2012,6,8,5,5,6,1.41421,63,0,16,16,16,0,0,0,3,86,0.25,.,.,.
2012,RIN,E,RIN_E,RIN_E_2012,RIN_E_2012,7,6,4,5,5.5,1.29099,63,0,16,16,38,0,3,0,16,63,0.00,.,.,.
2012,RIN,E,RIN_E,RIN_E_2012,RIN_E_2012,5,5,5,6,5.25,0.50000,86,0,0,0,3,3,0,0,0,86,0.25,.,.,.
2012,RIN,E,RIN_E,RIN_E_2012,RIN_E_2012,5,4,4,6,4.75,0.95743,38,0,16,16,16,0,0,0,16,63,0.00,.,.,.
2012,RIN,E,RIN_E,RIN_E_2012,RIN_E_2012,7,3,5,4,4.75,1.70783,38,0,16,16,38,0,16,0,16,63,0.00,.,.,.
2012,RIN,E,RIN_E,RIN_E_2012,RIN_E_2012,6,5,3,4,4.5,1.29099,63,0,0,3,38,0,0,0,16,63,0.00,.,.,.
2012,RIN,E,RIN_E,RIN_E_2012,RIN_E_2012,3,5,5,5,4.5,1.00000,63,0,16,16,3,0,0,0,0,86,0.25,.,.,.
2012,RIN,E,RIN_E,RIN_E_2012,RIN_E_2012,5,4,4,3,4,0.81650,38,0,3,3,3,0,0,0,16,63,0.50,.,.,.
2012,RIN,E,RIN_E,RIN_E_2012,RIN_E_2012,3,3,4,5,3.75,0.95743,63,0,0,16,16,0,3,0,38,16,0.00,.,.,.
2012,RIN,E,RIN_E,RIN_E_2012,RIN_E_2012,4,3,4,4,3.75,0.50000,38,0,3,3,16,0,3,0,38,16,0.00,.,.,.
2012,RIN,E,RIN_E,RIN_E_2012,RIN_E_2012,4,3,4,4,3.75,0.50000,63,0,16,16,3,0,0,0,3,86,0.50,.,.,.
2012,RIN,E,RIN_E,RIN_E_2012,RIN_E_2012,3,4,4,3,3.5,0.57735,38,0,16,16,3,0,0,0,16,63,0.25,.,.,.
2012,RIN,E,RIN_E,RIN_E_2012,RIN_E_2012,3,3,3,4,3.25,0.50000,16,0,16,16,16,0,0,0,38,16,0.00,.,.,.
2012,RIN,E,RIN_E,RIN_E_2012,RIN_E_2012,2,3,2,6,3.25,1.89297,63,0,16,16,16,0,0,0,16,63,0.25,.,.,.
2012,RIN,E,RIN_E,RIN_E_2012,RIN_E_2012,3,3,3,3,3,0.00000,63,0,0,0,16,3,0,0,16,38,0.00,.,.,.
2012,RIN,E,RIN_E,RIN_E_2012,RIN_E_2012,2,5,3,2,3,1.41421,16,0,16,16,16,0,0,0,38,38,0.00,.,.,.
2012,RIN,E,RIN_E,RIN_E_2012,RIN_E_2012,3,3,3,3,3,0.00000,63,0,3,3,16,0,16,0,3,63,0.25,.,.,.
2012,RIN,E,RIN_E,RIN_E_2012,RIN_E_2012,3,3,3,3,3,0.00000,63,0,3,3,3,0,0,0,16,63,0.00,.,.,.
2012,RIN,E,RIN_E,RIN_E_2012,RIN_E_2012,2,3,2,4,2.75,0.95743,38,0,16,16,16,0,0,0,16,63,0.00,.,.,.
2012,RIN,E,RIN_E,RIN_E_2012,RIN_E_2012,3,3,1,3,2.5,1.00000,38,0,16,16,16,0,0,0,38,3,0.00,.,.,.
2012,RIN,E,RIN_E,RIN_E_2012,RIN_E_2012,3,2,2,3,2.5,0.57735,16,0,16,16,3,0,16,0,16,63,0.00,.,.,.
2012,RIN,S,RIN_S,RIN_S_2012,RIN_S_2012,6,10,7,6,7.25,1.89297,38,0,3,16,38,0,0,0,16,63,0.25,.,.,.
2012,RIN,S,RIN_S,RIN_S_2012,RIN_S_2012,7,4,6,11,7,2.94392,38,0,16,3,16,0,0,0,16,63,0.00,.,.,.
2012,RIN,S,RIN_S,RIN_S_2012,RIN_S_2012,10,5,5,6,6.5,2.38048,38,0,16,16,38,16,0,0,38,3,0.00,.,.,.
2012,RIN,S,RIN_S,RIN_S_2012,RIN_S_2012,5,5,9,7,6.5,1.91485,63,0,3,3,16,3,0,0,16,63,0.25,.,.,.
2012,RIN,S,RIN_S,RIN_S_2012,RIN_S_2012,5,8,5,8,6.5,1.73205,63,0,3,16,16,16,0,0,16,86,0.50,.,.,.
2012,RIN,S,RIN_S,RIN_S_2012,RIN_S_2012,6,5,5,7,5.75,0.95743,63,0,3,3,3,3,0,0,38,38,0.00,.,.,.
2012,RIN,S,RIN_S,RIN_S_2012,RIN_S_2012,4,6,5,6,5.25,0.95743,16,0,16,16,16,16,0,0,16,63,0.00,.,.,.
2012,RIN,S,RIN_S,RIN_S_2012,RIN_S_2012,5,5,5,6,5.25,0.50000,38,0,3,3,38,0,16,0,16,38,0.00,.,.,.
2012,RIN,S,RIN_S,RIN_S_2012,RIN_S_2012,4,5,8,4,5.25,1.89297,63,0,3,3,38,0,16,0,38,38,0.00,.,.,.
2012,RIN,S,RIN_S,RIN_S_2012,RIN_S_2012,6,4,6,4,5,1.15470,86,0,3,3,16,3,0,0,38,38,0.00,.,.,.
2012,RIN,S,RIN_S,RIN_S_2012,RIN_S_2012,4,4,5,7,5,1.41421,38,0,16,16,16,3,0,0,16,63,0.50,.,.,.
2012,RIN,S,RIN_S,RIN_S_2012,RIN_S_2012,5,4,6,4,4.75,0.95743,63,0,16,16,3,0,0,0,16,63,0.00,.,.,.
2012,RIN,S,RIN_S,RIN_S_2012,RIN_S_2012,3,8,3,5,4.75,2.36291,38,0,3,16,3,0,0,0,16,86,0.00,.,.,.
2012,RIN,S,RIN_S,RIN_S_2012,RIN_S_2012,4,3,7,3,4.25,1.89297,38,0,16,16,38,0,0,0,3,86,0.00,.,.,.
2012,RIN,S,RIN_S,RIN_S_2012,RIN_S_2012,4,3,5,5,4.25,0.95743,38,0,16,16,16,3,0,0,38,38,0.00,.,.,.
2012,RIN,S,RIN_S,RIN_S_2012,RIN_S_2012,5,4,4,4,4.25,0.50000,63,0,16,16,3,0,0,0,16,63,0.00,.,.,.
2012,RIN,S,RIN_S,RIN_S_2012,RIN_S_2012,3,5,4,4,4,0.81650,38,0,3,3,16,3,3,0,16,63,0.00,.,.,.
2012,RIN,S,RIN_S,RIN_S_2012,RIN_S_2012,5,3,4,4,4,0.81650,63,0,3,16,16,3,0,0,16,63,0.00,.,.,.
2012,RIN,S,RIN_S,RIN_S_2012,RIN_S_2012,4,3,4,5,4,0.81650,38,0,16,16,38,0,0,0,16,63,0.00,.,.,.
2012,RIN,S,RIN_S,RIN_S_2012,RIN_S_2012,5,2,4,5,4,1.41421,38,0,38,38,3,0,0,0,38,3,0.00,.,.,.
2012,RIN,S,RIN_S,RIN_S_2012,RIN_S_2012,4,4,3,4,3.75,0.50000,38,0,16,16,38,3,0,3,3,86,0.25,.,.,.
2012,RIN,S,RIN_S,RIN_S_2012,RIN_S_2012,4,3,4,4,3.75,0.50000,38,0,16,16,16,3,0,0,16,63,0.00,.,.,.
2012,RIN,S,RIN_S,RIN_S_2012,RIN_S_2012,4,3,5,3,3.75,0.95743,38,0,16,16,3,1,0,0,38,38,0.00,.,.,.
2012,RIN,S,RIN_S,RIN_S_2012,RIN_S_2012,4,3,3,4,3.5,0.57735,63,0,16,16,38,0,0,0,16,63,0.00,.,.,.
2012,RIN,S,RIN_S,RIN_S_2012,RIN_S_2012,4,3,3,4,3.5,0.57735,63,0,3,16,3,0,0,0,16,63,0.00,.,.,.
2012,RIN,S,RIN_S,RIN_S_2012,RIN_S_2012,2,5,4,3,3.5,1.29099,38,0,16,16,3,0,0,0,16,63,0.00,.,.,.
2012,RIN,S,RIN_S,RIN_S_2012,RIN_S_2012,4,3,3,4,3.5,0.57735,63,0,3,3,3,0,0,0,16,63,0.00,.,.,.
2012,RIN,S,RIN_S,RIN_S_2012,RIN_S_2012,4,3,3,3,3.25,0.50000,63,0,3,3,16,0,3,0,16,63,0.00,.,.,.
2012,RIN,S,RIN_S,RIN_S_2012,RIN_S_2012,3,5,4,0,3,2.16025,38,0,3,16,16,0,0,0,3,86,0.25,.,.,.
2012,RIN,S,RIN_S,RIN_S_2012,RIN_S_2012,4,3,2,2,2.75,0.95743,63,0,16,16,3,3,0,0,16,63,0.00,.,.,.
2012,RIN,W,RIN_W,RIN_W_2012,RIN_W_2012,18,19,19,20,19,0.81650,16,0,16,38,86,63,0,0,16,86,0.25,.,.,.
2012,RIN,W,RIN_W,RIN_W_2012,RIN_W_2012,12,17,20,11,15,4.24264,0,0,38,63,86,38,0,0,0,86,1.00,.,.,.
2012,RIN,W,RIN_W,RIN_W_2012,RIN_W_2012,14,15,14,17,15,1.41421,0,0,0,16,86,0,16,0,38,38,0.00,.,.,.
2012,RIN,W,RIN_W,RIN_W_2012,RIN_W_2012,11,18,12,9,12.5,3.87298,63,0,16,16,38,16,0,0,3,86,0.00,.,.,.
2012,RIN,W,RIN_W,RIN_W_2012,RIN_W_2012,11,10,15,12,12,2.16025,0,0,16,38,63,38,38,0,3,86,1.00,.,.,.
2012,RIN,W,RIN_W,RIN_W_2012,RIN_W_2012,11,11,9,12,10.75,1.25831,0,0,16,38,16,38,38,0,16,38,0.00,.,.,.
2012,RIN,W,RIN_W,RIN_W_2012,RIN_W_2012,9,11,9,14,10.75,2.36291,16,0,0,3,63,3,16,0,3,63,0.50,.,.,.
2012,RIN,W,RIN_W,RIN_W_2012,RIN_W_2012,9,12,11,10,10.5,1.29099,38,0,16,16,63,16,3,0,0,86,1.25,.,.,.
2012,RIN,W,RIN_W,RIN_W_2012,RIN_W_2012,8,12,10,9,9.75,1.70783,0,0,16,38,38,38,0,0,3,63,0.00,.,.,.
2012,RIN,W,RIN_W,RIN_W_2012,RIN_W_2012,9,9,12,8,9.5,1.73205,63,0,16,16,3,0,16,0,16,63,0.00,.,.,.
2012,RIN,W,RIN_W,RIN_W_2012,RIN_W_2012,6,6,8,9,7.25,1.50000,38,0,3,3,16,3,0,0,16,86,0.50,.,.,.
2012,RIN,W,RIN_W,RIN_W_2012,RIN_W_2012,8,7,5,7,6.75,1.25831,63,0,16,16,16,16,0,0,3,63,0.50,.,.,.
2012,RIN,W,RIN_W,RIN_W_2012,RIN_W_2012,5,7,7,7,6.5,1.00000,63,0,16,16,3,0,3,0,16,63,0.00,.,.,.
2012,RIN,W,RIN_W,RIN_W_2012,RIN_W_2012,4,6,7,7,6,1.41421,16,0,3,3,63,3,0,0,16,63,0.00,.,.,.
2012,RIN,W,RIN_W,RIN_W_2012,RIN_W_2012,5,6,8,4,5.75,1.70783,16,0,38,38,38,3,0,0,16,63,0.25,.,.,.
2012,RIN,W,RIN_W,RIN_W_2012,RIN_W_2012,6,5,6,5,5.5,0.57735,0,0,16,16,38,16,16,0,16,63,0.00,.,.,.
2012,RIN,W,RIN_W,RIN_W_2012,RIN_W_2012,5,7,4,5,5.25,1.25831,63,0,16,16,3,0,3,0,16,63,0.00,.,.,.
2012,RIN,W,RIN_W,RIN_W_2012,RIN_W_2012,4,7,6,4,5.25,1.50000,38,0,16,16,38,16,3,0,16,38,0.00,.,.,.
2012,RIN,W,RIN_W,RIN_W_2012,RIN_W_2012,4,4,8,4,5,2.00000,16,0,16,16,38,16,16,0,3,63,0.00,.,.,.
2012,RIN,W,RIN_W,RIN_W_2012,RIN_W_2012,4,9,4,3,5,2.70801,38,0,16,16,38,0,0,0,16,63,0.00,.,.,.
2012,RIN,W,RIN_W,RIN_W_2012,RIN_W_2012,7,4,4,4,4.75,1.50000,38,0,16,38,38,38,0,0,16,63,0.00,.,.,.
2012,RIN,W,RIN_W,RIN_W_2012,RIN_W_2012,6,4,4,5,4.75,0.95743,63,0,16,38,16,3,0,0,16,63,0.00,.,.,.
2012,RIN,W,RIN_W,RIN_W_2012,RIN_W_2012,6,3,5,5,4.75,1.25831,63,0,16,16,38,0,0,0,16,63,0.25,.,.,.
2012,RIN,W,RIN_W,RIN_W_2012,RIN_W_2012,4,4,6,5,4.75,0.95743,38,0,16,16,38,0,0,0,16,38,0.00,.,.,.
2012,RIN,W,RIN_W,RIN_W_2012,RIN_W_2012,4,5,4,4,4.25,0.50000,16,0,38,38,16,0,0,0,16,63,0.00,.,.,.
2012,RIN,W,RIN_W,RIN_W_2012,RIN_W_2012,4,3,5,5,4.25,0.95743,16,0,16,16,38,3,0,0,16,38,0.00,.,.,.
2012,RIN,W,RIN_W,RIN_W_2012,RIN_W_2012,4,4,3,5,4,0.81650,63,0,16,16,16,3,0,0,0,86,0.50,.,.,.
2012,RIN,W,RIN_W,RIN_W_2012,RIN_W_2012,5,4,3,3,3.75,0.95743,38,0,16,16,16,0,3,0,38,38,0.00,.,.,.
2012,RIN,W,RIN_W,RIN_W_2012,RIN_W_2012,4,4,3,4,3.75,0.50000,16,0,16,16,38,0,3,0,16,63,0.00,.,.,.
2012,RIN,W,RIN_W,RIN_W_2012,RIN_W_2012,5,4,3,3,3.75,0.95743,16,0,16,16,16,16,0,0,16,38,0.00,.,.,.
2012,RIS,C,RIS_C,RIS_C_2012,RIS_C_2012,7,7,7,11,8,2.00000,0,0,16,16,16,0,86,0,63,0,0.00,.,.,.
2012,RIS,C,RIS_C,RIS_C_2012,RIS_C_2012,8,9,5,6,7,1.82574,38,0,16,38,38,3,3,0,16,38,0.75,.,.,.
2012,RIS,C,RIS_C,RIS_C_2012,RIS_C_2012,6,4,5,10,6.25,2.62996,0,3,3,63,16,16,38,0,3,38,0.50,.,.,.
2012,RIS,C,RIS_C,RIS_C_2012,RIS_C_2012,5,6,6,6,5.75,0.50000,3,0,38,63,38,3,3,0,16,38,1.00,.,.,.
2012,RIS,C,RIS_C,RIS_C_2012,RIS_C_2012,6,6,4,4,5,1.15470,16,16,16,38,38,3,3,0,38,38,0.50,.,.,.
2012,RIS,C,RIS_C,RIS_C_2012,RIS_C_2012,5,5,4,4,4.5,0.57735,63,0,16,38,38,3,0,0,16,38,0.25,.,.,.
2012,RIS,C,RIS_C,RIS_C_2012,RIS_C_2012,4,7,2,4,4.25,2.06155,38,16,3,16,16,16,3,0,3,63,0.25,.,.,.
2012,RIS,C,RIS_C,RIS_C_2012,RIS_C_2012,5,4,3,4,4,0.81650,16,3,3,3,38,38,3,0,38,3,0.00,.,.,.
2012,RIS,C,RIS_C,RIS_C_2012,RIS_C_2012,3,4,4,3,3.5,0.57735,63,3,16,16,16,3,0,0,16,3,0.25,.,.,.
2012,RIS,C,RIS_C,RIS_C_2012,RIS_C_2012,6,3,3,2,3.5,1.73205,16,38,3,16,16,38,0,0,16,16,0.00,.,.,.
2012,RIS,C,RIS_C,RIS_C_2012,RIS_C_2012,3,4,3,4,3.5,0.57735,38,38,0,3,16,3,0,0,38,38,0.75,.,.,.
2012,RIS,C,RIS_C,RIS_C_2012,RIS_C_2012,3,3,4,4,3.5,0.57735,38,3,3,16,63,3,0,0,16,3,0.00,.,.,.
2012,RIS,C,RIS_C,RIS_C_2012,RIS_C_2012,4,3,4,3,3.5,0.57735,3,16,3,3,38,16,16,0,16,0,0.00,.,.,.
2012,RIS,C,RIS_C,RIS_C_2012,RIS_C_2012,3,3,3,4,3.25,0.50000,16,16,3,3,63,3,16,0,38,16,0.25,.,.,.
2012,RIS,C,RIS_C,RIS_C_2012,RIS_C_2012,3,2,3,4,3,0.81650,16,38,0,3,38,16,0,0,3,16,0.00,.,.,.
2012,RIS,C,RIS_C,RIS_C_2012,RIS_C_2012,2,3,2,4,2.75,0.95743,63,3,3,3,16,3,0,0,38,3,0.00,.,.,.
2012,RIS,C,RIS_C,RIS_C_2012,RIS_C_2012,2,3,4,2,2.75,0.95743,38,0,38,63,38,3,0,0,38,63,0.50,.,.,.
2012,RIS,C,RIS_C,RIS_C_2012,RIS_C_2012,3,2,3,3,2.75,0.50000,3,63,3,3,16,16,0,0,1,63,0.50,.,.,.
2012,RIS,C,RIS_C,RIS_C_2012,RIS_C_2012,2,2,4,3,2.75,0.95743,38,38,3,16,38,16,3,0,16,3,0.25,.,.,.
2012,RIS,C,RIS_C,RIS_C_2012,RIS_C_2012,4,3,2,1,2.5,1.29099,63,0,16,16,16,16,3,0,16,38,2.00,.,.,.
2012,RIS,C,RIS_C,RIS_C_2012,RIS_C_2012,2,2,4,2,2.5,1.00000,16,38,16,38,16,16,0,0,16,38,0.50,.,.,.
2012,RIS,C,RIS_C,RIS_C_2012,RIS_C_2012,2,3,3,2,2.5,0.57735,16,3,16,38,38,3,0,0,3,16,0.25,.,.,.
2012,RIS,C,RIS_C,RIS_C_2012,RIS_C_2012,3,2,3,2,2.5,0.57735,16,38,0,3,38,16,0,0,16,38,0.25,.,.,.
2012,RIS,C,RIS_C,RIS_C_2012,RIS_C_2012,2,2,4,1,2.25,1.25831,63,0,3,16,16,16,0,0,3,16,0.25,.,.,.
2012,RIS,C,RIS_C,RIS_C_2012,RIS_C_2012,2,2,2,2,2,0.00000,38,16,3,16,16,16,0,0,38,3,0.00,.,.,.
2012,RIS,C,RIS_C,RIS_C_2012,RIS_C_2012,1,1,1,4,1.75,1.50000,3,86,0,3,3,16,0,0,3,63,0.25,.,.,.
2012,RIS,C,RIS_C,RIS_C_2012,RIS_C_2012,2,1,2,2,1.75,0.50000,3,16,3,16,16,16,3,0,3,16,0.25,.,.,.
2012,RIS,C,RIS_C,RIS_C_2012,RIS_C_2012,2,1,1,2,1.5,0.57735,38,0,38,38,16,16,0,0,38,3,0.00,.,.,.
2012,RIS,C,RIS_C,RIS_C_2012,RIS_C_2012,1,3,1,1,1.5,1.00000,16,3,3,16,16,16,0,0,38,3,0.00,.,.,.
2012,RIS,C,RIS_C,RIS_C_2012,RIS_C_2012,2,1,1,1,1.25,0.50000,38,38,0,3,3,38,0,0,3,38,0.50,.,.,.
2012,RIS,N,RIS_N,RIS_N_2012,RIS_N_2012,8,10,10,9,9.25,0.95743,0,16,16,16,63,0,0,0,0,63,2.75,.,.,.
2012,RIS,N,RIS_N,RIS_N_2012,RIS_N_2012,8,14,3,8,8.25,4.50000,0,63,0,3,38,0,38,0,0,63,1.50,.,.,.
2012,RIS,N,RIS_N,RIS_N_2012,RIS_N_2012,7,6,6,5,6,0.81650,3,38,3,16,38,3,0,0,0,86,5.25,.,.,.
2012,RIS,N,RIS_N,RIS_N_2012,RIS_N_2012,5,5,7,6,5.75,0.95743,0,86,3,16,16,16,0,0,0,63,6.50,.,.,.
2012,RIS,N,RIS_N,RIS_N_2012,RIS_N_2012,4,4,8,7,5.75,2.06155,0,63,3,16,16,38,0,0,0,86,8.00,.,.,.
2012,RIS,N,RIS_N,RIS_N_2012,RIS_N_2012,6,4,5,5,5,0.81650,3,63,16,16,16,16,16,0,0,86,6.00,.,.,.
2012,RIS,N,RIS_N,RIS_N_2012,RIS_N_2012,4,3,9,3,4.75,2.87228,16,38,3,16,0,38,0,0,0,86,4.75,.,.,.
2012,RIS,N,RIS_N,RIS_N_2012,RIS_N_2012,4,5,5,5,4.75,0.50000,3,16,3,16,63,3,16,0,0,86,13.00,.,.,.
2012,RIS,N,RIS_N,RIS_N_2012,RIS_N_2012,5,6,3,4,4.5,1.29099,0,63,0,3,16,16,38,0,0,86,6.50,.,.,.
2012,RIS,N,RIS_N,RIS_N_2012,RIS_N_2012,4,2,6,4,4,1.63299,0,86,0,3,16,0,0,0,0,86,10.00,.,.,.
2012,RIS,N,RIS_N,RIS_N_2012,RIS_N_2012,3,4,4,4,3.75,0.50000,0,86,0,3,3,16,0,0,0,86,2.50,.,.,.
2012,RIS,N,RIS_N,RIS_N_2012,RIS_N_2012,6,2,2,4,3.5,1.91485,3,16,3,16,16,16,16,0,0,63,3.75,.,.,.
2012,RIS,N,RIS_N,RIS_N_2012,RIS_N_2012,3,3,4,4,3.5,0.57735,16,63,0,16,0,3,0,0,0,86,5.00,.,.,.
2012,RIS,N,RIS_N,RIS_N_2012,RIS_N_2012,4,3,3,3,3.25,0.50000,38,38,3,16,16,16,0,0,0,86,9.50,.,.,.
2012,RIS,N,RIS_N,RIS_N_2012,RIS_N_2012,3,3,3,4,3.25,0.50000,3,38,3,16,38,16,0,0,0,86,5.75,.,.,.
2012,RIS,N,RIS_N,RIS_N_2012,RIS_N_2012,3,4,3,3,3.25,0.50000,63,16,38,38,3,3,0,0,0,86,11.75,.,.,.
2012,RIS,N,RIS_N,RIS_N_2012,RIS_N_2012,4,3,4,2,3.25,0.95743,16,63,3,16,16,3,0,0,0,86,7.00,.,.,.
2012,RIS,N,RIS_N,RIS_N_2012,RIS_N_2012,2,2,3,5,3,1.41421,3,38,0,38,0,16,0,0,0,86,8.75,.,.,.
2012,RIS,N,RIS_N,RIS_N_2012,RIS_N_2012,3,3,3,3,3,0.00000,63,16,0,3,3,3,0,0,0,86,7.00,.,.,.
2012,RIS,N,RIS_N,RIS_N_2012,RIS_N_2012,3,3,3,3,3,0.00000,16,16,16,38,16,3,16,0,0,86,8.25,.,.,.
2012,RIS,N,RIS_N,RIS_N_2012,RIS_N_2012,4,1,2,3,2.5,1.29099,38,16,0,3,38,16,0,0,1,63,3.50,.,.,.
2012,RIS,N,RIS_N,RIS_N_2012,RIS_N_2012,3,2,3,2,2.5,0.57735,16,63,0,3,3,3,0,0,0,86,12.00,.,.,.
2012,RIS,N,RIS_N,RIS_N_2012,RIS_N_2012,4,2,2,2,2.5,1.00000,63,16,0,3,3,16,0,0,0,86,2.00,.,.,.
2012,RIS,N,RIS_N,RIS_N_2012,RIS_N_2012,3,2,3,2,2.5,0.57735,63,3,16,3,0,0,0,0,0,86,8.25,.,.,.
2012,RIS,N,RIS_N,RIS_N_2012,RIS_N_2012,3,1,2,3,2.25,0.95743,0,63,3,16,3,3,0,0,0,86,3.25,.,.,.
2012,RIS,N,RIS_N,RIS_N_2012,RIS_N_2012,3,2,2,2,2.25,0.50000,3,38,16,16,16,16,0,0,0,86,2.50,.,.,.
2012,RIS,N,RIS_N,RIS_N_2012,RIS_N_2012,2,1,2,4,2.25,1.25831,16,38,16,38,16,16,0,0,0,86,5.25,.,.,.
2012,RIS,N,RIS_N,RIS_N_2012,RIS_N_2012,3,2,2,2,2.25,0.50000,38,63,0,3,3,3,0,0,0,63,6.00,.,.,.
2012,RIS,N,RIS_N,RIS_N_2012,RIS_N_2012,2,1,2,1,1.5,0.57735,3,38,16,38,3,3,0,0,16,38,0.50,.,.,.
2012,RIS,N,RIS_N,RIS_N_2012,RIS_N_2012,1,1,1,1,1,0.00000,3,38,3,16,3,16,0,0,0,63,4.75,.,.,.
2012,RIS,S,RIS_S,RIS_S_2012,RIS_S_2012,13,5,3,20,10.25,7.80491,3,3,0,63,3,3,38,0,0,86,2.50,.,.,.
2012,RIS,S,RIS_S,RIS_S_2012,RIS_S_2012,4,7,5,5,5.25,1.25831,0,0,86,86,3,0,0,0,3,16,7.00,.,.,.
2012,RIS,S,RIS_S,RIS_S_2012,RIS_S_2012,7,4,5,4,5,1.41421,16,38,3,16,38,16,0,0,0,63,7.25,.,.,.
2012,RIS,S,RIS_S,RIS_S_2012,RIS_S_2012,4,5,5,5,4.75,0.50000,16,63,3,3,16,16,3,0,0,63,6.75,.,.,.
2012,RIS,S,RIS_S,RIS_S_2012,RIS_S_2012,5,4,4,5,4.5,0.57735,38,3,16,16,38,16,0,0,0,63,3.00,.,.,.
2012,RIS,S,RIS_S,RIS_S_2012,RIS_S_2012,4,3,5,5,4.25,0.95743,16,63,0,16,16,16,0,0,0,86,21.00,.,.,.
2012,RIS,S,RIS_S,RIS_S_2012,RIS_S_2012,5,4,4,3,4,0.81650,38,38,3,3,16,3,3,0,0,86,14.00,.,.,.
2012,RIS,S,RIS_S,RIS_S_2012,RIS_S_2012,4,4,4,4,4,0.00000,3,63,0,3,16,16,0,0,0,86,2.25,.,.,.
2012,RIS,S,RIS_S,RIS_S_2012,RIS_S_2012,4,5,4,3,4,0.81650,38,38,3,3,16,16,0,0,0,63,4.25,.,.,.
2012,RIS,S,RIS_S,RIS_S_2012,RIS_S_2012,3,8,2,2,3.75,2.87228,0,63,3,16,16,16,0,0,0,63,4.00,.,.,.
2012,RIS,S,RIS_S,RIS_S_2012,RIS_S_2012,4,4,3,4,3.75,0.50000,16,63,16,38,0,16,0,0,0,86,8.25,.,.,.
2012,RIS,S,RIS_S,RIS_S_2012,RIS_S_2012,4,4,4,3,3.75,0.50000,3,63,38,38,0,16,3,0,0,63,9.00,.,.,.
2012,RIS,S,RIS_S,RIS_S_2012,RIS_S_2012,4,3,5,3,3.75,0.95743,63,3,3,16,16,3,0,0,0,86,10.75,.,.,.
2012,RIS,S,RIS_S,RIS_S_2012,RIS_S_2012,3,4,4,4,3.75,0.50000,86,3,3,3,3,3,0,0,0,63,4.50,.,.,.
2012,RIS,S,RIS_S,RIS_S_2012,RIS_S_2012,3,2,4,5,3.5,1.29099,38,16,3,16,16,3,0,0,0,63,3.50,.,.,.
2012,RIS,S,RIS_S,RIS_S_2012,RIS_S_2012,4,3,3,4,3.5,0.57735,63,16,3,3,16,16,0,0,0,86,5.00,.,.,.
2012,RIS,S,RIS_S,RIS_S_2012,RIS_S_2012,3,3,3,4,3.25,0.50000,38,38,0,3,38,3,0,0,0,63,5.00,.,.,.
2012,RIS,S,RIS_S,RIS_S_2012,RIS_S_2012,2,2,6,3,3.25,1.89297,38,38,16,38,16,16,3,0,63,63,9.75,.,.,.
2012,RIS,S,RIS_S,RIS_S_2012,RIS_S_2012,2,3,4,4,3.25,0.95743,63,16,3,3,16,3,0,0,0,63,1.50,.,.,.
2012,RIS,S,RIS_S,RIS_S_2012,RIS_S_2012,2,5,3,2,3,1.41421,86,0,16,16,16,0,0,0,3,86,6.50,.,.,.
2012,RIS,S,RIS_S,RIS_S_2012,RIS_S_2012,7,1,1,2,2.75,2.87228,3,63,3,3,3,38,0,0,3,63,2.00,.,.,.
2012,RIS,S,RIS_S,RIS_S_2012,RIS_S_2012,3,2,4,2,2.75,0.95743,63,3,3,3,3,16,0,0,16,63,2.00,.,.,.
2012,RIS,S,RIS_S,RIS_S_2012,RIS_S_2012,1,2,4,3,2.5,1.29099,0,63,0,16,38,3,0,0,0,63,1.75,.,.,.
2012,RIS,S,RIS_S,RIS_S_2012,RIS_S_2012,4,2,2,2,2.5,1.00000,63,3,3,3,1,16,0,0,0,63,3.00,.,.,.
2012,RIS,S,RIS_S,RIS_S_2012,RIS_S_2012,2,3,2,2,2.25,0.50000,16,86,3,16,3,3,0,0,0,63,3.75,.,.,.
2012,RIS,S,RIS_S,RIS_S_2012,RIS_S_2012,2,1,3,2,2,0.81650,63,3,3,3,3,16,0,0,3,63,3.00,.,.,.
2012,RIS,S,RIS_S,RIS_S_2012,RIS_S_2012,2,1,3,2,2,0.81650,63,3,3,3,3,16,0,0,0,63,3.25,.,.,.
2012,RIS,S,RIS_S,RIS_S_2012,RIS_S_2012,2,2,1,1,1.5,0.57735,3,63,3,16,3,16,0,0,3,63,1.75,.,.,.
2012,RIS,S,RIS_S,RIS_S_2012,RIS_S_2012,1,1,2,1,1.25,0.50000,3,16,0,3,3,38,0,0,0,38,0.25,.,.,.
2012,RIS,S,RIS_S,RIS_S_2012,RIS_S_2012,1,1,1,2,1.25,0.50000,3,3,3,16,3,16,0,0,3,63,2.25,.,.,.
2012,STE,N,STE_N,STE_N_2012,STE_N_2012,8,7,6,9,7.5,1.29099,0,98,0,0,63,38,0,0,16,63,3.00,.,.,.
2012,STE,N,STE_N,STE_N_2012,STE_N_2012,10,3,5,6,6,2.94392,38,63,3,3,38,38,0,0,16,63,3.50,.,.,.
2012,STE,N,STE_N,STE_N_2012,STE_N_2012,1,5,6,7,4.75,2.62996,0,98,0,0,63,0,0,0,38,38,0.75,.,.,.
2012,STE,N,STE_N,STE_N_2012,STE_N_2012,4,5,4,6,4.75,0.95743,0,86,3,3,38,0,0,0,63,16,0.50,.,.,.
2012,STE,N,STE_N,STE_N_2012,STE_N_2012,7,7,4,1,4.75,2.87228,3,86,0,0,63,0,0,0,38,38,0.25,.,.,.
2012,STE,N,STE_N,STE_N_2012,STE_N_2012,3,7,4,5,4.75,1.70783,3,63,0,16,38,16,0,0,3,86,3.50,.,.,.
2012,STE,N,STE_N,STE_N_2012,STE_N_2012,3,8,5,2,4.5,2.64575,38,63,0,16,38,0,0,0,38,38,1.00,.,.,.
2012,STE,N,STE_N,STE_N_2012,STE_N_2012,7,5,5,1,4.5,2.51661,3,63,16,16,63,38,0,0,63,16,0.75,.,.,.
2012,STE,N,STE_N,STE_N_2012,STE_N_2012,4,5,4,4,4.25,0.50000,0,86,38,38,38,16,0,0,63,38,0.50,.,.,.
2012,STE,N,STE_N,STE_N_2012,STE_N_2012,5,3,5,4,4.25,0.95743,0,86,0,0,3,38,0,0,16,63,1.75,.,.,.
2012,STE,N,STE_N,STE_N_2012,STE_N_2012,3,3,3,5,3.5,1.00000,0,86,0,0,3,38,0,0,63,16,2.75,.,.,.
2012,STE,N,STE_N,STE_N_2012,STE_N_2012,3,3,4,4,3.5,0.57735,0,86,16,16,1,16,0,0,38,63,2.50,.,.,.
2012,STE,N,STE_N,STE_N_2012,STE_N_2012,2,5,4,2,3.25,1.50000,0,86,0,38,63,3,0,0,63,63,0.75,.,.,.
2012,STE,N,STE_N,STE_N_2012,STE_N_2012,3,3,3,2,2.75,0.50000,3,16,38,38,63,0,0,0,86,16,0.00,.,.,.
2012,STE,N,STE_N,STE_N_2012,STE_N_2012,3,4,2,2,2.75,0.95743,0,86,16,16,38,16,0,0,38,38,0.25,.,.,.
2012,STE,N,STE_N,STE_N_2012,STE_N_2012,5,3,1,1,2.5,1.91485,0,86,16,16,63,16,0,0,63,16,0.00,.,.,.
2012,STE,N,STE_N,STE_N_2012,STE_N_2012,1,2,3,4,2.5,1.29099,38,63,0,0,16,38,0,0,63,38,1.25,.,.,.
2012,STE,N,STE_N,STE_N_2012,STE_N_2012,2,3,2,3,2.5,0.57735,16,86,3,3,3,38,0,0,38,63,3.75,.,.,.
2012,STE,N,STE_N,STE_N_2012,STE_N_2012,3,1,1,4,2.25,1.50000,0,86,0,0,38,38,0,0,63,16,0.00,.,.,.
2012,STE,N,STE_N,STE_N_2012,STE_N_2012,2,3,1,3,2.25,0.95743,0,63,38,63,16,16,0,0,86,16,1.50,.,.,.
2012,STE,N,STE_N,STE_N_2012,STE_N_2012,4,3,2,0,2.25,1.70783,0,86,0,0,0,63,0,0,16,63,3.75,.,.,.
2012,STE,N,STE_N,STE_N_2012,STE_N_2012,1,2,5,1,2.25,1.89297,38,86,0,0,3,3,0,0,3,86,3.50,.,.,.
2012,STE,N,STE_N,STE_N_2012,STE_N_2012,1,1,3,3,2,1.15470,0,63,38,38,38,16,0,0,16,63,0.25,.,.,.
2012,STE,N,STE_N,STE_N_2012,STE_N_2012,2,1,2,3,2,0.81650,16,63,0,16,63,16,0,0,38,38,1.00,.,.,.
2012,STE,N,STE_N,STE_N_2012,STE_N_2012,3,1,1,2,1.75,0.95743,38,3,0,0,63,16,0,0,86,3,1.00,.,.,.
2012,STE,N,STE_N,STE_N_2012,STE_N_2012,2,1,0,3,1.5,1.29099,0,86,0,38,38,38,0,0,16,63,2.00,.,.,.
2012,STE,N,STE_N,STE_N_2012,STE_N_2012,1,1,1,2,1.25,0.50000,3,86,0,0,3,38,0,0,16,38,1.00,.,.,.
2012,STE,N,STE_N,STE_N_2012,STE_N_2012,2,1,1,1,1.25,0.50000,0,63,38,38,38,38,0,0,3,86,4.00,.,.,.
2012,STE,N,STE_N,STE_N_2012,STE_N_2012,0,1,1,1,0.75,0.50000,38,38,16,16,38,16,0,0,63,16,1.00,.,.,.
2012,STE,N,STE_N,STE_N_2012,STE_N_2012,0,1,1,0,0.5,0.57735,63,38,0,0,63,16,0,0,86,3,0.25,.,.,.
2012,STE,S,STE_S,STE_S_2012,STE_S_2012,11,6,11,11,9.75,2.50000,98,0,0,0,3,0,0,0,16,63,1.50,.,.,.
2012,STE,S,STE_S,STE_S_2012,STE_S_2012,7,10,7,7,7.75,1.50000,3,16,0,0,63,0,38,0,86,16,2.50,.,.,.
2012,STE,S,STE_S,STE_S_2012,STE_S_2012,7,6,8,7,7,0.81650,0,38,0,0,63,63,0,0,3,86,4.50,.,.,.
2012,STE,S,STE_S,STE_S_2012,STE_S_2012,6,5,8,6,6.25,1.25831,0,63,0,38,63,0,0,0,63,63,0.50,.,.,.
2012,STE,S,STE_S,STE_S_2012,STE_S_2012,5,5,7,6,5.75,0.95743,0,38,0,63,63,0,0,0,63,38,2.25,.,.,.
2012,STE,S,STE_S,STE_S_2012,STE_S_2012,6,5,5,5,5.25,0.50000,0,63,0,38,63,16,0,0,63,16,0.25,.,.,.
2012,STE,S,STE_S,STE_S_2012,STE_S_2012,5,2,7,5,4.75,2.06155,0,63,0,38,16,38,0,0,38,38,1.00,.,.,.
2012,STE,S,STE_S,STE_S_2012,STE_S_2012,3,7,5,3,4.5,1.91485,0,98,0,0,38,16,0,0,38,63,2.00,.,.,.
2012,STE,S,STE_S,STE_S_2012,STE_S_2012,4,5,2,7,4.5,2.08167,3,63,0,38,38,0,0,0,38,38,2.25,.,.,.
2012,STE,S,STE_S,STE_S_2012,STE_S_2012,4,2,5,6,4.25,1.70783,38,38,3,16,38,63,0,0,38,38,2.75,.,.,.
2012,STE,S,STE_S,STE_S_2012,STE_S_2012,2,4,5,6,4.25,1.70783,0,63,0,38,63,38,0,0,38,63,1.50,.,.,.
2012,STE,S,STE_S,STE_S_2012,STE_S_2012,5,5,3,4,4.25,0.95743,63,38,0,0,16,3,0,0,86,38,0.75,.,.,.
2012,STE,S,STE_S,STE_S_2012,STE_S_2012,5,4,4,3,4,0.81650,16,38,16,38,38,38,0,0,63,38,1.50,.,.,.
2012,STE,S,STE_S,STE_S_2012,STE_S_2012,5,4,5,2,4,1.41421,0,86,0,16,63,38,3,0,38,16,1.50,.,.,.
2012,STE,S,STE_S,STE_S_2012,STE_S_2012,6,3,3,4,4,1.41421,38,63,3,3,63,3,0,0,63,38,0.25,.,.,.
2012,STE,S,STE_S,STE_S_2012,STE_S_2012,1,3,9,1,3.5,3.78594,0,63,0,38,16,38,0,0,38,38,1.25,.,.,.
2012,STE,S,STE_S,STE_S_2012,STE_S_2012,3,5,1,1,2.5,1.91485,3,38,0,3,38,38,0,0,86,16,0.50,.,.,.
2012,STE,S,STE_S,STE_S_2012,STE_S_2012,3,3,1,2,2.25,0.95743,38,63,0,3,38,16,0,0,38,38,1.75,.,.,.
2012,STE,S,STE_S,STE_S_2012,STE_S_2012,2,3,0,4,2.25,1.70783,16,38,16,16,38,16,0,0,38,63,1.25,.,.,.
2012,STE,S,STE_S,STE_S_2012,STE_S_2012,5,2,1,1,2.25,1.89297,3,63,3,16,38,16,0,0,63,38,2.00,.,.,.
2012,STE,S,STE_S,STE_S_2012,STE_S_2012,3,4,1,1,2.25,1.50000,3,63,3,3,38,38,0,0,63,3,0.75,.,.,.
2012,STE,S,STE_S,STE_S_2012,STE_S_2012,0,1,6,1,2,2.70801,3,63,38,38,63,38,0,0,63,38,2.25,.,.,.
2012,STE,S,STE_S,STE_S_2012,STE_S_2012,2,2,2,2,2,0.00000,38,38,0,0,3,86,0,0,63,38,2.25,.,.,.
2012,STE,S,STE_S,STE_S_2012,STE_S_2012,1,1,4,1,1.75,1.50000,16,63,0,3,16,16,0,0,63,16,0.25,.,.,.
2012,STE,S,STE_S,STE_S_2012,STE_S_2012,3,1,1,2,1.75,0.95743,38,63,0,3,38,38,0,0,63,16,0.75,.,.,.
2012,STE,S,STE_S,STE_S_2012,STE_S_2012,2,2,1,1,1.5,0.57735,38,16,16,16,38,16,0,0,86,3,0.00,.,.,.
2012,STE,S,STE_S,STE_S_2012,STE_S_2012,1,1,1,2,1.25,0.50000,16,38,16,38,38,16,0,0,63,38,2.25,.,.,.
2012,STE,S,STE_S,STE_S_2012,STE_S_2012,2,1,1,1,1.25,0.50000,16,63,0,0,63,16,0,0,38,63,2.25,.,.,.
2012,STE,S,STE_S,STE_S_2012,STE_S_2012,1,1,1,1,1,0.00000,3,63,0,0,16,16,0,0,63,38,1.00,.,.,.
2012,STE,S,STE_S,STE_S_2012,STE_S_2012,1,1,1,1,1,0.00000,0,38,63,63,16,16,0,0,63,38,2.00,.,.,.
2012,STE,W,STE_W,STE_W_2012,STE_W_2012,8,9,9,9,8.75,0.50000,16,63,0,0,63,0,0,0,63,38,1.75,.,.,.
2012,STE,W,STE_W,STE_W_2012,STE_W_2012,8,6,7,7,7,0.81650,0,63,16,38,63,16,0,0,86,16,0.25,.,.,.
2012,STE,W,STE_W,STE_W_2012,STE_W_2012,5,7,7,5,6,1.15470,0,86,0,0,38,16,0,0,38,38,2.00,.,.,.
2012,STE,W,STE_W,STE_W_2012,STE_W_2012,5,3,7,7,5.5,1.91485,0,86,0,0,16,63,0,0,16,63,3.50,.,.,.
2012,STE,W,STE_W,STE_W_2012,STE_W_2012,4,7,7,3,5.25,2.06155,16,86,0,0,3,16,3,0,63,38,1.25,.,.,.
2012,STE,W,STE_W,STE_W_2012,STE_W_2012,5,3,7,3,4.5,1.91485,16,63,0,16,63,38,0,0,38,63,2.50,.,.,.
2012,STE,W,STE_W,STE_W_2012,STE_W_2012,3,6,4,3,4,1.41421,0,63,0,0,63,38,0,0,63,38,1.50,.,.,.
2012,STE,W,STE_W,STE_W_2012,STE_W_2012,4,4,3,3,3.5,0.57735,3,98,3,16,38,16,0,0,63,38,1.00,.,.,.
2012,STE,W,STE_W,STE_W_2012,STE_W_2012,3,4,3,3,3.25,0.50000,0,86,0,0,63,0,0,0,86,16,0.25,.,.,.
2012,STE,W,STE_W,STE_W_2012,STE_W_2012,2,4,3,4,3.25,0.95743,0,86,0,3,16,3,0,0,63,16,0.50,.,.,.
2012,STE,W,STE_W,STE_W_2012,STE_W_2012,3,2,3,3,2.75,0.50000,3,63,0,0,38,3,0,0,86,3,0.00,.,.,.
2012,STE,W,STE_W,STE_W_2012,STE_W_2012,5,1,2,2,2.5,1.73205,3,38,0,0,38,0,0,0,86,16,1.25,.,.,.
2012,STE,W,STE_W,STE_W_2012,STE_W_2012,2,5,2,1,2.5,1.73205,0,86,0,0,16,16,0,0,63,38,0.50,.,.,.
2012,STE,W,STE_W,STE_W_2012,STE_W_2012,1,5,2,2,2.5,1.73205,0,86,3,16,3,16,0,0,63,16,0.25,.,.,.
2012,STE,W,STE_W,STE_W_2012,STE_W_2012,1,5,3,1,2.5,1.91485,0,98,0,0,38,1,0,0,38,38,1.75,.,.,.
2012,STE,W,STE_W,STE_W_2012,STE_W_2012,2,1,3,4,2.5,1.29099,0,86,0,0,3,16,0,0,63,16,1.25,.,.,.
2012,STE,W,STE_W,STE_W_2012,STE_W_2012,3,4,1,1,2.25,1.50000,0,38,0,0,63,16,0,0,86,3,0.00,.,.,.
2012,STE,W,STE_W,STE_W_2012,STE_W_2012,3,2,1,2,2,0.81650,0,63,0,3,38,38,0,0,16,86,1.25,.,.,.
2012,STE,W,STE_W,STE_W_2012,STE_W_2012,2,2,2,2,2,0.00000,0,16,3,16,38,16,0,0,98,3,0.00,.,.,.
2012,STE,W,STE_W,STE_W_2012,STE_W_2012,1,4,1,2,2,1.41421,0,98,0,3,16,3,0,0,16,38,0.75,.,.,.
2012,STE,W,STE_W,STE_W_2012,STE_W_2012,1,3,1,3,2,1.15470,3,86,0,16,63,0,0,0,63,3,0.50,.,.,.
2012,STE,W,STE_W,STE_W_2012,STE_W_2012,3,1,1,1,1.5,1.00000,0,63,0,1,38,16,0,0,86,16,0.25,.,.,.
2012,STE,W,STE_W,STE_W_2012,STE_W_2012,1,1,1,3,1.5,1.00000,3,63,0,16,38,16,0,0,63,38,1.50,.,.,.
2012,STE,W,STE_W,STE_W_2012,STE_W_2012,2,1,1,1,1.25,0.50000,86,3,3,16,3,3,0,0,86,3,0.00,.,.,.
2012,STE,W,STE_W,STE_W_2012,STE_W_2012,1,2,1,1,1.25,0.50000,38,16,16,16,63,38,0,0,86,1,0.00,.,.,.
2012,STE,W,STE_W,STE_W_2012,STE_W_2012,1,1,2,1,1.25,0.50000,0,86,16,16,63,16,0,0,63,16,1.00,.,.,.
2012,STE,W,STE_W,STE_W_2012,STE_W_2012,1,1,2,1,1.25,0.50000,63,16,0,0,16,16,0,0,86,38,0.25,.,.,.
2012,STE,W,STE_W,STE_W_2012,STE_W_2012,1,1,1,1,1,0.00000,0,63,0,0,16,38,0,0,63,38,2.00,.,.,.
2012,STE,W,STE_W,STE_W_2012,STE_W_2012,1,1,1,1,1,0.00000,63,38,16,16,38,38,0,0,63,38,0.50,.,.,.
2012,STE,W,STE_W,STE_W_2012,STE_W_2012,1,1,1,1,1,0.00000,63,16,0,0,63,3,0,0,63,38,0.25,.,.,.
2011,GIL,C,GIL_C,GIL_C_2011,GIL_C_2011,9,12,11,12,11,1.41421,0,16,0,63,86,0,63,0,63,38,.,.,.,.
2011,GIL,C,GIL_C,GIL_C_2011,GIL_C_2011,9,10,8,9,9,0.81650,3,38,0,63,86,16,0,0,38,38,.,.,.,.
2011,GIL,C,GIL_C,GIL_C_2011,GIL_C_2011,8,10,8,6,8,1.63299,16,38,16,63,86,16,38,0,38,63,.,.,.,.
2011,GIL,C,GIL_C,GIL_C_2011,GIL_C_2011,8,9,8,6,7.75,1.25831,0,63,16,86,86,63,0,0,16,86,.,.,.,.
2011,GIL,C,GIL_C,GIL_C_2011,GIL_C_2011,12,5,6,7,7.5,3.10913,0,86,0,86,63,0,0,0,38,63,.,.,.,.
2011,GIL,C,GIL_C,GIL_C_2011,GIL_C_2011,7,7,8,7,7.25,0.50000,0,16,86,63,86,3,63,0,38,16,.,.,.,.
2011,GIL,C,GIL_C,GIL_C_2011,GIL_C_2011,9,6,8,5,7,1.82574,16,38,0,63,86,16,0,0,38,63,.,.,.,.
2011,GIL,C,GIL_C,GIL_C_2011,GIL_C_2011,5,7,7,8,6.75,1.25831,0,86,0,86,63,38,0,0,1,63,.,.,.,.
2011,GIL,C,GIL_C,GIL_C_2011,GIL_C_2011,3,4,5,15,6.75,5.56028,0,86,0,86,63,16,3,0,3,38,.,.,.,.
2011,GIL,C,GIL_C,GIL_C_2011,GIL_C_2011,8,8,6,5,6.75,1.50000,0,16,86,86,86,0,0,0,38,16,.,.,.,.
2011,GIL,C,GIL_C,GIL_C_2011,GIL_C_2011,15,5,3,3,6.5,5.74456,3,86,3,86,63,38,0,0,38,38,.,.,.,.
2011,GIL,C,GIL_C,GIL_C_2011,GIL_C_2011,8,5,7,6,6.5,1.29099,0,63,0,63,86,38,0,0,38,63,.,.,.,.
2011,GIL,C,GIL_C,GIL_C_2011,GIL_C_2011,7,9,9,0,6.25,4.27200,3,38,63,63,86,16,0,0,38,63,.,.,.,.
2011,GIL,C,GIL_C,GIL_C_2011,GIL_C_2011,2,9,2,12,6.25,5.05800,3,16,0,16,63,38,0,0,86,1,.,.,.,.
2011,GIL,C,GIL_C,GIL_C_2011,GIL_C_2011,7,8,6,3,6,2.16025,0,16,63,63,86,38,0,0,38,86,.,.,.,.
2011,GIL,C,GIL_C,GIL_C_2011,GIL_C_2011,7,7,4,5,5.75,1.50000,0,86,0,86,86,0,0,0,3,38,.,.,.,.
2011,GIL,C,GIL_C,GIL_C_2011,GIL_C_2011,7,7,3,5,5.5,1.91485,0,63,16,86,63,38,0,0,16,63,.,.,.,.
2011,GIL,C,GIL_C,GIL_C_2011,GIL_C_2011,5,4,6,5,5,0.81650,16,16,86,86,86,63,0,0,63,38,.,.,.,.
2011,GIL,C,GIL_C,GIL_C_2011,GIL_C_2011,3,3,7,6,4.75,2.06155,0,86,0,86,63,38,0,0,1,63,.,.,.,.
2011,GIL,C,GIL_C,GIL_C_2011,GIL_C_2011,4,5,3,6,4.5,1.29099,0,63,0,63,86,63,0,0,63,38,.,.,.,.
2011,GIL,C,GIL_C,GIL_C_2011,GIL_C_2011,4,3,5,5,4.25,0.95743,3,86,3,86,63,16,0,0,3,86,.,.,.,.
2011,GIL,C,GIL_C,GIL_C_2011,GIL_C_2011,5,5,3,4,4.25,0.95743,3,63,38,86,63,38,0,0,38,63,.,.,.,.
2011,GIL,C,GIL_C,GIL_C_2011,GIL_C_2011,3,4,5,4,4,0.81650,0,38,86,86,63,0,0,0,16,63,.,.,.,.
2011,GIL,C,GIL_C,GIL_C_2011,GIL_C_2011,5,2,2,6,3.75,2.06155,0,63,16,86,63,38,38,0,16,86,.,.,.,.
2011,GIL,C,GIL_C,GIL_C_2011,GIL_C_2011,4,4,2,5,3.75,1.25831,16,3,0,38,86,16,0,0,63,38,.,.,.,.
2011,GIL,C,GIL_C,GIL_C_2011,GIL_C_2011,2,4,4,1,2.75,1.50000,38,38,16,63,63,38,0,0,86,16,.,.,.,.
2011,GIL,C,GIL_C,GIL_C_2011,GIL_C_2011,3,2,2,4,2.75,0.95743,3,38,0,38,86,63,0,0,86,16,.,.,.,.
2011,GIL,C,GIL_C,GIL_C_2011,GIL_C_2011,2,2,2,2,2,0.00000,0,86,0,86,63,3,0,0,38,63,.,.,.,.
2011,GIL,C,GIL_C,GIL_C_2011,GIL_C_2011,2,2,2,2,2,0.00000,16,38,0,38,86,16,0,0,86,16,.,.,.,.
2011,GIL,N,GIL_N,GIL_N_2011,GIL_N_2011,20,20,20,20,20,0.00000,0,63,0,98,38,0,0,0,38,16,.,.,.,.
2011,GIL,N,GIL_N,GIL_N_2011,GIL_N_2011,8,12,7,8,8.75,2.21736,0,16,86,63,86,16,38,0,38,63,.,.,.,.
2011,GIL,N,GIL_N,GIL_N_2011,GIL_N_2011,7,9,8,8,8,0.81650,0,86,3,86,63,0,0,0,3,63,.,.,.,.
2011,GIL,N,GIL_N,GIL_N_2011,GIL_N_2011,7,8,10,6,7.75,1.70783,3,63,16,86,63,0,3,0,3,63,.,.,.,.
2011,GIL,N,GIL_N,GIL_N_2011,GIL_N_2011,8,9,10,3,7.5,3.10913,16,63,0,86,63,0,38,0,63,63,.,.,.,.
2011,GIL,N,GIL_N,GIL_N_2011,GIL_N_2011,4,5,8,9,6.5,2.38048,1,63,63,86,38,0,0,0,16,16,.,.,.,.
2011,GIL,N,GIL_N,GIL_N_2011,GIL_N_2011,5,5,7,8,6.25,1.50000,0,63,0,86,63,3,16,0,3,86,.,.,.,.
2011,GIL,N,GIL_N,GIL_N_2011,GIL_N_2011,4,6,6,7,5.75,1.25831,0,63,0,63,86,63,0,0,3,86,.,.,.,.
2011,GIL,N,GIL_N,GIL_N_2011,GIL_N_2011,7,5,4,6,5.5,1.29099,0,86,0,86,63,0,0,0,16,86,.,.,.,.
2011,GIL,N,GIL_N,GIL_N_2011,GIL_N_2011,3,5,7,6,5.25,1.70783,16,63,0,86,86,0,63,0,38,63,.,.,.,.
2011,GIL,N,GIL_N,GIL_N_2011,GIL_N_2011,5,5,5,5,5,0.00000,16,63,0,86,63,38,0,0,16,63,.,.,.,.
2011,GIL,N,GIL_N,GIL_N_2011,GIL_N_2011,6,5,5,4,5,0.81650,3,86,16,86,63,0,0,0,16,63,.,.,.,.
2011,GIL,N,GIL_N,GIL_N_2011,GIL_N_2011,3,4,6,6,4.75,1.50000,16,38,16,63,86,38,63,0,38,63,.,.,.,.
2011,GIL,N,GIL_N,GIL_N_2011,GIL_N_2011,5,4,5,5,4.75,0.50000,0,86,0,98,38,16,0,0,1,38,.,.,.,.
2011,GIL,N,GIL_N,GIL_N_2011,GIL_N_2011,3,5,4,6,4.5,1.29099,0,86,16,98,38,0,0,0,16,86,.,.,.,.
2011,GIL,N,GIL_N,GIL_N_2011,GIL_N_2011,2,6,4,5,4.25,1.70783,1,63,16,86,63,38,0,0,16,63,.,.,.,.
2011,GIL,N,GIL_N,GIL_N_2011,GIL_N_2011,3,3,3,5,3.5,1.00000,3,98,0,98,38,38,0,0,3,38,.,.,.,.
2011,GIL,N,GIL_N,GIL_N_2011,GIL_N_2011,3,3,4,4,3.5,0.57735,0,1,98,63,86,38,0,0,38,63,.,.,.,.
2011,GIL,N,GIL_N,GIL_N_2011,GIL_N_2011,3,5,2,4,3.5,1.29099,16,86,0,86,63,0,16,0,38,38,.,.,.,.
2011,GIL,N,GIL_N,GIL_N_2011,GIL_N_2011,3,3,4,3,3.25,0.50000,38,63,0,86,63,63,0,0,3,86,.,.,.,.
2011,GIL,N,GIL_N,GIL_N_2011,GIL_N_2011,3,3,2,3,2.75,0.50000,16,38,86,86,63,16,0,0,63,38,.,.,.,.
2011,GIL,N,GIL_N,GIL_N_2011,GIL_N_2011,4,2,3,2,2.75,0.95743,0,38,0,63,63,38,0,0,63,38,.,.,.,.
2011,GIL,N,GIL_N,GIL_N_2011,GIL_N_2011,2,2,5,2,2.75,1.50000,0,16,0,63,63,38,0,0,63,38,.,.,.,.
2011,GIL,N,GIL_N,GIL_N_2011,GIL_N_2011,2,3,3,2,2.5,0.57735,0,86,0,86,63,38,0,0,1,63,.,.,.,.
2011,GIL,N,GIL_N,GIL_N_2011,GIL_N_2011,2,3,2,2,2.25,0.50000,38,38,3,86,38,16,0,0,63,16,.,.,.,.
2011,GIL,N,GIL_N,GIL_N_2011,GIL_N_2011,2,3,2,2,2.25,0.50000,0,16,0,86,38,16,0,3,86,16,.,.,.,.
2011,GIL,N,GIL_N,GIL_N_2011,GIL_N_2011,2,3,2,2,2.25,0.50000,3,38,38,63,86,63,0,0,63,38,.,.,.,.
2011,GIL,N,GIL_N,GIL_N_2011,GIL_N_2011,2,2,2,2,2,0.00000,3,16,63,63,63,63,0,0,63,38,.,.,.,.
2011,GIL,N,GIL_N,GIL_N_2011,GIL_N_2011,2,2,2,2,2,0.00000,16,16,63,63,63,38,0,0,63,38,.,.,.,.
2011,GIL,S,GIL_S,GIL_S_2011,GIL_S_2011,19,12,11,14,14,3.55903,16,16,16,63,86,38,38,0,38,63,.,.,.,.
2011,GIL,S,GIL_S,GIL_S_2011,GIL_S_2011,14,11,9,14,12,2.44949,0,38,63,38,86,38,16,0,38,63,.,.,.,.
2011,GIL,S,GIL_S,GIL_S_2011,GIL_S_2011,13,12,10,9,11,1.82574,3,16,16,63,86,38,0,0,63,38,.,.,.,.
2011,GIL,S,GIL_S,GIL_S_2011,GIL_S_2011,9,11,12,11,10.75,1.25831,0,63,0,63,86,3,63,0,3,86,.,.,.,.
2011,GIL,S,GIL_S,GIL_S_2011,GIL_S_2011,7,11,10,10,9.5,1.73205,0,38,3,38,86,3,38,63,63,63,.,.,.,.
2011,GIL,S,GIL_S,GIL_S_2011,GIL_S_2011,9,10,10,9,9.5,0.57735,0,63,3,63,86,0,63,0,3,86,.,.,.,.
2011,GIL,S,GIL_S,GIL_S_2011,GIL_S_2011,10,10,6,10,9,2.00000,0,3,3,16,98,3,86,0,63,38,.,.,.,.
2011,GIL,S,GIL_S,GIL_S_2011,GIL_S_2011,9,9,8,8,8.5,0.57735,3,63,16,86,63,0,63,0,38,63,.,.,.,.
2011,GIL,S,GIL_S,GIL_S_2011,GIL_S_2011,5,11,10,7,8.25,2.75379,0,38,0,63,86,16,63,0,63,38,.,.,.,.
2011,GIL,S,GIL_S,GIL_S_2011,GIL_S_2011,7,7,7,6,6.75,0.50000,3,63,16,63,86,38,0,0,16,86,.,.,.,.
2011,GIL,S,GIL_S,GIL_S_2011,GIL_S_2011,7,7,6,3,5.75,1.89297,0,86,16,86,38,0,0,0,38,63,.,.,.,.
2011,GIL,S,GIL_S,GIL_S_2011,GIL_S_2011,7,7,3,6,5.75,1.89297,3,86,0,86,63,38,0,0,38,63,.,.,.,.
2011,GIL,S,GIL_S,GIL_S_2011,GIL_S_2011,7,6,5,5,5.75,0.95743,3,63,0,63,86,16,0,0,1,86,.,.,.,.
2011,GIL,S,GIL_S,GIL_S_2011,GIL_S_2011,7,3,7,5,5.5,1.91485,0,86,0,86,38,0,0,0,3,86,.,.,.,.
2011,GIL,S,GIL_S,GIL_S_2011,GIL_S_2011,6,3,6,7,5.5,1.73205,16,86,0,86,86,16,0,0,3,86,.,.,.,.
2011,GIL,S,GIL_S,GIL_S_2011,GIL_S_2011,4,4,3,4,3.75,0.50000,0,98,0,98,3,0,0,0,38,86,.,.,.,.
2011,GIL,S,GIL_S,GIL_S_2011,GIL_S_2011,4,3,4,3,3.5,0.57735,0,86,0,86,38,16,0,0,16,86,.,.,.,.
2011,GIL,S,GIL_S,GIL_S_2011,GIL_S_2011,3,5,3,3,3.5,1.00000,3,86,3,86,63,38,0,0,38,63,.,.,.,.
2011,GIL,S,GIL_S,GIL_S_2011,GIL_S_2011,5,2,2,4,3.25,1.50000,0,86,3,98,16,0,0,0,63,63,.,.,.,.
2011,GIL,S,GIL_S,GIL_S_2011,GIL_S_2011,3,4,3,3,3.25,0.50000,0,98,3,98,38,0,0,0,3,86,.,.,.,.
2011,GIL,S,GIL_S,GIL_S_2011,GIL_S_2011,3,3,3,4,3.25,0.50000,0,98,0,98,16,0,0,0,3,63,.,.,.,.
2011,GIL,S,GIL_S,GIL_S_2011,GIL_S_2011,3,3,4,3,3.25,0.50000,16,16,63,38,86,38,0,0,16,63,.,.,.,.
2011,GIL,S,GIL_S,GIL_S_2011,GIL_S_2011,3,2,3,5,3.25,1.25831,0,16,0,63,86,16,0,0,38,63,.,.,.,.
2011,GIL,S,GIL_S,GIL_S_2011,GIL_S_2011,3,3,3,3,3,0.00000,0,63,16,86,38,16,0,0,16,86,.,.,.,.
2011,GIL,S,GIL_S,GIL_S_2011,GIL_S_2011,4,2,3,3,3,0.81650,0,63,0,63,63,38,0,0,16,63,.,.,.,.
2011,GIL,S,GIL_S,GIL_S_2011,GIL_S_2011,2,3,3,3,2.75,0.50000,3,86,16,86,38,0,0,3,38,63,.,.,.,.
2011,GIL,S,GIL_S,GIL_S_2011,GIL_S_2011,5,2,2,2,2.75,1.50000,0,63,38,86,63,38,0,0,38,63,.,.,.,.
2011,GIL,S,GIL_S,GIL_S_2011,GIL_S_2011,3,3,2,3,2.75,0.50000,0,86,3,86,38,16,0,0,63,38,.,.,.,.
2011,GIL,S,GIL_S,GIL_S_2011,GIL_S_2011,0,11,0,0,2.75,5.50000,0,86,16,86,63,3,0,0,1,86,.,.,.,.
2011,GIL,S,GIL_S,GIL_S_2011,GIL_S_2011,2,2,3,2,2.25,0.50000,0,98,0,98,38,3,0,0,16,63,.,.,.,.
2011,KLN,C,KLN_C,KLN_C_2011,KLN_C_2011,6,5,6,6,5.75,0.50000,38,38,0,0,38,16,0,0,16,0,.,.,.,.
2011,KLN,C,KLN_C,KLN_C_2011,KLN_C_2011,7,5,5,5,5.5,1.00000,16,38,0,0,86,0,0,0,0,38,.,.,.,.
2011,KLN,C,KLN_C,KLN_C_2011,KLN_C_2011,5,4,4,4,4.25,0.50000,3,86,38,16,16,0,0,0,3,3,.,.,.,.
2011,KLN,C,KLN_C,KLN_C_2011,KLN_C_2011,3,4,4,4,3.75,0.50000,0,63,16,3,38,38,0,0,3,3,.,.,.,.
2011,KLN,C,KLN_C,KLN_C_2011,KLN_C_2011,5,2,3,4,3.5,1.29099,16,63,0,16,38,3,0,0,3,16,.,.,.,.
2011,KLN,C,KLN_C,KLN_C_2011,KLN_C_2011,5,2,4,3,3.5,1.29099,16,16,0,16,38,0,0,0,63,0,.,.,.,.
2011,KLN,C,KLN_C,KLN_C_2011,KLN_C_2011,3,4,5,2,3.5,1.29099,1,63,0,3,38,16,0,0,16,3,.,.,.,.
2011,KLN,C,KLN_C,KLN_C_2011,KLN_C_2011,3,3,3,4,3.25,0.50000,3,86,3,16,16,1,0,0,3,16,.,.,.,.
2011,KLN,C,KLN_C,KLN_C_2011,KLN_C_2011,3,3,4,2,3,0.81650,16,63,3,16,16,16,0,0,38,3,.,.,.,.
2011,KLN,C,KLN_C,KLN_C_2011,KLN_C_2011,3,3,4,2,3,0.81650,16,63,0,3,16,3,0,0,16,3,.,.,.,.
2011,KLN,C,KLN_C,KLN_C_2011,KLN_C_2011,3,3,2,3,2.75,0.50000,86,0,0,0,3,0,0,0,0,63,.,.,.,.
2011,KLN,C,KLN_C,KLN_C_2011,KLN_C_2011,3,3,2,2,2.5,0.57735,63,0,3,0,16,0,0,0,63,3,.,.,.,.
2011,KLN,C,KLN_C,KLN_C_2011,KLN_C_2011,3,2,2,3,2.5,0.57735,63,0,0,0,16,0,0,0,63,0,.,.,.,.
2011,KLN,C,KLN_C,KLN_C_2011,KLN_C_2011,2,2,1,5,2.5,1.73205,0,16,0,16,38,3,0,0,86,3,.,.,.,.
2011,KLN,C,KLN_C,KLN_C_2011,KLN_C_2011,3,2,3,2,2.5,0.57735,38,3,0,0,3,16,0,0,86,0,.,.,.,.
2011,KLN,C,KLN_C,KLN_C_2011,KLN_C_2011,2,2,2,3,2.25,0.50000,63,16,0,0,16,3,0,0,63,0,.,.,.,.
2011,KLN,C,KLN_C,KLN_C_2011,KLN_C_2011,2,2,2,2,2,0.00000,63,16,0,0,16,16,0,0,38,3,.,.,.,.
2011,KLN,C,KLN_C,KLN_C_2011,KLN_C_2011,2,2,1,3,2,0.81650,16,38,0,16,16,0,0,0,38,3,.,.,.,.
2011,KLN,C,KLN_C,KLN_C_2011,KLN_C_2011,2,2,2,2,2,0.00000,63,16,0,3,3,16,0,0,38,0,.,.,.,.
2011,KLN,C,KLN_C,KLN_C_2011,KLN_C_2011,2,2,1,2,1.75,0.50000,38,16,0,3,3,3,0,0,63,3,.,.,.,.
2011,KLN,C,KLN_C,KLN_C_2011,KLN_C_2011,2,2,2,1,1.75,0.50000,38,38,0,0,16,3,0,0,63,0,.,.,.,.
2011,KLN,C,KLN_C,KLN_C_2011,KLN_C_2011,1,2,3,1,1.75,0.95743,38,38,0,16,3,16,0,0,63,3,.,.,.,.
2011,KLN,C,KLN_C,KLN_C_2011,KLN_C_2011,1,1,2,2,1.5,0.57735,63,16,0,3,38,3,0,0,63,3,.,.,.,.
2011,KLN,C,KLN_C,KLN_C_2011,KLN_C_2011,1,1,2,2,1.5,0.57735,63,16,0,0,38,3,0,0,63,16,.,.,.,.
2011,KLN,C,KLN_C,KLN_C_2011,KLN_C_2011,1,1,2,2,1.5,0.57735,63,3,0,3,3,0,0,0,0,63,.,.,.,.
2011,KLN,C,KLN_C,KLN_C_2011,KLN_C_2011,2,2,1,1,1.5,0.57735,38,16,0,3,0,16,0,0,38,16,.,.,.,.
2011,KLN,C,KLN_C,KLN_C_2011,KLN_C_2011,1,2,1,1,1.25,0.50000,38,1,0,1,16,3,0,0,63,3,.,.,.,.
2011,KLN,C,KLN_C,KLN_C_2011,KLN_C_2011,2,1,1,1,1.25,0.50000,38,0,0,0,38,0,0,0,38,0,.,.,.,.
2011,KLN,C,KLN_C,KLN_C_2011,KLN_C_2011,2,1,1,1,1.25,0.50000,38,3,0,0,38,16,0,0,16,16,.,.,.,.
2011,KLN,C,KLN_C,KLN_C_2011,KLN_C_2011,1,1,1,1,1,0.00000,38,0,0,0,3,0,16,0,63,3,.,.,.,.
2011,KLN,C,KLN_C,KLN_C_2011,KLN_C_2011,1,1,1,1,1,0.00000,63,16,0,0,3,16,0,0,16,16,.,.,.,.
2011,KLN,E,KLN_E,KLN_E_2011,KLN_E_2011,9,8,7,8,8,0.81650,3,63,0,16,63,0,0,0,0,63,.,.,.,.
2011,KLN,E,KLN_E,KLN_E_2011,KLN_E_2011,6,7,6,6,6.25,0.50000,0,16,0,16,63,0,0,0,3,63,.,.,.,.
2011,KLN,E,KLN_E,KLN_E_2011,KLN_E_2011,6,6,7,6,6.25,0.50000,16,16,16,3,38,0,0,0,3,63,.,.,.,.
2011,KLN,E,KLN_E,KLN_E_2011,KLN_E_2011,5,4,6,9,6,2.16025,0,86,0,3,3,0,0,0,0,86,.,.,.,.
2011,KLN,E,KLN_E,KLN_E_2011,KLN_E_2011,5,7,7,4,5.75,1.50000,0,63,0,16,38,3,0,0,3,63,.,.,.,.
2011,KLN,E,KLN_E,KLN_E_2011,KLN_E_2011,5,6,6,5,5.5,0.57735,0,63,0,16,38,0,0,0,3,63,.,.,.,.
2011,KLN,E,KLN_E,KLN_E_2011,KLN_E_2011,6,8,4,4,5.5,1.91485,0,86,0,3,16,16,0,0,3,38,.,.,.,.
2011,KLN,E,KLN_E,KLN_E_2011,KLN_E_2011,6,6,6,4,5.5,1.00000,3,38,16,16,38,3,0,0,0,63,.,.,.,.
2011,KLN,E,KLN_E,KLN_E_2011,KLN_E_2011,6,6,6,4,5.5,1.00000,0,86,0,0,38,0,0,0,0,86,.,.,.,.
2011,KLN,E,KLN_E,KLN_E_2011,KLN_E_2011,4,5,6,6,5.25,0.95743,0,63,0,16,38,0,0,0,3,63,.,.,.,.
2011,KLN,E,KLN_E,KLN_E_2011,KLN_E_2011,5,6,5,5,5.25,0.50000,86,16,0,16,16,0,0,0,0,63,.,.,.,.
2011,KLN,E,KLN_E,KLN_E_2011,KLN_E_2011,6,6,7,2,5.25,2.21736,63,16,0,0,38,16,0,0,0,38,.,.,.,.
2011,KLN,E,KLN_E,KLN_E_2011,KLN_E_2011,3,5,7,6,5.25,1.70783,3,63,0,16,38,0,0,3,0,63,.,.,.,.
2011,KLN,E,KLN_E,KLN_E_2011,KLN_E_2011,4,3,5,9,5.25,2.62996,86,3,3,3,3,3,0,0,0,86,.,.,.,.
2011,KLN,E,KLN_E,KLN_E_2011,KLN_E_2011,5,5,4,5,4.75,0.50000,63,16,0,0,16,38,0,0,0,38,.,.,.,.
2011,KLN,E,KLN_E,KLN_E_2011,KLN_E_2011,4,5,6,3,4.5,1.29099,0,86,0,3,16,3,0,0,3,63,.,.,.,.
2011,KLN,E,KLN_E,KLN_E_2011,KLN_E_2011,3,2,5,8,4.5,2.64575,0,38,0,38,3,16,0,0,3,63,.,.,.,.
2011,KLN,E,KLN_E,KLN_E_2011,KLN_E_2011,5,3,6,4,4.5,1.29099,63,0,0,0,63,0,0,0,3,63,.,.,.,.
2011,KLN,E,KLN_E,KLN_E_2011,KLN_E_2011,4,6,4,4,4.5,1.00000,16,3,38,16,38,3,0,0,3,63,.,.,.,.
2011,KLN,E,KLN_E,KLN_E_2011,KLN_E_2011,6,5,2,5,4.5,1.73205,16,63,38,0,38,0,0,0,0,86,.,.,.,.
2011,KLN,E,KLN_E,KLN_E_2011,KLN_E_2011,6,3,4,5,4.5,1.29099,16,63,0,16,38,0,0,0,3,86,.,.,.,.
2011,KLN,E,KLN_E,KLN_E_2011,KLN_E_2011,4,3,5,4,4,0.81650,0,98,0,16,3,16,0,0,3,63,.,.,.,.
2011,KLN,E,KLN_E,KLN_E_2011,KLN_E_2011,5,2,5,4,4,1.41421,0,86,0,3,3,0,0,0,0,86,.,.,.,.
2011,KLN,E,KLN_E,KLN_E_2011,KLN_E_2011,3,5,5,3,4,1.15470,0,86,0,16,3,16,0,0,3,38,.,.,.,.
2011,KLN,E,KLN_E,KLN_E_2011,KLN_E_2011,4,5,3,4,4,0.81650,63,38,0,0,16,38,0,0,3,86,.,.,.,.
2011,KLN,E,KLN_E,KLN_E_2011,KLN_E_2011,3,4,3,6,4,1.41421,38,63,0,3,16,0,0,0,3,86,.,.,.,.
2011,KLN,E,KLN_E,KLN_E_2011,KLN_E_2011,4,3,5,4,4,0.81650,86,16,0,0,3,3,0,0,0,63,.,.,.,.
2011,KLN,E,KLN_E,KLN_E_2011,KLN_E_2011,4,5,3,3,3.75,0.95743,3,86,16,0,16,0,0,0,3,86,.,.,.,.
2011,KLN,E,KLN_E,KLN_E_2011,KLN_E_2011,4,4,4,3,3.75,0.50000,38,38,0,16,16,0,0,0,0,63,.,.,.,.
2011,KLN,E,KLN_E,KLN_E_2011,KLN_E_2011,2,3,5,5,3.75,1.50000,0,86,38,16,3,0,0,0,3,86,.,.,.,.
2011,KLN,E,KLN_E,KLN_E_2011,KLN_E_2011,2,3,4,5,3.5,1.29099,0,38,38,38,0,16,0,0,3,63,.,.,.,.
2011,KLN,E,KLN_E,KLN_E_2011,KLN_E_2011,3,3,4,4,3.5,0.57735,0,38,0,16,38,16,0,0,16,16,.,.,.,.
2011,KLN,E,KLN_E,KLN_E_2011,KLN_E_2011,5,2,3,4,3.5,1.29099,38,16,0,0,63,3,0,0,16,38,.,.,.,.
2011,KLN,E,KLN_E,KLN_E_2011,KLN_E_2011,4,4,2,4,3.5,1.00000,86,0,3,0,16,3,0,0,3,63,.,.,.,.
2011,KLN,E,KLN_E,KLN_E_2011,KLN_E_2011,3,2,7,2,3.5,2.38048,0,38,3,0,38,38,0,0,16,38,.,.,.,.
2011,KLN,E,KLN_E,KLN_E_2011,KLN_E_2011,3,2,3,4,3,0.81650,0,38,3,16,16,0,0,0,3,63,.,.,.,.
2011,KLN,E,KLN_E,KLN_E_2011,KLN_E_2011,3,3,4,2,3,0.81650,38,16,0,3,16,3,0,0,3,38,.,.,.,.
2011,KLN,E,KLN_E,KLN_E_2011,KLN_E_2011,3,2,2,5,3,1.41421,86,16,0,16,16,0,0,0,3,86,.,.,.,.
2011,KLN,E,KLN_E,KLN_E_2011,KLN_E_2011,2,2,3,3,2.5,0.57735,16,63,0,3,3,16,0,0,16,16,.,.,.,.
2011,KLN,E,KLN_E,KLN_E_2011,KLN_E_2011,2,3,1,2,2,0.81650,0,38,38,3,0,16,0,0,38,38,.,.,.,.
2011,KLN,E,KLN_E,KLN_E_2011,KLN_E_2011,2,2,2,2,2,0.00000,38,0,3,3,38,16,0,0,38,16,.,.,.,.
2011,KLN,E,KLN_E,KLN_E_2011,KLN_E_2011,2,2,2,1,1.75,0.50000,16,3,0,0,3,3,0,0,63,3,.,.,.,.
2011,KLN,E,KLN_E,KLN_E_2011,KLN_E_2011,1,1,1,1,1,0.00000,16,0,0,0,16,38,0,0,63,3,.,.,.,.
2011,KLN,W,KLN_W,KLN_W_2011,KLN_W_2011,7,5,7,6,6.25,0.95743,86,3,0,0,3,0,0,0,0,63,.,.,.,.
2011,KLN,W,KLN_W,KLN_W_2011,KLN_W_2011,5,6,7,7,6.25,0.95743,86,3,0,0,16,0,0,0,3,63,.,.,.,.
2011,KLN,W,KLN_W,KLN_W_2011,KLN_W_2011,5,5,5,7,5.5,1.00000,86,0,0,0,16,0,0,0,0,63,.,.,.,.
2011,KLN,W,KLN_W,KLN_W_2011,KLN_W_2011,4,4,6,5,4.75,0.95743,38,16,0,16,63,0,0,0,3,63,.,.,.,.
2011,KLN,W,KLN_W,KLN_W_2011,KLN_W_2011,4,4,4,6,4.5,1.00000,0,86,0,38,38,0,0,0,0,86,.,.,.,.
2011,KLN,W,KLN_W,KLN_W_2011,KLN_W_2011,4,4,3,7,4.5,1.73205,86,16,0,3,16,0,0,0,1,38,.,.,.,.
2011,KLN,W,KLN_W,KLN_W_2011,KLN_W_2011,3,5,4,5,4.25,0.95743,63,16,0,3,16,38,0,0,0,86,.,.,.,.
2011,KLN,W,KLN_W,KLN_W_2011,KLN_W_2011,5,3,2,7,4.25,2.21736,86,0,0,0,3,0,0,0,0,38,.,.,.,.
2011,KLN,W,KLN_W,KLN_W_2011,KLN_W_2011,4,4,3,6,4.25,1.25831,16,63,0,3,3,0,0,0,3,63,.,.,.,.
2011,KLN,W,KLN_W,KLN_W_2011,KLN_W_2011,4,3,4,4,3.75,0.50000,3,63,0,16,3,0,0,0,3,86,.,.,.,.
2011,KLN,W,KLN_W,KLN_W_2011,KLN_W_2011,4,4,3,3,3.5,0.57735,86,3,0,0,3,0,0,0,0,63,.,.,.,.
2011,KLN,W,KLN_W,KLN_W_2011,KLN_W_2011,4,3,4,3,3.5,0.57735,0,86,0,3,3,0,0,0,0,86,.,.,.,.
2011,KLN,W,KLN_W,KLN_W_2011,KLN_W_2011,3,4,3,4,3.5,0.57735,0,63,0,16,0,0,3,0,3,86,.,.,.,.
2011,KLN,W,KLN_W,KLN_W_2011,KLN_W_2011,4,4,3,3,3.5,0.57735,38,38,0,3,0,0,0,0,0,38,.,.,.,.
2011,KLN,W,KLN_W,KLN_W_2011,KLN_W_2011,3,3,6,2,3.5,1.73205,38,38,0,3,0,0,0,0,3,38,.,.,.,.
2011,KLN,W,KLN_W,KLN_W_2011,KLN_W_2011,3,3,4,4,3.5,0.57735,63,3,0,0,3,0,0,0,3,63,.,.,.,.
2011,KLN,W,KLN_W,KLN_W_2011,KLN_W_2011,3,3,5,3,3.5,1.00000,16,16,0,0,38,0,0,0,3,86,.,.,.,.
2011,KLN,W,KLN_W,KLN_W_2011,KLN_W_2011,4,3,3,3,3.25,0.50000,0,63,0,16,38,3,0,0,0,63,.,.,.,.
2011,KLN,W,KLN_W,KLN_W_2011,KLN_W_2011,3,4,4,2,3.25,0.95743,0,86,0,3,16,0,0,0,0,86,.,.,.,.
2011,KLN,W,KLN_W,KLN_W_2011,KLN_W_2011,3,4,3,3,3.25,0.50000,86,0,0,0,3,0,0,0,0,86,.,.,.,.
2011,KLN,W,KLN_W,KLN_W_2011,KLN_W_2011,5,3,2,3,3.25,1.25831,38,38,0,3,3,0,0,0,0,63,.,.,.,.
2011,KLN,W,KLN_W,KLN_W_2011,KLN_W_2011,3,2,3,3,2.75,0.50000,63,0,0,0,3,3,0,0,0,86,.,.,.,.
2011,KLN,W,KLN_W,KLN_W_2011,KLN_W_2011,3,2,3,3,2.75,0.50000,63,16,3,3,38,16,0,0,16,63,.,.,.,.
2011,KLN,W,KLN_W,KLN_W_2011,KLN_W_2011,2,3,3,3,2.75,0.50000,38,38,0,16,38,3,0,0,3,86,.,.,.,.
2011,KLN,W,KLN_W,KLN_W_2011,KLN_W_2011,3,2,2,4,2.75,0.95743,0,63,3,16,16,3,0,0,3,86,.,.,.,.
2011,KLN,W,KLN_W,KLN_W_2011,KLN_W_2011,3,3,2,2,2.5,0.57735,0,86,0,16,16,0,0,0,0,86,.,.,.,.
2011,KLN,W,KLN_W,KLN_W_2011,KLN_W_2011,3,3,2,2,2.5,0.57735,38,16,0,3,16,0,0,0,0,86,.,.,.,.
2011,KLN,W,KLN_W,KLN_W_2011,KLN_W_2011,3,2,2,2,2.25,0.50000,0,38,0,0,38,16,0,0,0,86,.,.,.,.
2011,KLN,W,KLN_W,KLN_W_2011,KLN_W_2011,3,1,1,2,1.75,0.95743,3,38,0,38,16,16,0,0,16,38,.,.,.,.
2011,KLN,W,KLN_W,KLN_W_2011,KLN_W_2011,1,2,2,2,1.75,0.50000,3,86,0,3,3,3,0,0,0,63,.,.,.,.
2011,KLT,E,KLT_E,KLT_E_2011,KLT_E_2011,10,11,12,12,11.25,0.95743,16,0,0,3,86,0,0,0,0,86,.,.,.,.
2011,KLT,E,KLT_E,KLT_E_2011,KLT_E_2011,9,6,7,7,7.25,1.25831,0,3,0,63,16,0,63,0,0,38,.,.,.,.
2011,KLT,E,KLT_E,KLT_E_2011,KLT_E_2011,7,6,6,7,6.5,0.57735,0,3,38,38,63,0,0,0,3,63,.,.,.,.
2011,KLT,E,KLT_E,KLT_E_2011,KLT_E_2011,7,6,5,7,6.25,0.95743,16,3,0,16,63,0,0,0,3,63,.,.,.,.
2011,KLT,E,KLT_E,KLT_E_2011,KLT_E_2011,6,6,6,6,6,0.00000,16,0,0,16,63,38,0,0,3,38,.,.,.,.
2011,KLT,E,KLT_E,KLT_E_2011,KLT_E_2011,5,4,7,6,5.5,1.29099,63,0,0,3,38,38,0,0,0,63,.,.,.,.
2011,KLT,E,KLT_E,KLT_E_2011,KLT_E_2011,6,4,5,5,5,0.81650,63,0,0,0,16,0,0,0,3,63,.,.,.,.
2011,KLT,E,KLT_E,KLT_E_2011,KLT_E_2011,7,4,4,4,4.75,1.50000,63,0,0,0,38,0,0,0,0,63,.,.,.,.
2011,KLT,E,KLT_E,KLT_E_2011,KLT_E_2011,4,5,4,5,4.5,0.57735,38,3,0,16,63,0,0,0,3,63,.,.,.,.
2011,KLT,E,KLT_E,KLT_E_2011,KLT_E_2011,4,5,4,5,4.5,0.57735,86,0,0,0,0,16,0,0,0,63,.,.,.,.
2011,KLT,E,KLT_E,KLT_E_2011,KLT_E_2011,4,5,5,4,4.5,0.57735,0,0,0,38,63,0,0,0,3,63,.,.,.,.
2011,KLT,E,KLT_E,KLT_E_2011,KLT_E_2011,5,4,4,4,4.25,0.50000,38,0,0,3,63,16,0,0,3,38,.,.,.,.
2011,KLT,E,KLT_E,KLT_E_2011,KLT_E_2011,5,4,4,4,4.25,0.50000,63,3,0,3,16,0,0,0,0,63,.,.,.,.
2011,KLT,E,KLT_E,KLT_E_2011,KLT_E_2011,4,4,4,5,4.25,0.50000,38,0,0,16,16,38,0,0,3,38,.,.,.,.
2011,KLT,E,KLT_E,KLT_E_2011,KLT_E_2011,4,5,3,4,4,0.81650,63,0,0,3,16,16,0,0,16,38,.,.,.,.
2011,KLT,E,KLT_E,KLT_E_2011,KLT_E_2011,3,6,4,3,4,1.41421,16,0,0,3,16,63,0,0,3,38,.,.,.,.
2011,KLT,E,KLT_E,KLT_E_2011,KLT_E_2011,4,4,3,4,3.75,0.50000,63,0,0,0,16,16,0,0,0,86,.,.,.,.
2011,KLT,E,KLT_E,KLT_E_2011,KLT_E_2011,4,3,4,4,3.75,0.50000,63,0,0,0,16,16,0,0,0,63,.,.,.,.
2011,KLT,E,KLT_E,KLT_E_2011,KLT_E_2011,4,4,3,4,3.75,0.50000,63,0,0,0,3,16,0,0,0,63,.,.,.,.
2011,KLT,E,KLT_E,KLT_E_2011,KLT_E_2011,2,4,3,4,3.25,0.95743,38,0,0,3,38,0,0,0,0,63,.,.,.,.
2011,KLT,E,KLT_E,KLT_E_2011,KLT_E_2011,3,3,4,3,3.25,0.50000,63,3,0,0,3,3,0,0,0,63,.,.,.,.
2011,KLT,E,KLT_E,KLT_E_2011,KLT_E_2011,3,3,3,4,3.25,0.50000,0,3,0,16,63,0,0,0,16,38,.,.,.,.
2011,KLT,E,KLT_E,KLT_E_2011,KLT_E_2011,3,4,3,2,3,0.81650,3,0,0,38,38,0,0,0,0,63,.,.,.,.
2011,KLT,E,KLT_E,KLT_E_2011,KLT_E_2011,3,3,2,3,2.75,0.50000,63,0,0,16,16,16,0,0,0,63,.,.,.,.
2011,KLT,E,KLT_E,KLT_E_2011,KLT_E_2011,4,2,1,2,2.25,1.25831,0,0,0,38,0,0,0,0,16,38,.,.,.,.
2011,KLT,E,KLT_E,KLT_E_2011,KLT_E_2011,2,3,2,2,2.25,0.50000,0,0,0,16,86,0,0,0,38,16,.,.,.,.
2011,KLT,E,KLT_E,KLT_E_2011,KLT_E_2011,1,2,2,2,1.75,0.50000,16,0,0,16,38,0,0,0,3,38,.,.,.,.
2011,KLT,E,KLT_E,KLT_E_2011,KLT_E_2011,1,1,1,1,1,0.00000,0,0,16,38,63,0,0,0,3,38,.,.,.,.
2011,KLT,E,KLT_E,KLT_E_2011,KLT_E_2011,1,1,1,1,1,0.00000,0,0,0,16,38,0,0,0,38,38,.,.,.,.
2011,KLT,S,KLT_S,KLT_S_2011,KLT_S_2011,6,10,9,3,7,3.16228,16,0,3,16,63,63,16,0,0,86,.,.,.,.
2011,KLT,S,KLT_S,KLT_S_2011,KLT_S_2011,8,8,5,5,6.5,1.73205,38,0,16,38,63,0,0,0,0,63,.,.,.,.
2011,KLT,S,KLT_S,KLT_S_2011,KLT_S_2011,7,5,6,7,6.25,0.95743,38,0,16,16,63,0,0,0,0,63,.,.,.,.
2011,KLT,S,KLT_S,KLT_S_2011,KLT_S_2011,5,4,7,5,5.25,1.25831,0,0,38,63,63,0,0,0,0,38,.,.,.,.
2011,KLT,S,KLT_S,KLT_S_2011,KLT_S_2011,4,7,5,5,5.25,1.25831,38,16,0,16,38,0,0,0,0,63,.,.,.,.
2011,KLT,S,KLT_S,KLT_S_2011,KLT_S_2011,6,5,4,6,5.25,0.95743,63,0,0,16,38,16,0,0,0,63,.,.,.,.
2011,KLT,S,KLT_S,KLT_S_2011,KLT_S_2011,3,8,3,7,5.25,2.62996,0,0,0,86,16,38,3,0,0,63,.,.,.,.
2011,KLT,S,KLT_S,KLT_S_2011,KLT_S_2011,6,6,5,4,5.25,0.95743,63,0,0,0,16,0,0,0,0,63,.,.,.,.
2011,KLT,S,KLT_S,KLT_S_2011,KLT_S_2011,4,5,5,5,4.75,0.50000,86,0,0,3,3,16,0,0,0,86,.,.,.,.
2011,KLT,S,KLT_S,KLT_S_2011,KLT_S_2011,4,4,6,5,4.75,0.95743,63,0,0,3,38,0,0,0,0,63,.,.,.,.
2011,KLT,S,KLT_S,KLT_S_2011,KLT_S_2011,4,6,5,4,4.75,0.95743,63,16,0,16,38,3,0,0,0,63,.,.,.,.
2011,KLT,S,KLT_S,KLT_S_2011,KLT_S_2011,4,5,5,5,4.75,0.50000,63,0,0,3,38,0,0,0,0,86,.,.,.,.
2011,KLT,S,KLT_S,KLT_S_2011,KLT_S_2011,6,5,4,3,4.5,1.29099,86,0,0,0,16,16,0,0,3,63,.,.,.,.
2011,KLT,S,KLT_S,KLT_S_2011,KLT_S_2011,4,4,6,4,4.5,1.00000,86,0,0,3,16,0,0,0,0,86,.,.,.,.
2011,KLT,S,KLT_S,KLT_S_2011,KLT_S_2011,4,3,4,7,4.5,1.73205,0,0,38,63,38,0,0,0,0,63,.,.,.,.
2011,KLT,S,KLT_S,KLT_S_2011,KLT_S_2011,4,4,5,5,4.5,0.57735,63,0,3,3,38,0,0,0,0,63,.,.,.,.
2011,KLT,S,KLT_S,KLT_S_2011,KLT_S_2011,4,5,4,3,4,0.81650,38,3,0,38,38,0,0,0,0,63,.,.,.,.
2011,KLT,S,KLT_S,KLT_S_2011,KLT_S_2011,5,4,3,4,4,0.81650,86,0,0,3,16,0,0,0,0,63,.,.,.,.
2011,KLT,S,KLT_S,KLT_S_2011,KLT_S_2011,4,4,4,4,4,0.00000,63,0,16,16,16,0,0,0,0,86,.,.,.,.
2011,KLT,S,KLT_S,KLT_S_2011,KLT_S_2011,4,4,4,3,3.75,0.50000,63,0,0,0,38,0,0,0,0,63,.,.,.,.
2011,KLT,S,KLT_S,KLT_S_2011,KLT_S_2011,5,2,2,6,3.75,2.06155,63,0,3,38,38,0,0,0,0,63,.,.,.,.
2011,KLT,S,KLT_S,KLT_S_2011,KLT_S_2011,2,6,5,2,3.75,2.06155,63,3,0,38,16,16,0,0,0,63,.,.,.,.
2011,KLT,S,KLT_S,KLT_S_2011,KLT_S_2011,3,5,3,3,3.5,1.00000,63,0,0,16,38,16,0,0,0,63,.,.,.,.
2011,KLT,S,KLT_S,KLT_S_2011,KLT_S_2011,4,2,5,2,3.25,1.50000,0,0,16,38,63,0,0,0,38,16,.,.,.,.
2011,KLT,S,KLT_S,KLT_S_2011,KLT_S_2011,3,4,2,3,3,0.81650,16,0,0,3,38,0,0,0,3,63,.,.,.,.
2011,KLT,S,KLT_S,KLT_S_2011,KLT_S_2011,3,4,3,2,3,0.81650,16,0,0,3,63,0,0,0,16,38,.,.,.,.
2011,KLT,S,KLT_S,KLT_S_2011,KLT_S_2011,3,3,3,2,2.75,0.50000,0,0,3,63,3,0,16,0,0,63,.,.,.,.
2011,KLT,S,KLT_S,KLT_S_2011,KLT_S_2011,2,2,3,3,2.5,0.57735,38,0,0,3,16,0,0,0,0,86,.,.,.,.
2011,KLT,S,KLT_S,KLT_S_2011,KLT_S_2011,3,2,2,2,2.25,0.50000,0,3,0,63,16,0,0,0,3,63,.,.,.,.
2011,KLT,S,KLT_S,KLT_S_2011,KLT_S_2011,1,1,2,2,1.5,0.57735,38,0,0,16,16,0,0,0,3,38,.,.,.,.
2011,KLT,W,KLT_W,KLT_W_2011,KLT_W_2011,6,8,8,9,7.75,1.25831,3,0,0,3,86,0,0,0,3,16,.,.,.,.
2011,KLT,W,KLT_W,KLT_W_2011,KLT_W_2011,7,7,7,7,7,0.00000,0,16,0,16,86,0,0,0,16,38,.,.,.,.
2011,KLT,W,KLT_W,KLT_W_2011,KLT_W_2011,6,9,6,7,7,1.41421,16,0,0,1,63,0,0,0,1,86,.,.,.,.
2011,KLT,W,KLT_W,KLT_W_2011,KLT_W_2011,5,8,8,6,6.75,1.50000,3,3,0,63,38,0,16,0,3,38,.,.,.,.
2011,KLT,W,KLT_W,KLT_W_2011,KLT_W_2011,6,7,7,5,6.25,0.95743,63,0,0,3,38,16,0,0,38,3,.,.,.,.
2011,KLT,W,KLT_W,KLT_W_2011,KLT_W_2011,6,6,4,5,5.25,0.95743,63,0,3,3,16,16,0,0,38,3,.,.,.,.
2011,KLT,W,KLT_W,KLT_W_2011,KLT_W_2011,5,6,5,5,5.25,0.50000,16,16,0,3,86,16,0,0,38,16,.,.,.,.
2011,KLT,W,KLT_W,KLT_W_2011,KLT_W_2011,5,4,5,6,5,0.81650,86,0,0,16,16,3,0,0,38,3,.,.,.,.
2011,KLT,W,KLT_W,KLT_W_2011,KLT_W_2011,5,5,3,6,4.75,1.25831,38,0,0,3,63,0,0,0,3,63,.,.,.,.
2011,KLT,W,KLT_W,KLT_W_2011,KLT_W_2011,5,5,3,6,4.75,1.25831,63,0,0,3,38,16,0,0,16,3,.,.,.,.
2011,KLT,W,KLT_W,KLT_W_2011,KLT_W_2011,4,5,4,5,4.5,0.57735,63,0,0,0,38,38,0,0,16,16,.,.,.,.
2011,KLT,W,KLT_W,KLT_W_2011,KLT_W_2011,5,4,4,5,4.5,0.57735,86,0,0,3,16,0,0,0,0,86,.,.,.,.
2011,KLT,W,KLT_W,KLT_W_2011,KLT_W_2011,4,4,6,4,4.5,1.00000,38,0,0,16,38,16,0,0,3,38,.,.,.,.
2011,KLT,W,KLT_W,KLT_W_2011,KLT_W_2011,4,4,4,5,4.25,0.50000,63,0,0,0,16,0,0,0,0,63,.,.,.,.
2011,KLT,W,KLT_W,KLT_W_2011,KLT_W_2011,4,6,3,4,4.25,1.25831,63,0,3,3,63,0,0,0,3,63,.,.,.,.
2011,KLT,W,KLT_W,KLT_W_2011,KLT_W_2011,4,5,5,3,4.25,0.95743,63,0,0,3,38,0,0,0,0,63,.,.,.,.
2011,KLT,W,KLT_W,KLT_W_2011,KLT_W_2011,4,6,4,3,4.25,1.25831,16,0,0,38,38,16,0,0,63,3,.,.,.,.
2011,KLT,W,KLT_W,KLT_W_2011,KLT_W_2011,4,4,4,5,4.25,0.50000,86,0,0,0,16,16,0,0,0,63,.,.,.,.
2011,KLT,W,KLT_W,KLT_W_2011,KLT_W_2011,3,4,4,5,4,0.81650,63,0,0,3,38,0,0,0,0,63,.,.,.,.
2011,KLT,W,KLT_W,KLT_W_2011,KLT_W_2011,5,4,4,3,4,0.81650,63,0,0,0,16,16,0,0,1,63,.,.,.,.
2011,KLT,W,KLT_W,KLT_W_2011,KLT_W_2011,4,4,3,5,4,0.81650,63,0,3,3,38,16,0,0,3,63,.,.,.,.
2011,KLT,W,KLT_W,KLT_W_2011,KLT_W_2011,3,4,5,4,4,0.81650,63,0,0,0,16,3,0,0,0,63,.,.,.,.
2011,KLT,W,KLT_W,KLT_W_2011,KLT_W_2011,4,4,3,4,3.75,0.50000,38,0,0,16,63,0,0,0,3,63,.,.,.,.
2011,KLT,W,KLT_W,KLT_W_2011,KLT_W_2011,3,4,4,4,3.75,0.50000,63,0,0,3,38,0,0,0,0,63,.,.,.,.
2011,KLT,W,KLT_W,KLT_W_2011,KLT_W_2011,4,3,3,5,3.75,0.95743,63,0,0,1,38,0,0,0,0,63,.,.,.,.
2011,KLT,W,KLT_W,KLT_W_2011,KLT_W_2011,3,3,4,4,3.5,0.57735,63,0,0,16,16,3,0,0,38,16,.,.,.,.
2011,KLT,W,KLT_W,KLT_W_2011,KLT_W_2011,4,4,3,3,3.5,0.57735,86,0,3,3,0,0,0,0,0,86,.,.,.,.
2011,KLT,W,KLT_W,KLT_W_2011,KLT_W_2011,3,4,4,3,3.5,0.57735,63,0,0,3,16,38,0,0,1,63,.,.,.,.
2011,KLT,W,KLT_W,KLT_W_2011,KLT_W_2011,3,4,3,3,3.25,0.50000,86,0,0,0,16,3,0,0,38,3,.,.,.,.
2011,KLT,W,KLT_W,KLT_W_2011,KLT_W_2011,3,2,2,2,2.25,0.50000,38,0,0,16,38,16,0,0,0,63,.,.,.,.
2011,KLT,W,KLT_W,KLT_W_2011,KLT_W_2011,2,1,2,1,1.5,0.57735,38,0,0,1,0,0,0,0,63,0,.,.,.,.
2011,LTR,C,LTR_C,LTR_C_2011,LTR_C_2011,7,10,10,8,8.75,1.50000,3,0,0,3,63,0,16,0,0,38,.,.,.,.
2011,LTR,C,LTR_C,LTR_C_2011,LTR_C_2011,8,8,8,8,8,0.00000,63,0,0,0,38,0,38,0,0,63,.,.,.,.
2011,LTR,C,LTR_C,LTR_C_2011,LTR_C_2011,10,5,5,11,7.75,3.20156,86,0,0,1,38,0,1,0,0,86,.,.,.,.
2011,LTR,C,LTR_C,LTR_C_2011,LTR_C_2011,7,8,8,7,7.5,0.57735,98,0,0,0,16,0,3,0,0,98,.,.,.,.
2011,LTR,C,LTR_C,LTR_C_2011,LTR_C_2011,8,8,6,5,6.75,1.50000,86,0,0,0,16,0,3,0,0,98,.,.,.,.
2011,LTR,C,LTR_C,LTR_C_2011,LTR_C_2011,7,7,6,6,6.5,0.57735,63,0,0,0,16,0,0,0,0,63,.,.,.,.
2011,LTR,C,LTR_C,LTR_C_2011,LTR_C_2011,7,6,6,7,6.5,0.57735,38,0,3,3,16,0,38,0,0,63,.,.,.,.
2011,LTR,C,LTR_C,LTR_C_2011,LTR_C_2011,5,6,7,7,6.25,0.95743,63,0,3,3,38,0,16,0,0,63,.,.,.,.
2011,LTR,C,LTR_C,LTR_C_2011,LTR_C_2011,7,7,6,5,6.25,0.95743,38,0,0,38,38,0,16,0,0,86,.,.,.,.
2011,LTR,C,LTR_C,LTR_C_2011,LTR_C_2011,8,5,5,6,6,1.41421,16,3,0,3,63,1,16,0,0,63,.,.,.,.
2011,LTR,C,LTR_C,LTR_C_2011,LTR_C_2011,6,5,5,6,5.5,0.57735,63,0,3,3,38,0,0,0,0,86,.,.,.,.
2011,LTR,C,LTR_C,LTR_C_2011,LTR_C_2011,3,7,5,7,5.5,1.91485,3,16,0,0,63,0,0,0,0,38,.,.,.,.
2011,LTR,C,LTR_C,LTR_C_2011,LTR_C_2011,3,8,7,4,5.5,2.38048,0,63,3,16,3,0,16,0,0,63,.,.,.,.
2011,LTR,C,LTR_C,LTR_C_2011,LTR_C_2011,5,5,4,7,5.25,1.25831,16,16,3,38,63,0,16,0,0,63,.,.,.,.
2011,LTR,C,LTR_C,LTR_C_2011,LTR_C_2011,5,5,5,6,5.25,0.50000,16,16,16,16,38,0,16,0,0,63,.,.,.,.
2011,LTR,C,LTR_C,LTR_C_2011,LTR_C_2011,5,7,5,3,5,1.63299,98,0,3,3,3,0,0,0,0,86,.,.,.,.
2011,LTR,C,LTR_C,LTR_C_2011,LTR_C_2011,5,4,5,5,4.75,0.50000,0,63,0,3,16,0,0,0,0,63,.,.,.,.
2011,LTR,C,LTR_C,LTR_C_2011,LTR_C_2011,5,5,4,4,4.5,0.57735,98,0,0,0,3,0,0,0,0,86,.,.,.,.
2011,LTR,C,LTR_C,LTR_C_2011,LTR_C_2011,3,8,3,4,4.5,2.38048,16,3,3,3,38,1,0,0,0,63,.,.,.,.
2011,LTR,C,LTR_C,LTR_C_2011,LTR_C_2011,5,5,3,3,4,1.15470,0,63,0,16,16,0,0,0,0,63,.,.,.,.
2011,LTR,C,LTR_C,LTR_C_2011,LTR_C_2011,5,5,3,3,4,1.15470,0,86,0,3,16,0,0,0,0,63,.,.,.,.
2011,LTR,C,LTR_C,LTR_C_2011,LTR_C_2011,3,4,4,4,3.75,0.50000,0,38,63,63,1,0,0,0,3,16,.,.,.,.
2011,LTR,C,LTR_C,LTR_C_2011,LTR_C_2011,5,4,3,3,3.75,0.95743,3,63,0,3,38,3,3,0,0,86,.,.,.,.
2011,LTR,C,LTR_C,LTR_C_2011,LTR_C_2011,4,3,3,4,3.5,0.57735,98,0,0,0,1,0,0,0,0,86,.,.,.,.
2011,LTR,C,LTR_C,LTR_C_2011,LTR_C_2011,5,3,3,2,3.25,1.25831,0,86,0,3,0,0,0,0,0,63,.,.,.,.
2011,LTR,C,LTR_C,LTR_C_2011,LTR_C_2011,3,2,4,3,3,0.81650,3,16,63,63,16,3,0,0,3,63,.,.,.,.
2011,LTR,C,LTR_C,LTR_C_2011,LTR_C_2011,4,3,2,3,3,0.81650,0,86,0,3,3,0,0,0,0,63,.,.,.,.
2011,LTR,C,LTR_C,LTR_C_2011,LTR_C_2011,3,3,2,3,2.75,0.50000,38,38,0,3,3,3,0,0,0,63,.,.,.,.
2011,LTR,C,LTR_C,LTR_C_2011,LTR_C_2011,3,2,3,3,2.75,0.50000,0,38,0,38,3,3,0,0,0,63,.,.,.,.
2011,LTR,C,LTR_C,LTR_C_2011,LTR_C_2011,2,3,2,3,2.5,0.57735,0,63,38,63,0,0,16,0,0,63,.,.,.,.
2011,LTR,C,LTR_C,LTR_C_2011,LTR_C_2011,2,2,1,4,2.25,1.25831,16,38,0,0,16,16,0,0,3,63,.,.,.,.
2011,LTR,E,LTR_E,LTR_E_2011,LTR_E_2011,7,8,8,9,8,0.81650,1,63,3,3,38,0,3,0,0,63,.,.,.,.
2011,LTR,E,LTR_E,LTR_E_2011,LTR_E_2011,5,8,6,8,6.75,1.50000,38,38,3,3,38,3,16,0,0,63,.,.,.,.
2011,LTR,E,LTR_E,LTR_E_2011,LTR_E_2011,5,7,8,7,6.75,1.25831,3,38,0,0,63,0,0,0,0,63,.,.,.,.
2011,LTR,E,LTR_E,LTR_E_2011,LTR_E_2011,5,6,6,5,5.5,0.57735,38,16,38,38,16,0,0,0,1,63,.,.,.,.
2011,LTR,E,LTR_E,LTR_E_2011,LTR_E_2011,4,5,6,5,5,0.81650,3,63,3,3,38,0,0,0,0,86,.,.,.,.
2011,LTR,E,LTR_E,LTR_E_2011,LTR_E_2011,7,3,5,4,4.75,1.70783,0,86,3,3,16,0,16,0,0,63,.,.,.,.
2011,LTR,E,LTR_E,LTR_E_2011,LTR_E_2011,5,4,5,4,4.5,0.57735,3,86,0,0,16,0,0,0,0,63,.,.,.,.
2011,LTR,E,LTR_E,LTR_E_2011,LTR_E_2011,3,8,4,2,4.25,2.62996,16,63,3,3,3,0,0,0,0,63,.,.,.,.
2011,LTR,E,LTR_E,LTR_E_2011,LTR_E_2011,5,3,5,4,4.25,0.95743,16,16,3,3,63,16,0,0,0,63,.,.,.,.
2011,LTR,E,LTR_E,LTR_E_2011,LTR_E_2011,3,7,4,3,4.25,1.89297,0,63,0,3,16,0,0,0,0,86,.,.,.,.
2011,LTR,E,LTR_E,LTR_E_2011,LTR_E_2011,5,3,3,5,4,1.15470,0,63,0,3,16,0,0,0,0,63,.,.,.,.
2011,LTR,E,LTR_E,LTR_E_2011,LTR_E_2011,4,5,4,3,4,0.81650,38,38,0,3,16,3,0,0,0,86,.,.,.,.
2011,LTR,E,LTR_E,LTR_E_2011,LTR_E_2011,2,3,3,8,4,2.70801,3,86,0,3,16,0,0,0,0,63,.,.,.,.
2011,LTR,E,LTR_E,LTR_E_2011,LTR_E_2011,5,4,3,3,3.75,0.95743,16,38,3,16,16,0,0,0,0,63,.,.,.,.
2011,LTR,E,LTR_E,LTR_E_2011,LTR_E_2011,3,4,2,4,3.25,0.95743,16,16,16,16,38,3,0,0,0,63,.,.,.,.
2011,LTR,E,LTR_E,LTR_E_2011,LTR_E_2011,3,3,4,3,3.25,0.50000,0,86,0,16,1,0,0,0,0,63,.,.,.,.
2011,LTR,E,LTR_E,LTR_E_2011,LTR_E_2011,3,3,3,4,3.25,0.50000,16,38,3,16,16,0,0,0,0,63,.,.,.,.
2011,LTR,E,LTR_E,LTR_E_2011,LTR_E_2011,3,3,2,5,3.25,1.25831,38,38,0,0,16,0,3,0,0,63,.,.,.,.
2011,LTR,E,LTR_E,LTR_E_2011,LTR_E_2011,4,3,2,3,3,0.81650,0,86,0,3,16,0,0,0,0,63,.,.,.,.
2011,LTR,E,LTR_E,LTR_E_2011,LTR_E_2011,3,3,2,4,3,0.81650,16,3,0,3,63,3,0,0,0,63,.,.,.,.
2011,LTR,E,LTR_E,LTR_E_2011,LTR_E_2011,2,3,2,5,3,1.41421,16,16,3,3,16,38,0,0,16,63,.,.,.,.
2011,LTR,E,LTR_E,LTR_E_2011,LTR_E_2011,3,3,3,3,3,0.00000,0,38,16,16,38,0,0,0,0,63,.,.,.,.
2011,LTR,E,LTR_E,LTR_E_2011,LTR_E_2011,2,3,3,2,2.5,0.57735,3,63,3,16,16,3,0,0,0,63,.,.,.,.
2011,LTR,E,LTR_E,LTR_E_2011,LTR_E_2011,3,3,1,2,2.25,0.95743,0,63,3,16,38,0,0,0,16,63,.,.,.,.
2011,LTR,E,LTR_E,LTR_E_2011,LTR_E_2011,3,2,2,2,2.25,0.50000,1,38,3,16,16,1,0,0,38,38,.,.,.,.
2011,LTR,E,LTR_E,LTR_E_2011,LTR_E_2011,2,2,3,2,2.25,0.50000,16,16,3,16,16,0,0,0,0,63,.,.,.,.
2011,LTR,E,LTR_E,LTR_E_2011,LTR_E_2011,2,2,2,2,2,0.00000,3,16,3,3,16,3,0,0,3,63,.,.,.,.
2011,LTR,E,LTR_E,LTR_E_2011,LTR_E_2011,2,2,2,2,2,0.00000,3,38,0,16,16,3,0,0,16,63,.,.,.,.
2011,LTR,E,LTR_E,LTR_E_2011,LTR_E_2011,2,1,2,3,2,0.81650,0,63,3,16,16,3,0,0,0,63,.,.,.,.
2011,LTR,E,LTR_E,LTR_E_2011,LTR_E_2011,1,1,1,1,1,0.00000,3,16,3,3,16,3,0,0,16,38,.,.,.,.
2011,LTR,W,LTR_W,LTR_W_2011,LTR_W_2011,9,4,8,8,7.25,2.21736,98,0,0,0,16,0,0,0,0,86,.,.,.,.
2011,LTR,W,LTR_W,LTR_W_2011,LTR_W_2011,7,6,6,7,6.5,0.57735,63,0,0,0,3,0,38,0,0,86,.,.,.,.
2011,LTR,W,LTR_W,LTR_W_2011,LTR_W_2011,5,5,6,9,6.25,1.89297,63,0,0,0,38,3,0,0,0,86,.,.,.,.
2011,LTR,W,LTR_W,LTR_W_2011,LTR_W_2011,7,7,6,4,6,1.41421,63,3,0,1,38,0,0,0,0,86,.,.,.,.
2011,LTR,W,LTR_W,LTR_W_2011,LTR_W_2011,7,6,5,5,5.75,0.95743,86,1,0,1,16,0,16,0,0,63,.,.,.,.
2011,LTR,W,LTR_W,LTR_W_2011,LTR_W_2011,6,6,6,5,5.75,0.50000,86,1,0,1,3,1,0,0,0,63,.,.,.,.
2011,LTR,W,LTR_W,LTR_W_2011,LTR_W_2011,6,7,5,5,5.75,0.95743,38,0,0,0,38,0,3,0,0,63,.,.,.,.
2011,LTR,W,LTR_W,LTR_W_2011,LTR_W_2011,5,6,7,4,5.5,1.29099,63,3,0,3,38,0,0,0,0,63,.,.,.,.
2011,LTR,W,LTR_W,LTR_W_2011,LTR_W_2011,5,6,6,5,5.5,0.57735,3,3,38,3,63,0,0,0,0,38,.,.,.,.
2011,LTR,W,LTR_W,LTR_W_2011,LTR_W_2011,7,6,5,3,5.25,1.70783,98,0,3,3,3,0,16,0,0,63,.,.,.,.
2011,LTR,W,LTR_W,LTR_W_2011,LTR_W_2011,4,3,7,6,5,1.82574,63,16,0,3,3,1,0,0,0,63,.,.,.,.
2011,LTR,W,LTR_W,LTR_W_2011,LTR_W_2011,5,5,5,5,5,0.00000,86,0,0,1,16,3,0,0,0,63,.,.,.,.
2011,LTR,W,LTR_W,LTR_W_2011,LTR_W_2011,5,4,5,6,5,0.81650,98,0,0,0,3,0,0,0,0,63,.,.,.,.
2011,LTR,W,LTR_W,LTR_W_2011,LTR_W_2011,3,6,5,5,4.75,1.25831,38,16,0,3,16,0,3,0,0,63,.,.,.,.
2011,LTR,W,LTR_W,LTR_W_2011,LTR_W_2011,5,4,5,5,4.75,0.50000,86,0,0,1,16,0,0,0,0,63,.,.,.,.
2011,LTR,W,LTR_W,LTR_W_2011,LTR_W_2011,4,5,5,5,4.75,0.50000,98,0,63,1,3,0,0,0,0,63,.,.,.,.
2011,LTR,W,LTR_W,LTR_W_2011,LTR_W_2011,4,6,4,4,4.5,1.00000,63,3,0,0,16,16,0,0,0,63,.,.,.,.
2011,LTR,W,LTR_W,LTR_W_2011,LTR_W_2011,4,4,6,4,4.5,1.00000,3,63,0,3,16,0,0,0,0,63,.,.,.,.
2011,LTR,W,LTR_W,LTR_W_2011,LTR_W_2011,4,5,4,5,4.5,0.57735,63,0,0,3,16,0,16,0,0,63,.,.,.,.
2011,LTR,W,LTR_W,LTR_W_2011,LTR_W_2011,3,5,5,5,4.5,1.00000,86,0,0,0,38,0,0,0,0,63,.,.,.,.
2011,LTR,W,LTR_W,LTR_W_2011,LTR_W_2011,2,7,4,5,4.5,2.08167,98,0,0,1,3,0,0,0,0,98,.,.,.,.
2011,LTR,W,LTR_W,LTR_W_2011,LTR_W_2011,3,4,5,5,4.25,0.95743,38,0,0,3,38,3,0,0,0,63,.,.,.,.
2011,LTR,W,LTR_W,LTR_W_2011,LTR_W_2011,3,5,4,5,4.25,0.95743,38,38,0,3,3,0,3,0,0,86,.,.,.,.
2011,LTR,W,LTR_W,LTR_W_2011,LTR_W_2011,5,4,4,2,3.75,1.25831,63,0,0,3,16,3,0,0,0,63,.,.,.,.
2011,LTR,W,LTR_W,LTR_W_2011,LTR_W_2011,3,4,5,3,3.75,0.95743,98,0,0,0,3,0,0,0,0,63,.,.,.,.
2011,LTR,W,LTR_W,LTR_W_2011,LTR_W_2011,3,3,5,3,3.5,1.00000,63,38,0,16,3,3,0,0,0,63,.,.,.,.
2011,LTR,W,LTR_W,LTR_W_2011,LTR_W_2011,2,5,2,3,3,1.41421,16,1,0,3,16,63,0,0,0,38,.,.,.,.
2011,LTR,W,LTR_W,LTR_W_2011,LTR_W_2011,4,3,2,2,2.75,0.95743,86,3,0,1,3,3,0,0,0,63,.,.,.,.
2011,LTR,W,LTR_W,LTR_W_2011,LTR_W_2011,1,1,1,1,1,0.00000,16,0,0,1,3,63,0,0,3,38,.,.,.,.
2011,PAW,E,PAW_E,PAW_E_2011,PAW_E_2011,12,14,12,12,12.5,1.00000,0,0,98,86,63,0,38,0,86,38,.,.,.,.
2011,PAW,E,PAW_E,PAW_E_2011,PAW_E_2011,12,13,11,14,12.5,1.29099,3,0,98,16,86,63,38,0,38,63,.,.,.,.
2011,PAW,E,PAW_E,PAW_E_2011,PAW_E_2011,9,12,13,13,11.75,1.89297,0,0,0,86,38,0,0,0,38,63,.,.,.,.
2011,PAW,E,PAW_E,PAW_E_2011,PAW_E_2011,11,10,10,12,10.75,0.95743,38,0,98,3,86,3,16,0,63,38,.,.,.,.
2011,PAW,E,PAW_E,PAW_E_2011,PAW_E_2011,13,10,9,11,10.75,1.70783,3,0,98,16,86,0,63,0,16,63,.,.,.,.
2011,PAW,E,PAW_E,PAW_E_2011,PAW_E_2011,11,8,10,11,10,1.41421,63,0,98,16,63,0,38,0,16,86,.,.,.,.
2011,PAW,E,PAW_E,PAW_E_2011,PAW_E_2011,11,9,9,10,9.75,0.95743,63,0,98,1,86,3,63,0,16,63,.,.,.,.
2011,PAW,E,PAW_E,PAW_E_2011,PAW_E_2011,9,9,11,9,9.5,1.00000,16,0,98,16,86,16,63,0,16,63,.,.,.,.
2011,PAW,E,PAW_E,PAW_E_2011,PAW_E_2011,10,8,11,9,9.5,1.29099,38,0,98,16,86,16,38,0,16,63,.,.,.,.
2011,PAW,E,PAW_E,PAW_E_2011,PAW_E_2011,8,10,9,10,9.25,0.95743,16,0,98,63,63,38,16,0,16,86,.,.,.,.
2011,PAW,E,PAW_E,PAW_E_2011,PAW_E_2011,9,10,8,10,9.25,0.95743,16,0,98,38,98,0,38,0,38,38,.,.,.,.
2011,PAW,E,PAW_E,PAW_E_2011,PAW_E_2011,9,9,8,10,9,0.81650,3,0,98,16,86,3,38,0,86,16,.,.,.,.
2011,PAW,E,PAW_E,PAW_E_2011,PAW_E_2011,8,9,8,10,8.75,0.95743,63,0,98,16,86,0,38,0,38,63,.,.,.,.
2011,PAW,E,PAW_E,PAW_E_2011,PAW_E_2011,9,8,9,9,8.75,0.50000,63,0,63,16,63,0,3,0,16,86,.,.,.,.
2011,PAW,E,PAW_E,PAW_E_2011,PAW_E_2011,8,10,10,7,8.75,1.50000,63,0,98,3,63,0,38,0,16,86,.,.,.,.
2011,PAW,E,PAW_E,PAW_E_2011,PAW_E_2011,9,8,8,8,8.25,0.50000,38,0,98,63,63,0,38,0,16,63,.,.,.,.
2011,PAW,E,PAW_E,PAW_E_2011,PAW_E_2011,8,7,8,10,8.25,1.25831,16,0,63,63,63,38,3,0,38,63,.,.,.,.
2011,PAW,E,PAW_E,PAW_E_2011,PAW_E_2011,8,8,8,9,8.25,0.50000,63,0,63,16,86,16,38,0,16,86,.,.,.,.
2011,PAW,E,PAW_E,PAW_E_2011,PAW_E_2011,8,9,7,8,8,0.81650,63,0,0,3,86,16,63,0,86,16,.,.,.,.
2011,PAW,E,PAW_E,PAW_E_2011,PAW_E_2011,7,8,8,8,7.75,0.50000,16,38,98,16,86,16,16,0,16,86,.,.,.,.
2011,PAW,E,PAW_E,PAW_E_2011,PAW_E_2011,7,7,8,9,7.75,0.95743,38,0,86,16,86,63,16,0,38,63,.,.,.,.
2011,PAW,E,PAW_E,PAW_E_2011,PAW_E_2011,10,8,6,7,7.75,1.70783,86,0,0,16,63,16,16,0,16,63,.,.,.,.
2011,PAW,E,PAW_E,PAW_E_2011,PAW_E_2011,7,8,8,7,7.5,0.57735,3,0,98,16,86,0,0,0,3,86,.,.,.,.
2011,PAW,E,PAW_E,PAW_E_2011,PAW_E_2011,7,7,7,8,7.25,0.50000,86,0,98,16,38,0,3,0,16,86,.,.,.,.
2011,PAW,E,PAW_E,PAW_E_2011,PAW_E_2011,8,8,6,7,7.25,0.95743,86,0,98,3,63,16,63,0,3,86,.,.,.,.
2011,PAW,E,PAW_E,PAW_E_2011,PAW_E_2011,6,7,9,6,7,1.41421,63,0,38,38,63,16,0,0,3,86,.,.,.,.
2011,PAW,E,PAW_E,PAW_E_2011,PAW_E_2011,5,6,9,8,7,1.82574,63,0,38,3,0,38,38,0,16,86,.,.,.,.
2011,PAW,E,PAW_E,PAW_E_2011,PAW_E_2011,7,6,7,7,6.75,0.50000,38,0,38,16,86,0,38,0,38,63,.,.,.,.
2011,PAW,E,PAW_E,PAW_E_2011,PAW_E_2011,5,8,5,6,6,1.41421,63,0,0,0,86,38,38,0,16,63,.,.,.,.
2011,PAW,S,PAW_S,PAW_S_2011,PAW_S_2011,14,14,14,13,13.75,0.50000,86,0,0,0,38,0,0,0,1,98,.,.,.,.
2011,PAW,S,PAW_S,PAW_S_2011,PAW_S_2011,11,11,12,12,11.5,0.57735,38,0,63,63,63,0,0,0,16,86,.,.,.,.
2011,PAW,S,PAW_S,PAW_S_2011,PAW_S_2011,10,13,10,8,10.25,2.06155,63,0,98,1,86,0,0,0,16,38,.,.,.,.
2011,PAW,S,PAW_S,PAW_S_2011,PAW_S_2011,11,10,9,9,9.75,0.95743,16,0,98,3,86,0,63,0,1,63,.,.,.,.
2011,PAW,S,PAW_S,PAW_S_2011,PAW_S_2011,10,9,8,10,9.25,0.95743,16,0,98,3,98,0,3,0,3,86,.,.,.,.
2011,PAW,S,PAW_S,PAW_S_2011,PAW_S_2011,10,9,9,9,9.25,0.50000,63,0,0,0,63,0,0,0,1,86,.,.,.,.
2011,PAW,S,PAW_S,PAW_S_2011,PAW_S_2011,10,9,8,9,9,0.81650,63,0,98,16,86,0,0,0,3,38,.,.,.,.
2011,PAW,S,PAW_S,PAW_S_2011,PAW_S_2011,10,8,10,8,9,1.15470,16,0,98,1,98,0,63,0,3,86,.,.,.,.
2011,PAW,S,PAW_S,PAW_S_2011,PAW_S_2011,9,9,8,9,8.75,0.50000,16,0,98,38,86,0,0,0,3,98,.,.,.,.
2011,PAW,S,PAW_S,PAW_S_2011,PAW_S_2011,9,9,8,8,8.5,0.57735,86,0,0,0,63,0,3,0,3,86,.,.,.,.
2011,PAW,S,PAW_S,PAW_S_2011,PAW_S_2011,8,8,9,8,8.25,0.50000,63,0,0,3,86,3,3,0,38,63,.,.,.,.
2011,PAW,S,PAW_S,PAW_S_2011,PAW_S_2011,8,9,8,8,8.25,0.50000,86,0,98,1,63,0,0,0,16,86,.,.,.,.
2011,PAW,S,PAW_S,PAW_S_2011,PAW_S_2011,8,8,9,8,8.25,0.50000,86,0,98,3,63,0,0,0,1,63,.,.,.,.
2011,PAW,S,PAW_S,PAW_S_2011,PAW_S_2011,7,8,9,8,8,0.81650,63,0,0,16,63,3,0,0,3,86,.,.,.,.
2011,PAW,S,PAW_S,PAW_S_2011,PAW_S_2011,8,8,7,9,8,0.81650,16,0,98,3,63,16,0,0,3,86,.,.,.,.
2011,PAW,S,PAW_S,PAW_S_2011,PAW_S_2011,8,8,7,8,7.75,0.50000,63,0,98,3,86,16,16,0,16,63,.,.,.,.
2011,PAW,S,PAW_S,PAW_S_2011,PAW_S_2011,7,8,9,7,7.75,0.95743,16,0,98,1,86,3,16,0,38,38,.,.,.,.
2011,PAW,S,PAW_S,PAW_S_2011,PAW_S_2011,7,8,9,7,7.75,0.95743,63,0,0,0,86,0,16,0,38,63,.,.,.,.
2011,PAW,S,PAW_S,PAW_S_2011,PAW_S_2011,8,8,7,7,7.5,0.57735,38,0,0,0,86,0,3,0,16,38,.,.,.,.
2011,PAW,S,PAW_S,PAW_S_2011,PAW_S_2011,8,8,7,7,7.5,0.57735,38,0,98,3,86,16,0,0,3,63,.,.,.,.
2011,PAW,S,PAW_S,PAW_S_2011,PAW_S_2011,8,7,7,7,7.25,0.50000,16,38,0,0,86,0,63,0,16,86,.,.,.,.
2011,PAW,S,PAW_S,PAW_S_2011,PAW_S_2011,7,8,6,7,7,0.81650,63,0,98,38,16,0,0,0,16,86,.,.,.,.
2011,PAW,S,PAW_S,PAW_S_2011,PAW_S_2011,7,6,7,6,6.5,0.57735,63,0,98,3,0,86,0,0,3,86,.,.,.,.
2011,PAW,S,PAW_S,PAW_S_2011,PAW_S_2011,6,6,6,7,6.25,0.50000,38,0,63,16,86,0,16,0,16,63,.,.,.,.
2011,PAW,S,PAW_S,PAW_S_2011,PAW_S_2011,4,7,8,6,6.25,1.70783,38,0,0,0,86,63,3,16,16,63,.,.,.,.
2011,PAW,S,PAW_S,PAW_S_2011,PAW_S_2011,6,6,7,6,6.25,0.50000,63,0,3,3,63,3,0,0,1,16,.,.,.,.
2011,PAW,S,PAW_S,PAW_S_2011,PAW_S_2011,6,5,6,7,6,0.81650,63,0,0,3,86,3,16,0,16,63,.,.,.,.
2011,PAW,S,PAW_S,PAW_S_2011,PAW_S_2011,4,5,7,8,6,1.82574,86,0,0,1,63,3,0,0,3,63,.,.,.,.
2011,PAW,S,PAW_S,PAW_S_2011,PAW_S_2011,6,5,6,5,5.5,0.57735,86,0,0,0,63,16,0,0,3,86,.,.,.,.
2011,PAW,W,PAW_W,PAW_W_2011,PAW_W_2011,9,10,10,10,9.75,0.50000,86,0,0,0,63,0,0,0,16,86,.,.,.,.
2011,PAW,W,PAW_W,PAW_W_2011,PAW_W_2011,9,9,11,8,9.25,1.25831,38,0,0,1,86,16,0,3,3,63,.,.,.,.
2011,PAW,W,PAW_W,PAW_W_2011,PAW_W_2011,9,10,9,9,9.25,0.50000,63,0,16,63,16,0,0,0,1,98,.,.,.,.
2011,PAW,W,PAW_W,PAW_W_2011,PAW_W_2011,6,10,10,9,8.75,1.89297,38,0,98,16,38,0,0,0,16,86,.,.,.,.
2011,PAW,W,PAW_W,PAW_W_2011,PAW_W_2011,9,8,10,8,8.75,0.95743,16,0,86,16,86,0,16,0,16,63,.,.,.,.
2011,PAW,W,PAW_W,PAW_W_2011,PAW_W_2011,9,9,8,9,8.75,0.50000,86,0,98,3,63,0,0,0,16,63,.,.,.,.
2011,PAW,W,PAW_W,PAW_W_2011,PAW_W_2011,8,9,10,7,8.5,1.29099,16,0,98,3,86,0,63,3,38,16,.,.,.,.
2011,PAW,W,PAW_W,PAW_W_2011,PAW_W_2011,9,7,8,9,8.25,0.95743,86,0,0,0,63,0,0,3,16,86,.,.,.,.
2011,PAW,W,PAW_W,PAW_W_2011,PAW_W_2011,7,9,9,8,8.25,0.95743,63,0,98,16,86,0,0,0,38,38,.,.,.,.
2011,PAW,W,PAW_W,PAW_W_2011,PAW_W_2011,10,8,8,7,8.25,1.25831,38,0,86,16,86,16,0,3,86,16,.,.,.,.
2011,PAW,W,PAW_W,PAW_W_2011,PAW_W_2011,7,7,9,9,8,1.15470,63,0,86,3,86,0,38,3,3,86,.,.,.,.
2011,PAW,W,PAW_W,PAW_W_2011,PAW_W_2011,8,9,8,7,8,0.81650,63,0,0,0,86,0,38,3,3,63,.,.,.,.
2011,PAW,W,PAW_W,PAW_W_2011,PAW_W_2011,9,8,8,7,8,0.81650,38,0,0,98,3,1,16,38,86,16,.,.,.,.
2011,PAW,W,PAW_W,PAW_W_2011,PAW_W_2011,7,10,7,8,8,1.41421,16,0,0,3,86,0,0,0,63,38,.,.,.,.
2011,PAW,W,PAW_W,PAW_W_2011,PAW_W_2011,7,7,8,9,7.75,0.95743,63,0,98,1,86,16,3,0,16,63,.,.,.,.
2011,PAW,W,PAW_W,PAW_W_2011,PAW_W_2011,8,8,7,8,7.75,0.50000,16,0,38,16,86,0,0,16,63,38,.,.,.,.
2011,PAW,W,PAW_W,PAW_W_2011,PAW_W_2011,7,7,8,8,7.5,0.57735,63,0,3,0,86,3,3,0,16,63,.,.,.,.
2011,PAW,W,PAW_W,PAW_W_2011,PAW_W_2011,6,7,9,8,7.5,1.29099,38,0,0,0,86,16,3,0,3,86,.,.,.,.
2011,PAW,W,PAW_W,PAW_W_2011,PAW_W_2011,9,7,7,7,7.5,1.00000,1,0,98,3,86,0,16,3,86,16,.,.,.,.
2011,PAW,W,PAW_W,PAW_W_2011,PAW_W_2011,8,8,6,8,7.5,1.00000,3,0,16,86,38,0,0,0,0,86,.,.,.,.
2011,PAW,W,PAW_W,PAW_W_2011,PAW_W_2011,8,7,7,8,7.5,0.57735,38,0,0,1,86,0,0,0,16,63,.,.,.,.
2011,PAW,W,PAW_W,PAW_W_2011,PAW_W_2011,6,8,8,7,7.25,0.95743,86,0,0,3,63,0,16,0,16,63,.,.,.,.
2011,PAW,W,PAW_W,PAW_W_2011,PAW_W_2011,6,7,9,7,7.25,1.25831,63,0,63,38,63,0,16,0,3,86,.,.,.,.
2011,PAW,W,PAW_W,PAW_W_2011,PAW_W_2011,6,7,7,8,7,0.81650,86,0,98,16,86,63,16,0,63,38,.,.,.,.
2011,PAW,W,PAW_W,PAW_W_2011,PAW_W_2011,9,7,5,7,7,1.63299,16,0,98,3,86,3,16,0,38,63,.,.,.,.
2011,PAW,W,PAW_W,PAW_W_2011,PAW_W_2011,6,7,5,8,6.5,1.29099,63,0,0,16,86,63,0,0,16,38,.,.,.,.
2011,PAW,W,PAW_W,PAW_W_2011,PAW_W_2011,6,7,7,6,6.5,0.57735,16,0,0,0,86,3,0,3,3,86,.,.,.,.
2011,PAW,W,PAW_W,PAW_W_2011,PAW_W_2011,4,6,7,8,6.25,1.70783,63,0,63,16,63,3,0,0,16,86,.,.,.,.
2011,PAW,W,PAW_W,PAW_W_2011,PAW_W_2011,5,8,5,6,6,1.41421,38,0,16,3,63,0,3,3,3,86,.,.,.,.
2011,PYN,N,PYN_N,PYN_N_2011,PYN_N_2011,8,8,8,7,7.75,0.50000,38,0,0,0,38,0,0,0,0,98,.,.,.,.
2011,PYN,N,PYN_N,PYN_N_2011,PYN_N_2011,8,8,6,7,7.25,0.95743,38,3,38,0,38,0,0,0,0,86,.,.,.,.
2011,PYN,N,PYN_N,PYN_N_2011,PYN_N_2011,5,7,6,5,5.75,0.95743,0,3,3,63,38,0,0,0,0,86,.,.,.,.
2011,PYN,N,PYN_N,PYN_N_2011,PYN_N_2011,3,6,6,5,5,1.41421,0,63,3,16,16,16,0,0,0,63,.,.,.,.
2011,PYN,N,PYN_N,PYN_N_2011,PYN_N_2011,3,6,6,5,5,1.41421,3,38,16,86,38,0,0,0,0,86,.,.,.,.
2011,PYN,N,PYN_N,PYN_N_2011,PYN_N_2011,7,4,4,5,5,1.41421,63,1,38,3,63,0,0,0,0,98,.,.,.,.
2011,PYN,N,PYN_N,PYN_N_2011,PYN_N_2011,4,7,4,4,4.75,1.50000,0,63,3,16,3,3,0,0,38,38,.,.,.,.
2011,PYN,N,PYN_N,PYN_N_2011,PYN_N_2011,4,4,5,5,4.5,0.57735,0,86,16,38,0,38,0,0,0,63,.,.,.,.
2011,PYN,N,PYN_N,PYN_N_2011,PYN_N_2011,8,4,3,3,4.5,2.38048,16,38,38,3,16,16,0,0,0,63,.,.,.,.
2011,PYN,N,PYN_N,PYN_N_2011,PYN_N_2011,4,5,5,4,4.5,0.57735,0,63,16,16,3,3,0,0,0,38,.,.,.,.
2011,PYN,N,PYN_N,PYN_N_2011,PYN_N_2011,4,6,4,3,4.25,1.25831,63,38,0,0,63,3,0,0,0,86,.,.,.,.
2011,PYN,N,PYN_N,PYN_N_2011,PYN_N_2011,3,4,4,5,4,0.81650,3,86,3,3,38,16,0,0,0,86,.,.,.,.
2011,PYN,N,PYN_N,PYN_N_2011,PYN_N_2011,5,2,5,4,4,1.41421,0,86,0,16,38,0,0,0,0,98,.,.,.,.
2011,PYN,N,PYN_N,PYN_N_2011,PYN_N_2011,5,4,4,3,4,0.81650,0,86,16,3,0,0,0,0,0,63,.,.,.,.
2011,PYN,N,PYN_N,PYN_N_2011,PYN_N_2011,5,3,4,3,3.75,0.95743,38,16,3,16,3,3,0,0,0,38,.,.,.,.
2011,PYN,N,PYN_N,PYN_N_2011,PYN_N_2011,4,3,4,4,3.75,0.50000,0,98,16,16,3,16,0,0,0,63,.,.,.,.
2011,PYN,N,PYN_N,PYN_N_2011,PYN_N_2011,4,3,5,2,3.5,1.29099,0,16,0,86,0,0,0,0,0,38,.,.,.,.
2011,PYN,N,PYN_N,PYN_N_2011,PYN_N_2011,3,3,3,5,3.5,1.00000,16,63,38,16,38,16,0,0,0,86,.,.,.,.
2011,PYN,N,PYN_N,PYN_N_2011,PYN_N_2011,3,4,3,3,3.25,0.50000,0,86,0,3,0,38,0,0,0,86,.,.,.,.
2011,PYN,N,PYN_N,PYN_N_2011,PYN_N_2011,3,3,4,3,3.25,0.50000,86,3,16,3,3,16,0,0,0,63,.,.,.,.
2011,PYN,N,PYN_N,PYN_N_2011,PYN_N_2011,3,4,4,2,3.25,0.95743,0,86,3,16,3,16,0,0,0,63,.,.,.,.
2011,PYN,N,PYN_N,PYN_N_2011,PYN_N_2011,3,3,3,4,3.25,0.50000,63,16,16,38,16,38,0,0,0,38,.,.,.,.
2011,PYN,N,PYN_N,PYN_N_2011,PYN_N_2011,3,3,3,3,3,0.00000,0,86,0,3,3,16,0,0,0,86,.,.,.,.
2011,PYN,N,PYN_N,PYN_N_2011,PYN_N_2011,3,3,3,3,3,0.00000,63,16,16,3,16,3,0,0,0,63,.,.,.,.
2011,PYN,N,PYN_N,PYN_N_2011,PYN_N_2011,3,3,3,3,3,0.00000,3,38,16,38,16,16,0,0,0,63,.,.,.,.
2011,PYN,N,PYN_N,PYN_N_2011,PYN_N_2011,3,3,3,3,3,0.00000,3,63,16,16,3,16,0,0,0,63,.,.,.,.
2011,PYN,N,PYN_N,PYN_N_2011,PYN_N_2011,3,2,3,3,2.75,0.50000,38,38,3,3,16,38,0,0,0,86,.,.,.,.
2011,PYN,N,PYN_N,PYN_N_2011,PYN_N_2011,3,3,3,2,2.75,0.50000,0,63,3,16,0,3,0,0,0,63,.,.,.,.
2011,PYN,N,PYN_N,PYN_N_2011,PYN_N_2011,3,2,2,3,2.5,0.57735,63,16,0,3,38,3,0,0,0,0,.,.,.,.
2011,PYN,N,PYN_N,PYN_N_2011,PYN_N_2011,3,3,2,2,2.5,0.57735,38,38,16,3,16,3,0,0,0,63,.,.,.,.
2011,PYN,N,PYN_N,PYN_N_2011,PYN_N_2011,1,2,2,1,1.5,0.57735,3,16,16,3,63,16,0,0,3,38,.,.,.,.
2011,PYN,S,PYN_S,PYN_S_2011,PYN_S_2011,4,6,5,5,5,0.81650,0,38,16,16,63,16,0,0,0,63,.,.,.,.
2011,PYN,S,PYN_S,PYN_S_2011,PYN_S_2011,5,4,4,7,5,1.41421,0,86,16,3,38,0,0,0,0,63,.,.,.,.
2011,PYN,S,PYN_S,PYN_S_2011,PYN_S_2011,4,5,4,4,4.25,0.50000,3,38,16,16,16,16,0,0,0,63,.,.,.,.
2011,PYN,S,PYN_S,PYN_S_2011,PYN_S_2011,4,4,5,3,4,0.81650,3,3,16,3,16,0,0,0,0,0,.,.,.,.
2011,PYN,S,PYN_S,PYN_S_2011,PYN_S_2011,3,4,5,3,3.75,0.95743,38,38,38,16,16,0,0,0,0,63,.,.,.,.
2011,PYN,S,PYN_S,PYN_S_2011,PYN_S_2011,4,3,4,4,3.75,0.50000,3,63,16,38,16,16,0,0,0,63,.,.,.,.
2011,PYN,S,PYN_S,PYN_S_2011,PYN_S_2011,5,4,3,3,3.75,0.95743,3,3,86,0,38,3,0,0,0,63,.,.,.,.
2011,PYN,S,PYN_S,PYN_S_2011,PYN_S_2011,4,3,3,4,3.5,0.57735,3,38,38,16,16,38,0,0,0,63,.,.,.,.
2011,PYN,S,PYN_S,PYN_S_2011,PYN_S_2011,3,4,3,3,3.25,0.50000,16,86,3,16,3,16,0,0,0,63,.,.,.,.
2011,PYN,S,PYN_S,PYN_S_2011,PYN_S_2011,5,3,2,3,3.25,1.25831,0,63,16,3,16,16,16,0,0,63,.,.,.,.
2011,PYN,S,PYN_S,PYN_S_2011,PYN_S_2011,3,3,4,3,3.25,0.50000,0,63,3,3,16,38,0,0,0,38,.,.,.,.
2011,PYN,S,PYN_S,PYN_S_2011,PYN_S_2011,4,3,4,2,3.25,0.95743,38,38,16,0,3,16,0,0,0,63,.,.,.,.
2011,PYN,S,PYN_S,PYN_S_2011,PYN_S_2011,3,3,3,3,3,0.00000,16,16,63,16,3,16,0,0,0,38,.,.,.,.
2011,PYN,S,PYN_S,PYN_S_2011,PYN_S_2011,4,3,3,2,3,0.81650,16,16,38,16,38,3,0,0,0,63,.,.,.,.
2011,PYN,S,PYN_S,PYN_S_2011,PYN_S_2011,4,2,3,3,3,0.81650,3,16,38,3,3,3,0,0,0,63,.,.,.,.
2011,PYN,S,PYN_S,PYN_S_2011,PYN_S_2011,2,3,2,5,3,1.41421,63,16,16,3,16,16,0,0,0,0,.,.,.,.
2011,PYN,S,PYN_S,PYN_S_2011,PYN_S_2011,3,3,2,3,2.75,0.50000,0,16,63,16,16,16,0,0,0,63,.,.,.,.
2011,PYN,S,PYN_S,PYN_S_2011,PYN_S_2011,3,3,3,2,2.75,0.50000,63,16,16,3,3,38,0,0,0,63,.,.,.,.
2011,PYN,S,PYN_S,PYN_S_2011,PYN_S_2011,3,2,3,3,2.75,0.50000,3,3,16,38,63,3,0,0,0,63,.,.,.,.
2011,PYN,S,PYN_S,PYN_S_2011,PYN_S_2011,3,3,3,2,2.75,0.50000,3,16,63,3,16,16,0,0,0,63,.,.,.,.
2011,PYN,S,PYN_S,PYN_S_2011,PYN_S_2011,3,2,2,3,2.5,0.57735,3,16,16,16,38,38,0,0,0,86,.,.,.,.
2011,PYN,S,PYN_S,PYN_S_2011,PYN_S_2011,3,2,2,3,2.5,0.57735,3,38,16,0,86,3,0,0,0,63,.,.,.,.
2011,PYN,S,PYN_S,PYN_S_2011,PYN_S_2011,3,2,2,3,2.5,0.57735,0,38,0,0,63,16,0,0,0,38,.,.,.,.
2011,PYN,S,PYN_S,PYN_S_2011,PYN_S_2011,3,3,2,2,2.5,0.57735,0,63,3,3,16,38,0,0,0,63,.,.,.,.
2011,PYN,S,PYN_S,PYN_S_2011,PYN_S_2011,1,3,3,3,2.5,1.00000,0,38,3,3,16,38,0,0,16,16,.,.,.,.
2011,PYN,S,PYN_S,PYN_S_2011,PYN_S_2011,3,2,2,3,2.5,0.57735,0,38,38,38,16,16,0,0,0,63,.,.,.,.
2011,PYN,S,PYN_S,PYN_S_2011,PYN_S_2011,2,2,2,3,2.25,0.50000,38,3,16,3,3,16,0,0,0,38,.,.,.,.
2011,PYN,S,PYN_S,PYN_S_2011,PYN_S_2011,2,2,2,2,2,0.00000,3,38,38,3,16,16,0,0,0,63,.,.,.,.
2011,PYN,S,PYN_S,PYN_S_2011,PYN_S_2011,2,2,2,2,2,0.00000,63,3,16,3,38,16,0,0,0,63,.,.,.,.
2011,PYN,W,PYN_W,PYN_W_2011,PYN_W_2011,6,5,8,7,6.5,1.29099,3,16,86,3,3,0,0,0,0,0,.,.,.,.
2011,PYN,W,PYN_W,PYN_W_2011,PYN_W_2011,5,8,5,3,5.25,2.06155,3,63,3,16,63,16,0,0,3,0,.,.,.,.
2011,PYN,W,PYN_W,PYN_W_2011,PYN_W_2011,4,6,4,6,5,1.15470,3,63,3,16,38,3,0,0,0,0,.,.,.,.
2011,PYN,W,PYN_W,PYN_W_2011,PYN_W_2011,3,6,3,5,4.25,1.50000,0,86,16,16,38,3,0,0,0,0,.,.,.,.
2011,PYN,W,PYN_W,PYN_W_2011,PYN_W_2011,8,3,2,4,4.25,2.62996,0,86,0,3,38,0,0,0,0,3,.,.,.,.
2011,PYN,W,PYN_W,PYN_W_2011,PYN_W_2011,5,4,3,4,4,0.81650,16,63,0,3,63,3,16,0,3,3,.,.,.,.
2011,PYN,W,PYN_W,PYN_W_2011,PYN_W_2011,4,4,3,3,3.5,0.57735,16,63,0,3,63,16,0,0,3,0,.,.,.,.
2011,PYN,W,PYN_W,PYN_W_2011,PYN_W_2011,2,2,2,6,3,2.00000,38,38,16,3,16,16,0,0,38,3,.,.,.,.
2011,PYN,W,PYN_W,PYN_W_2011,PYN_W_2011,4,2,3,3,3,0.81650,86,3,16,16,38,38,0,0,3,0,.,.,.,.
2011,PYN,W,PYN_W,PYN_W_2011,PYN_W_2011,2,3,3,3,2.75,0.50000,16,63,3,3,3,38,0,0,0,0,.,.,.,.
2011,PYN,W,PYN_W,PYN_W_2011,PYN_W_2011,3,3,2,2,2.5,0.57735,38,38,3,3,3,16,0,0,3,3,.,.,.,.
2011,PYN,W,PYN_W,PYN_W_2011,PYN_W_2011,3,3,2,2,2.5,0.57735,38,63,0,3,38,3,16,0,16,3,.,.,.,.
2011,PYN,W,PYN_W,PYN_W_2011,PYN_W_2011,3,2,2,3,2.5,0.57735,16,38,16,38,38,3,0,0,3,0,.,.,.,.
2011,PYN,W,PYN_W,PYN_W_2011,PYN_W_2011,3,2,2,3,2.5,0.57735,16,38,3,3,3,38,0,0,3,0,.,.,.,.
2011,PYN,W,PYN_W,PYN_W_2011,PYN_W_2011,3,2,2,3,2.5,0.57735,63,38,3,16,16,3,0,0,16,3,.,.,.,.
2011,PYN,W,PYN_W,PYN_W_2011,PYN_W_2011,3,3,2,2,2.5,0.57735,16,63,0,16,3,16,0,0,16,0,.,.,.,.
2011,PYN,W,PYN_W,PYN_W_2011,PYN_W_2011,3,2,2,2,2.25,0.50000,38,38,0,3,38,38,0,0,16,0,.,.,.,.
2011,PYN,W,PYN_W,PYN_W_2011,PYN_W_2011,2,3,2,2,2.25,0.50000,3,3,16,0,3,63,0,0,3,0,.,.,.,.
2011,PYN,W,PYN_W,PYN_W_2011,PYN_W_2011,1,1,6,1,2.25,2.50000,3,16,3,0,16,38,0,0,16,0,.,.,.,.
2011,PYN,W,PYN_W,PYN_W_2011,PYN_W_2011,2,3,2,2,2.25,0.50000,63,16,3,3,16,3,0,0,16,3,.,.,.,.
2011,PYN,W,PYN_W,PYN_W_2011,PYN_W_2011,2,3,2,2,2.25,0.50000,38,38,0,16,38,3,0,0,16,3,.,.,.,.
2011,PYN,W,PYN_W,PYN_W_2011,PYN_W_2011,2,2,3,2,2.25,0.50000,63,16,3,16,16,16,0,0,16,0,.,.,.,.
2011,PYN,W,PYN_W,PYN_W_2011,PYN_W_2011,2,2,2,2,2,0.00000,16,38,3,16,38,16,0,0,3,0,.,.,.,.
2011,PYN,W,PYN_W,PYN_W_2011,PYN_W_2011,2,2,2,2,2,0.00000,16,63,0,16,3,16,0,0,1,3,.,.,.,.
2011,PYN,W,PYN_W,PYN_W_2011,PYN_W_2011,2,2,2,1,1.75,0.50000,16,38,16,16,16,3,0,0,16,1,.,.,.,.
2011,PYN,W,PYN_W,PYN_W_2011,PYN_W_2011,2,2,1,2,1.75,0.50000,16,16,3,3,38,38,0,0,16,3,.,.,.,.
2011,PYN,W,PYN_W,PYN_W_2011,PYN_W_2011,2,2,1,1,1.5,0.57735,63,3,16,0,3,16,0,0,16,1,.,.,.,.
2011,PYN,W,PYN_W,PYN_W_2011,PYN_W_2011,2,1,2,1,1.5,0.57735,38,3,3,0,38,38,0,0,16,3,.,.,.,.
2011,PYN,W,PYN_W,PYN_W_2011,PYN_W_2011,2,1,1,1,1.25,0.50000,16,3,16,3,3,16,0,0,63,3,.,.,.,.
2011,PYN,W,PYN_W,PYN_W_2011,PYN_W_2011,1,1,1,1,1,0.00000,16,16,0,0,38,38,0,0,38,0,.,.,.,.
2011,PYS,N,PYS_N,PYS_N_2011,PYS_N_2011,5,7,4,4,5,1.41421,16,38,16,16,63,3,16,0,0,63,.,.,.,.
2011,PYS,N,PYS_N,PYS_N_2011,PYS_N_2011,4,4,4,5,4.25,0.50000,0,63,3,16,3,0,16,0,0,63,.,.,.,.
2011,PYS,N,PYS_N,PYS_N_2011,PYS_N_2011,4,5,4,3,4,0.81650,1,38,38,16,16,16,0,0,0,63,.,.,.,.
2011,PYS,N,PYS_N,PYS_N_2011,PYS_N_2011,6,3,3,4,4,1.41421,3,38,16,16,38,3,0,0,0,63,.,.,.,.
2011,PYS,N,PYS_N,PYS_N_2011,PYS_N_2011,4,4,3,4,3.75,0.50000,38,63,0,16,38,3,0,0,0,63,.,.,.,.
2011,PYS,N,PYS_N,PYS_N_2011,PYS_N_2011,4,4,2,5,3.75,1.25831,0,38,0,3,63,16,0,0,16,0,.,.,.,.
2011,PYS,N,PYS_N,PYS_N_2011,PYS_N_2011,4,3,3,4,3.5,0.57735,63,3,3,3,16,1,0,0,0,86,.,.,.,.
2011,PYS,N,PYS_N,PYS_N_2011,PYS_N_2011,4,3,3,4,3.5,0.57735,3,63,3,16,16,16,0,0,0,63,.,.,.,.
2011,PYS,N,PYS_N,PYS_N_2011,PYS_N_2011,4,3,3,4,3.5,0.57735,0,63,3,3,3,16,0,0,0,63,.,.,.,.
2011,PYS,N,PYS_N,PYS_N_2011,PYS_N_2011,3,4,3,3,3.25,0.50000,38,63,3,16,16,0,0,0,0,63,.,.,.,.
2011,PYS,N,PYS_N,PYS_N_2011,PYS_N_2011,3,4,3,3,3.25,0.50000,3,38,38,16,38,38,0,0,0,63,.,.,.,.
2011,PYS,N,PYS_N,PYS_N_2011,PYS_N_2011,3,3,3,4,3.25,0.50000,0,38,3,16,38,16,0,0,0,38,.,.,.,.
2011,PYS,N,PYS_N,PYS_N_2011,PYS_N_2011,3,3,3,3,3,0.00000,16,16,38,16,63,3,16,0,0,38,.,.,.,.
2011,PYS,N,PYS_N,PYS_N_2011,PYS_N_2011,3,4,3,2,3,0.81650,0,63,3,1,38,38,0,0,0,63,.,.,.,.
2011,PYS,N,PYS_N,PYS_N_2011,PYS_N_2011,3,3,3,3,3,0.00000,3,63,3,0,16,3,0,0,0,63,.,.,.,.
2011,PYS,N,PYS_N,PYS_N_2011,PYS_N_2011,3,2,3,4,3,0.81650,16,63,3,3,38,0,0,0,0,63,.,.,.,.
2011,PYS,N,PYS_N,PYS_N_2011,PYS_N_2011,3,3,3,2,2.75,0.50000,16,16,16,3,38,38,0,0,0,38,.,.,.,.
2011,PYS,N,PYS_N,PYS_N_2011,PYS_N_2011,3,3,3,2,2.75,0.50000,3,86,0,16,3,38,3,0,0,38,.,.,.,.
2011,PYS,N,PYS_N,PYS_N_2011,PYS_N_2011,3,2,3,3,2.75,0.50000,0,63,3,0,38,16,0,0,0,63,.,.,.,.
2011,PYS,N,PYS_N,PYS_N_2011,PYS_N_2011,3,3,3,2,2.75,0.50000,3,63,3,3,16,16,0,0,0,63,.,.,.,.
2011,PYS,N,PYS_N,PYS_N_2011,PYS_N_2011,3,3,2,2,2.5,0.57735,16,38,3,3,16,16,0,0,0,63,.,.,.,.
2011,PYS,N,PYS_N,PYS_N_2011,PYS_N_2011,3,3,2,2,2.5,0.57735,38,16,16,0,16,3,0,0,0,63,.,.,.,.
2011,PYS,N,PYS_N,PYS_N_2011,PYS_N_2011,2,3,3,2,2.5,0.57735,38,16,16,3,16,38,0,0,0,38,.,.,.,.
2011,PYS,N,PYS_N,PYS_N_2011,PYS_N_2011,3,2,2,3,2.5,0.57735,0,63,3,3,38,0,0,0,0,63,.,.,.,.
2011,PYS,N,PYS_N,PYS_N_2011,PYS_N_2011,3,2,2,3,2.5,0.57735,16,38,0,3,63,0,0,0,0,63,.,.,.,.
2011,PYS,N,PYS_N,PYS_N_2011,PYS_N_2011,2,3,2,2,2.25,0.50000,3,63,16,0,38,3,0,0,0,63,.,.,.,.
2011,PYS,N,PYS_N,PYS_N_2011,PYS_N_2011,3,2,2,2,2.25,0.50000,16,3,16,1,16,16,0,0,0,63,.,.,.,.
2011,PYS,N,PYS_N,PYS_N_2011,PYS_N_2011,2,3,2,2,2.25,0.50000,16,16,16,16,16,38,0,0,0,38,.,.,.,.
2011,PYS,N,PYS_N,PYS_N_2011,PYS_N_2011,2,2,2,2,2,0.00000,16,38,16,3,38,3,0,0,0,63,.,.,.,.
2011,PYS,N,PYS_N,PYS_N_2011,PYS_N_2011,2,2,2,2,2,0.00000,16,38,16,16,63,3,0,0,0,63,.,.,.,.
2011,PYS,S,PYS_S,PYS_S_2011,PYS_S_2011,7,4,3,4,4.5,1.73205,3,16,3,16,16,0,38,0,0,63,.,.,.,.
2011,PYS,S,PYS_S,PYS_S_2011,PYS_S_2011,4,5,4,3,4,0.81650,3,38,3,16,16,3,38,0,3,0,.,.,.,.
2011,PYS,S,PYS_S,PYS_S_2011,PYS_S_2011,4,2,4,5,3.75,1.25831,0,16,3,3,63,3,0,0,16,3,.,.,.,.
2011,PYS,S,PYS_S,PYS_S_2011,PYS_S_2011,5,4,3,3,3.75,0.95743,38,16,3,3,16,0,0,0,1,38,.,.,.,.
2011,PYS,S,PYS_S,PYS_S_2011,PYS_S_2011,5,4,3,3,3.75,0.95743,86,16,3,3,16,1,0,0,0,63,.,.,.,.
2011,PYS,S,PYS_S,PYS_S_2011,PYS_S_2011,3,2,3,4,3,0.81650,38,38,0,3,16,3,0,0,3,0,.,.,.,.
2011,PYS,S,PYS_S,PYS_S_2011,PYS_S_2011,3,3,3,3,3,0.00000,16,3,16,3,86,3,0,0,16,0,.,.,.,.
2011,PYS,S,PYS_S,PYS_S_2011,PYS_S_2011,3,3,3,3,3,0.00000,38,16,16,16,63,3,0,0,3,0,.,.,.,.
2011,PYS,S,PYS_S,PYS_S_2011,PYS_S_2011,3,3,3,2,2.75,0.50000,0,63,0,16,63,0,0,0,0,16,.,.,.,.
2011,PYS,S,PYS_S,PYS_S_2011,PYS_S_2011,2,2,4,3,2.75,0.95743,16,3,3,3,38,3,16,0,16,1,.,.,.,.
2011,PYS,S,PYS_S,PYS_S_2011,PYS_S_2011,3,2,3,3,2.75,0.50000,16,3,3,3,98,16,0,0,3,0,.,.,.,.
2011,PYS,S,PYS_S,PYS_S_2011,PYS_S_2011,1,3,3,3,2.5,1.00000,0,38,0,3,38,0,0,0,38,3,.,.,.,.
2011,PYS,S,PYS_S,PYS_S_2011,PYS_S_2011,2,2,3,3,2.5,0.57735,16,16,16,3,86,3,0,0,3,1,.,.,.,.
2011,PYS,S,PYS_S,PYS_S_2011,PYS_S_2011,2,2,3,2,2.25,0.50000,16,3,38,1,86,3,0,0,38,0,.,.,.,.
2011,PYS,S,PYS_S,PYS_S_2011,PYS_S_2011,2,2,2,3,2.25,0.50000,3,63,3,3,38,3,3,0,3,0,.,.,.,.
2011,PYS,S,PYS_S,PYS_S_2011,PYS_S_2011,2,2,2,3,2.25,0.50000,0,3,3,3,86,16,0,0,16,3,.,.,.,.
2011,PYS,S,PYS_S,PYS_S_2011,PYS_S_2011,1,2,3,3,2.25,0.95743,3,38,3,0,38,38,0,0,3,0,.,.,.,.
2011,PYS,S,PYS_S,PYS_S_2011,PYS_S_2011,2,2,3,2,2.25,0.50000,0,38,16,1,38,16,0,0,3,0,.,.,.,.
2011,PYS,S,PYS_S,PYS_S_2011,PYS_S_2011,2,2,2,3,2.25,0.50000,3,38,3,3,63,3,0,0,16,0,.,.,.,.
2011,PYS,S,PYS_S,PYS_S_2011,PYS_S_2011,2,2,2,2,2,0.00000,16,3,16,3,63,16,0,0,16,3,.,.,.,.
2011,PYS,S,PYS_S,PYS_S_2011,PYS_S_2011,2,2,2,2,2,0.00000,0,86,16,3,38,3,0,0,3,0,.,.,.,.
2011,PYS,S,PYS_S,PYS_S_2011,PYS_S_2011,2,2,2,2,2,0.00000,0,38,0,3,63,16,0,0,16,0,.,.,.,.
2011,PYS,S,PYS_S,PYS_S_2011,PYS_S_2011,2,2,2,2,2,0.00000,3,86,3,3,16,16,0,0,3,16,.,.,.,.
2011,PYS,S,PYS_S,PYS_S_2011,PYS_S_2011,2,2,2,2,2,0.00000,3,16,3,3,86,3,0,0,3,3,.,.,.,.
2011,PYS,S,PYS_S,PYS_S_2011,PYS_S_2011,2,2,1,1,1.5,0.57735,16,3,3,3,16,16,0,0,38,3,.,.,.,.
2011,PYS,S,PYS_S,PYS_S_2011,PYS_S_2011,1,1,2,2,1.5,0.57735,0,16,0,3,63,16,0,0,38,0,.,.,.,.
2011,PYS,S,PYS_S,PYS_S_2011,PYS_S_2011,1,1,2,1,1.25,0.50000,3,16,3,0,16,63,0,0,3,0,.,.,.,.
2011,PYS,S,PYS_S,PYS_S_2011,PYS_S_2011,2,1,1,1,1.25,0.50000,3,38,3,3,16,38,0,0,16,16,.,.,.,.
2011,PYS,S,PYS_S,PYS_S_2011,PYS_S_2011,1,1,1,1,1,0.00000,16,38,3,3,38,38,0,0,0,16,.,.,.,.
2011,PYS,W,PYS_W,PYS_W_2011,PYS_W_2011,5,6,7,5,5.75,0.95743,16,38,3,3,63,16,0,0,0,38,.,.,.,.
2011,PYS,W,PYS_W,PYS_W_2011,PYS_W_2011,5,5,3,3,4,1.15470,38,16,16,3,38,16,0,0,0,63,.,.,.,.
2011,PYS,W,PYS_W,PYS_W_2011,PYS_W_2011,4,4,4,3,3.75,0.50000,3,3,16,3,63,3,0,0,0,63,.,.,.,.
2011,PYS,W,PYS_W,PYS_W_2011,PYS_W_2011,3,4,4,4,3.75,0.50000,16,16,16,3,38,16,0,0,0,38,.,.,.,.
2011,PYS,W,PYS_W,PYS_W_2011,PYS_W_2011,4,4,3,3,3.5,0.57735,16,16,16,1,63,16,0,0,0,38,.,.,.,.
2011,PYS,W,PYS_W,PYS_W_2011,PYS_W_2011,2,4,4,4,3.5,1.00000,3,16,16,3,63,3,0,0,0,63,.,.,.,.
2011,PYS,W,PYS_W,PYS_W_2011,PYS_W_2011,4,3,3,3,3.25,0.50000,0,86,3,3,3,3,0,0,0,63,.,.,.,.
2011,PYS,W,PYS_W,PYS_W_2011,PYS_W_2011,3,3,3,3,3,0.00000,38,3,0,16,3,38,16,0,0,63,.,.,.,.
2011,PYS,W,PYS_W,PYS_W_2011,PYS_W_2011,3,3,3,3,3,0.00000,38,16,16,3,86,16,0,0,0,38,.,.,.,.
2011,PYS,W,PYS_W,PYS_W_2011,PYS_W_2011,3,4,3,2,3,0.81650,3,63,3,3,16,16,0,0,0,63,.,.,.,.
2011,PYS,W,PYS_W,PYS_W_2011,PYS_W_2011,3,3,3,3,3,0.00000,3,63,3,3,1,16,0,0,0,63,.,.,.,.
2011,PYS,W,PYS_W,PYS_W_2011,PYS_W_2011,3,3,3,3,3,0.00000,38,3,3,3,16,3,0,0,0,63,.,.,.,.
2011,PYS,W,PYS_W,PYS_W_2011,PYS_W_2011,3,3,3,3,3,0.00000,3,38,16,3,16,3,0,0,0,63,.,.,.,.
2011,PYS,W,PYS_W,PYS_W_2011,PYS_W_2011,3,3,2,3,2.75,0.50000,16,38,3,3,3,3,0,0,0,63,.,.,.,.
2011,PYS,W,PYS_W,PYS_W_2011,PYS_W_2011,3,2,2,4,2.75,0.95743,3,16,16,16,3,16,0,0,0,63,.,.,.,.
2011,PYS,W,PYS_W,PYS_W_2011,PYS_W_2011,2,3,2,3,2.5,0.57735,38,16,16,16,38,16,0,0,0,63,.,.,.,.
2011,PYS,W,PYS_W,PYS_W_2011,PYS_W_2011,2,3,2,3,2.5,0.57735,16,16,3,3,38,16,0,0,0,63,.,.,.,.
2011,PYS,W,PYS_W,PYS_W_2011,PYS_W_2011,2,3,3,2,2.5,0.57735,16,63,16,3,16,16,0,0,0,63,.,.,.,.
2011,PYS,W,PYS_W,PYS_W_2011,PYS_W_2011,2,3,2,3,2.5,0.57735,3,3,0,38,3,63,0,0,0,63,.,.,.,.
2011,PYS,W,PYS_W,PYS_W_2011,PYS_W_2011,2,2,3,3,2.5,0.57735,0,63,0,16,38,38,0,0,0,63,.,.,.,.
2011,PYS,W,PYS_W,PYS_W_2011,PYS_W_2011,3,2,2,3,2.5,0.57735,3,16,16,16,38,3,0,0,0,63,.,.,.,.
2011,PYS,W,PYS_W,PYS_W_2011,PYS_W_2011,3,2,3,2,2.5,0.57735,3,38,3,3,16,38,0,0,0,63,.,.,.,.
2011,PYS,W,PYS_W,PYS_W_2011,PYS_W_2011,2,3,2,2,2.25,0.50000,3,16,16,3,16,16,0,0,0,86,.,.,.,.
2011,PYS,W,PYS_W,PYS_W_2011,PYS_W_2011,2,3,2,2,2.25,0.50000,3,38,16,3,38,38,0,0,0,38,.,.,.,.
2011,PYS,W,PYS_W,PYS_W_2011,PYS_W_2011,3,2,2,2,2.25,0.50000,3,38,16,3,16,16,0,0,0,63,.,.,.,.
2011,PYS,W,PYS_W,PYS_W_2011,PYS_W_2011,2,1,2,3,2,0.81650,16,38,3,0,16,38,0,0,0,63,.,.,.,.
2011,PYS,W,PYS_W,PYS_W_2011,PYS_W_2011,2,2,2,2,2,0.00000,0,63,0,38,0,0,0,0,0,63,.,.,.,.
2011,PYS,W,PYS_W,PYS_W_2011,PYS_W_2011,2,2,2,2,2,0.00000,16,16,16,3,38,16,0,0,0,63,.,.,.,.
2011,PYS,W,PYS_W,PYS_W_2011,PYS_W_2011,3,2,1,2,2,0.81650,38,3,3,3,16,38,0,0,3,16,.,.,.,.
2011,PYS,W,PYS_W,PYS_W_2011,PYS_W_2011,2,2,2,2,2,0.00000,16,3,16,16,38,3,0,0,0,63,.,.,.,.
2011,PYS,W,PYS_W,PYS_W_2011,PYS_W_2011,2,2,1,2,1.75,0.50000,0,16,3,3,38,38,0,0,0,63,.,.,.,.
2011,PYW,C,PYW_C,PYW_C_2011,PYW_C_2011,7,8,6,7,7,0.81650,0,63,0,3,38,63,0,0,0,16,.,.,.,.
2011,PYW,C,PYW_C,PYW_C_2011,PYW_C_2011,5,6,5,7,5.75,0.95743,0,16,0,0,86,3,0,0,0,38,.,.,.,.
2011,PYW,C,PYW_C,PYW_C_2011,PYW_C_2011,5,7,4,4,5,1.41421,3,63,3,3,38,0,0,0,0,63,.,.,.,.
2011,PYW,C,PYW_C,PYW_C_2011,PYW_C_2011,6,5,3,6,5,1.41421,38,38,3,3,3,38,0,0,0,63,.,.,.,.
2011,PYW,C,PYW_C,PYW_C_2011,PYW_C_2011,4,2,9,4,4.75,2.98608,0,98,0,0,1,0,16,0,0,63,.,.,.,.
2011,PYW,C,PYW_C,PYW_C_2011,PYW_C_2011,5,4,5,5,4.75,0.50000,0,98,0,3,3,0,0,0,0,63,.,.,.,.
2011,PYW,C,PYW_C,PYW_C_2011,PYW_C_2011,4,6,2,5,4.25,1.70783,0,38,0,3,16,0,38,0,0,63,.,.,.,.
2011,PYW,C,PYW_C,PYW_C_2011,PYW_C_2011,3,5,3,4,3.75,0.95743,16,86,3,0,16,3,0,0,0,63,.,.,.,.
2011,PYW,C,PYW_C,PYW_C_2011,PYW_C_2011,5,4,3,3,3.75,0.95743,0,86,0,0,16,0,16,0,0,63,.,.,.,.
2011,PYW,C,PYW_C,PYW_C_2011,PYW_C_2011,4,5,4,2,3.75,1.25831,0,98,0,0,3,0,16,0,0,63,.,.,.,.
2011,PYW,C,PYW_C,PYW_C_2011,PYW_C_2011,3,3,4,4,3.5,0.57735,38,38,3,3,38,3,0,0,0,63,.,.,.,.
2011,PYW,C,PYW_C,PYW_C_2011,PYW_C_2011,3,3,3,4,3.25,0.50000,38,16,3,3,63,16,0,0,0,63,.,.,.,.
2011,PYW,C,PYW_C,PYW_C_2011,PYW_C_2011,4,3,3,3,3.25,0.50000,16,38,16,3,38,3,0,0,3,63,.,.,.,.
2011,PYW,C,PYW_C,PYW_C_2011,PYW_C_2011,3,3,4,3,3.25,0.50000,16,38,0,0,38,3,0,0,0,63,.,.,.,.
2011,PYW,C,PYW_C,PYW_C_2011,PYW_C_2011,3,3,3,3,3,0.00000,38,63,3,3,38,3,0,0,0,63,.,.,.,.
2011,PYW,C,PYW_C,PYW_C_2011,PYW_C_2011,2,2,5,3,3,1.41421,3,16,3,3,63,16,0,0,3,16,.,.,.,.
2011,PYW,C,PYW_C,PYW_C_2011,PYW_C_2011,2,3,4,3,3,0.81650,38,38,3,3,63,3,3,0,0,63,.,.,.,.
2011,PYW,C,PYW_C,PYW_C_2011,PYW_C_2011,3,3,3,3,3,0.00000,16,3,3,3,86,16,0,0,3,16,.,.,.,.
2011,PYW,C,PYW_C,PYW_C_2011,PYW_C_2011,3,3,3,2,2.75,0.50000,3,38,16,16,38,16,0,0,0,38,.,.,.,.
2011,PYW,C,PYW_C,PYW_C_2011,PYW_C_2011,3,3,2,3,2.75,0.50000,0,63,0,3,38,3,16,0,0,63,.,.,.,.
2011,PYW,C,PYW_C,PYW_C_2011,PYW_C_2011,3,3,2,3,2.75,0.50000,63,3,16,1,16,3,0,0,0,63,.,.,.,.
2011,PYW,C,PYW_C,PYW_C_2011,PYW_C_2011,3,3,2,3,2.75,0.50000,38,3,3,3,63,16,0,0,0,63,.,.,.,.
2011,PYW,C,PYW_C,PYW_C_2011,PYW_C_2011,3,2,2,3,2.5,0.57735,0,86,0,3,3,16,0,0,0,63,.,.,.,.
2011,PYW,C,PYW_C,PYW_C_2011,PYW_C_2011,2,2,3,3,2.5,0.57735,16,38,3,3,38,16,0,0,0,63,.,.,.,.
2011,PYW,C,PYW_C,PYW_C_2011,PYW_C_2011,2,3,3,2,2.5,0.57735,38,3,16,3,38,3,0,0,0,38,.,.,.,.
2011,PYW,C,PYW_C,PYW_C_2011,PYW_C_2011,3,3,2,2,2.5,0.57735,3,38,3,3,3,38,0,0,0,63,.,.,.,.
2011,PYW,C,PYW_C,PYW_C_2011,PYW_C_2011,3,2,3,2,2.5,0.57735,16,3,3,0,16,16,0,0,0,63,.,.,.,.
2011,PYW,C,PYW_C,PYW_C_2011,PYW_C_2011,2,2,2,2,2,0.00000,3,16,3,3,63,3,0,0,16,38,.,.,.,.
2011,PYW,C,PYW_C,PYW_C_2011,PYW_C_2011,2,2,2,2,2,0.00000,16,3,0,16,0,1,0,0,0,38,.,.,.,.
2011,PYW,C,PYW_C,PYW_C_2011,PYW_C_2011,2,2,2,1,1.75,0.50000,3,3,3,3,38,38,0,0,0,63,.,.,.,.
2011,PYW,N,PYW_N,PYW_N_2011,PYW_N_2011,4,5,6,5,5,0.81650,0,86,0,3,3,1,0,0,0,38,.,.,.,.
2011,PYW,N,PYW_N,PYW_N_2011,PYW_N_2011,4,7,3,5,4.75,1.70783,0,38,0,0,38,0,38,0,0,63,.,.,.,.
2011,PYW,N,PYW_N,PYW_N_2011,PYW_N_2011,5,6,4,4,4.75,0.95743,0,86,0,0,16,3,16,0,0,63,.,.,.,.
2011,PYW,N,PYW_N,PYW_N_2011,PYW_N_2011,4,3,5,4,4,0.81650,0,86,0,3,16,16,0,0,0,63,.,.,.,.
2011,PYW,N,PYW_N,PYW_N_2011,PYW_N_2011,4,4,5,3,4,0.81650,0,63,3,3,38,3,0,0,0,63,.,.,.,.
2011,PYW,N,PYW_N,PYW_N_2011,PYW_N_2011,5,5,3,2,3.75,1.50000,3,38,0,3,3,63,0,0,16,38,.,.,.,.
2011,PYW,N,PYW_N,PYW_N_2011,PYW_N_2011,3,3,4,4,3.5,0.57735,16,38,3,3,16,16,0,0,0,63,.,.,.,.
2011,PYW,N,PYW_N,PYW_N_2011,PYW_N_2011,3,3,3,4,3.25,0.50000,0,86,0,16,16,3,0,0,0,63,.,.,.,.
2011,PYW,N,PYW_N,PYW_N_2011,PYW_N_2011,3,4,3,3,3.25,0.50000,38,63,0,3,38,16,0,0,0,63,.,.,.,.
2011,PYW,N,PYW_N,PYW_N_2011,PYW_N_2011,4,3,3,2,3,0.81650,0,38,0,3,38,16,0,0,0,63,.,.,.,.
2011,PYW,N,PYW_N,PYW_N_2011,PYW_N_2011,3,3,3,3,3,0.00000,0,63,3,3,16,3,0,0,0,63,.,.,.,.
2011,PYW,N,PYW_N,PYW_N_2011,PYW_N_2011,3,3,3,3,3,0.00000,3,38,16,3,38,16,0,0,0,63,.,.,.,.
2011,PYW,N,PYW_N,PYW_N_2011,PYW_N_2011,2,3,3,3,2.75,0.50000,0,63,0,3,38,3,0,0,16,38,.,.,.,.
2011,PYW,N,PYW_N,PYW_N_2011,PYW_N_2011,2,3,3,3,2.75,0.50000,16,16,0,3,38,16,0,0,3,63,.,.,.,.
2011,PYW,N,PYW_N,PYW_N_2011,PYW_N_2011,2,3,3,3,2.75,0.50000,16,63,3,3,16,38,0,0,0,63,.,.,.,.
2011,PYW,N,PYW_N,PYW_N_2011,PYW_N_2011,3,3,3,2,2.75,0.50000,16,38,3,3,38,3,0,0,0,63,.,.,.,.
2011,PYW,N,PYW_N,PYW_N_2011,PYW_N_2011,3,2,2,3,2.5,0.57735,3,38,3,3,63,3,0,0,3,38,.,.,.,.
2011,PYW,N,PYW_N,PYW_N_2011,PYW_N_2011,2,3,3,2,2.5,0.57735,3,16,16,3,38,16,0,0,0,38,.,.,.,.
2011,PYW,N,PYW_N,PYW_N_2011,PYW_N_2011,3,2,2,3,2.5,0.57735,0,16,3,3,63,3,0,0,1,63,.,.,.,.
2011,PYW,N,PYW_N,PYW_N_2011,PYW_N_2011,2,2,3,3,2.5,0.57735,3,16,16,3,16,16,0,0,0,63,.,.,.,.
2011,PYW,N,PYW_N,PYW_N_2011,PYW_N_2011,4,2,2,2,2.5,1.00000,16,16,3,3,63,3,0,0,3,16,.,.,.,.
2011,PYW,N,PYW_N,PYW_N_2011,PYW_N_2011,3,2,2,3,2.5,0.57735,3,38,16,3,63,38,0,0,0,63,.,.,.,.
2011,PYW,N,PYW_N,PYW_N_2011,PYW_N_2011,2,2,3,2,2.25,0.50000,3,3,3,3,63,38,0,0,0,38,.,.,.,.
2011,PYW,N,PYW_N,PYW_N_2011,PYW_N_2011,3,2,2,2,2.25,0.50000,16,3,3,3,38,38,0,0,16,38,.,.,.,.
2011,PYW,N,PYW_N,PYW_N_2011,PYW_N_2011,2,2,2,2,2,0.00000,16,16,3,3,63,3,0,0,3,38,.,.,.,.
2011,PYW,N,PYW_N,PYW_N_2011,PYW_N_2011,2,2,1,2,1.75,0.50000,16,3,3,0,16,63,0,0,3,38,.,.,.,.
2011,PYW,N,PYW_N,PYW_N_2011,PYW_N_2011,1,3,1,1,1.5,1.00000,3,16,3,3,3,86,0,0,3,3,.,.,.,.
2011,PYW,N,PYW_N,PYW_N_2011,PYW_N_2011,1,1,2,1,1.25,0.50000,0,16,3,0,16,86,0,0,3,16,.,.,.,.
2011,PYW,N,PYW_N,PYW_N_2011,PYW_N_2011,2,1,1,1,1.25,0.50000,3,3,3,0,3,16,0,0,86,3,.,.,.,.
2011,PYW,N,PYW_N,PYW_N_2011,PYW_N_2011,1,1,1,1,1,0.00000,0,38,3,3,3,38,0,0,3,3,.,.,.,.
2011,PYW,S,PYW_S,PYW_S_2011,PYW_S_2011,7,7,5,8,6.75,1.25831,3,16,3,3,86,3,0,0,0,63,.,.,.,.
2011,PYW,S,PYW_S,PYW_S_2011,PYW_S_2011,5,8,5,7,6.25,1.50000,86,3,0,3,16,0,0,0,0,86,.,.,.,.
2011,PYW,S,PYW_S,PYW_S_2011,PYW_S_2011,7,7,6,5,6.25,0.95743,86,3,0,0,3,16,0,0,0,86,.,.,.,.
2011,PYW,S,PYW_S,PYW_S_2011,PYW_S_2011,3,11,6,4,6,3.55903,38,38,0,3,16,0,0,0,0,63,.,.,.,.
2011,PYW,S,PYW_S,PYW_S_2011,PYW_S_2011,6,6,5,5,5.5,0.57735,86,3,0,0,16,38,0,0,0,63,.,.,.,.
2011,PYW,S,PYW_S,PYW_S_2011,PYW_S_2011,6,5,3,5,4.75,1.25831,16,63,16,16,16,0,0,0,0,63,.,.,.,.
2011,PYW,S,PYW_S,PYW_S_2011,PYW_S_2011,8,5,3,3,4.75,2.36291,16,38,0,16,16,0,0,0,0,63,.,.,.,.
2011,PYW,S,PYW_S,PYW_S_2011,PYW_S_2011,5,5,5,4,4.75,0.50000,38,16,3,3,38,1,0,0,0,86,.,.,.,.
2011,PYW,S,PYW_S,PYW_S_2011,PYW_S_2011,5,5,4,5,4.75,0.50000,38,38,0,0,3,3,0,0,0,86,.,.,.,.
2011,PYW,S,PYW_S,PYW_S_2011,PYW_S_2011,5,4,5,4,4.5,0.57735,38,3,38,38,3,3,16,0,0,63,.,.,.,.
2011,PYW,S,PYW_S,PYW_S_2011,PYW_S_2011,5,4,5,4,4.5,0.57735,86,3,3,3,3,0,0,0,0,63,.,.,.,.
2011,PYW,S,PYW_S,PYW_S_2011,PYW_S_2011,4,5,4,4,4.25,0.50000,3,3,86,86,3,16,0,0,0,63,.,.,.,.
2011,PYW,S,PYW_S,PYW_S_2011,PYW_S_2011,4,4,4,4,4,0.00000,16,16,3,3,3,86,0,0,0,38,.,.,.,.
2011,PYW,S,PYW_S,PYW_S_2011,PYW_S_2011,5,4,3,3,3.75,0.95743,16,38,3,3,38,16,0,0,0,63,.,.,.,.
2011,PYW,S,PYW_S,PYW_S_2011,PYW_S_2011,4,5,3,3,3.75,0.95743,63,16,3,3,3,16,0,0,0,63,.,.,.,.
2011,PYW,S,PYW_S,PYW_S_2011,PYW_S_2011,3,3,3,5,3.5,1.00000,3,38,0,16,16,16,0,0,0,63,.,.,.,.
2011,PYW,S,PYW_S,PYW_S_2011,PYW_S_2011,5,4,3,2,3.5,1.29099,38,3,3,3,16,3,0,0,0,63,.,.,.,.
2011,PYW,S,PYW_S,PYW_S_2011,PYW_S_2011,4,4,3,3,3.5,0.57735,0,86,3,3,3,0,0,0,0,63,.,.,.,.
2011,PYW,S,PYW_S,PYW_S_2011,PYW_S_2011,4,3,3,4,3.5,0.57735,63,3,0,3,16,3,0,0,0,63,.,.,.,.
2011,PYW,S,PYW_S,PYW_S_2011,PYW_S_2011,4,4,3,3,3.5,0.57735,16,38,3,3,3,16,0,0,0,63,.,.,.,.
2011,PYW,S,PYW_S,PYW_S_2011,PYW_S_2011,3,5,3,2,3.25,1.25831,38,3,3,0,1,63,0,0,0,63,.,.,.,.
2011,PYW,S,PYW_S,PYW_S_2011,PYW_S_2011,3,4,3,3,3.25,0.50000,16,16,3,16,16,38,0,0,0,63,.,.,.,.
2011,PYW,S,PYW_S,PYW_S_2011,PYW_S_2011,3,3,4,3,3.25,0.50000,63,16,0,3,1,16,0,0,0,63,.,.,.,.
2011,PYW,S,PYW_S,PYW_S_2011,PYW_S_2011,3,3,4,3,3.25,0.50000,3,16,0,3,3,38,0,0,0,63,.,.,.,.
2011,PYW,S,PYW_S,PYW_S_2011,PYW_S_2011,3,3,3,3,3,0.00000,3,16,3,16,38,38,0,0,0,63,.,.,.,.
2011,PYW,S,PYW_S,PYW_S_2011,PYW_S_2011,3,3,3,3,3,0.00000,16,16,0,3,63,3,0,0,0,63,.,.,.,.
2011,PYW,S,PYW_S,PYW_S_2011,PYW_S_2011,3,3,3,3,3,0.00000,3,16,63,63,3,3,0,0,0,63,.,.,.,.
2011,PYW,S,PYW_S,PYW_S_2011,PYW_S_2011,3,3,3,3,3,0.00000,16,38,3,16,16,3,3,0,0,63,.,.,.,.
2011,PYW,S,PYW_S,PYW_S_2011,PYW_S_2011,3,3,3,2,2.75,0.50000,16,38,3,3,3,16,0,0,0,63,.,.,.,.
2011,PYW,S,PYW_S,PYW_S_2011,PYW_S_2011,2,3,2,2,2.25,0.50000,16,16,0,16,3,3,0,0,0,63,.,.,.,.
2011,RCH2007,N,RCH2007_N,RCH2007_N_2011,RCH2007_N_2011,7,6,7,5,6.25,0.95743,0,16,3,38,63,0,0,0,0,63,.,.,.,.
2011,RCH2007,N,RCH2007_N,RCH2007_N_2011,RCH2007_N_2011,10,4,6,4,6,2.82843,0,38,0,16,63,0,0,0,0,86,.,.,.,.
2011,RCH2007,N,RCH2007_N,RCH2007_N_2011,RCH2007_N_2011,5,7,5,5,5.5,1.00000,0,3,0,86,16,0,0,0,0,63,.,.,.,.
2011,RCH2007,N,RCH2007_N,RCH2007_N_2011,RCH2007_N_2011,4,4,4,9,5.25,2.50000,0,16,3,63,16,3,16,0,0,63,.,.,.,.
2011,RCH2007,N,RCH2007_N,RCH2007_N_2011,RCH2007_N_2011,6,4,5,5,5,0.81650,0,16,0,16,38,63,0,0,0,63,.,.,.,.
2011,RCH2007,N,RCH2007_N,RCH2007_N_2011,RCH2007_N_2011,8,5,2,5,5,2.44949,0,38,0,16,63,0,0,0,0,63,.,.,.,.
2011,RCH2007,N,RCH2007_N,RCH2007_N_2011,RCH2007_N_2011,3,4,8,4,4.75,2.21736,0,63,16,38,16,0,0,0,0,63,.,.,.,.
2011,RCH2007,N,RCH2007_N,RCH2007_N_2011,RCH2007_N_2011,5,2,6,6,4.75,1.89297,0,16,3,63,38,0,16,0,0,63,.,.,.,.
2011,RCH2007,N,RCH2007_N,RCH2007_N_2011,RCH2007_N_2011,4,5,5,4,4.5,0.57735,0,0,0,86,0,0,0,0,0,63,.,.,.,.
2011,RCH2007,N,RCH2007_N,RCH2007_N_2011,RCH2007_N_2011,5,5,4,4,4.5,0.57735,0,16,0,63,16,0,0,0,0,86,.,.,.,.
2011,RCH2007,N,RCH2007_N,RCH2007_N_2011,RCH2007_N_2011,3,4,5,6,4.5,1.29099,0,38,3,16,63,0,0,0,0,63,.,.,.,.
2011,RCH2007,N,RCH2007_N,RCH2007_N_2011,RCH2007_N_2011,4,4,6,4,4.5,1.00000,0,38,3,63,16,0,0,0,0,86,.,.,.,.
2011,RCH2007,N,RCH2007_N,RCH2007_N_2011,RCH2007_N_2011,5,4,4,4,4.25,0.50000,0,63,3,16,63,0,0,0,0,63,.,.,.,.
2011,RCH2007,N,RCH2007_N,RCH2007_N_2011,RCH2007_N_2011,5,4,4,4,4.25,0.50000,0,16,0,38,16,63,0,0,0,63,.,.,.,.
2011,RCH2007,N,RCH2007_N,RCH2007_N_2011,RCH2007_N_2011,4,4,4,4,4,0.00000,0,38,16,38,38,0,0,0,0,63,.,.,.,.
2011,RCH2007,N,RCH2007_N,RCH2007_N_2011,RCH2007_N_2011,5,5,4,2,4,1.41421,0,38,3,16,16,0,16,0,0,63,.,.,.,.
2011,RCH2007,N,RCH2007_N,RCH2007_N_2011,RCH2007_N_2011,4,4,4,4,4,0.00000,0,3,0,63,16,0,0,0,0,63,.,.,.,.
2011,RCH2007,N,RCH2007_N,RCH2007_N_2011,RCH2007_N_2011,5,4,4,2,3.75,1.25831,3,38,0,16,38,0,0,0,0,63,.,.,.,.
2011,RCH2007,N,RCH2007_N,RCH2007_N_2011,RCH2007_N_2011,4,4,3,4,3.75,0.50000,0,0,16,86,16,3,0,0,0,63,.,.,.,.
2011,RCH2007,N,RCH2007_N,RCH2007_N_2011,RCH2007_N_2011,4,4,4,3,3.75,0.50000,0,38,3,38,3,0,0,0,0,86,.,.,.,.
2011,RCH2007,N,RCH2007_N,RCH2007_N_2011,RCH2007_N_2011,3,4,4,2,3.25,0.95743,0,16,0,38,16,86,0,0,0,63,.,.,.,.
2011,RCH2007,N,RCH2007_N,RCH2007_N_2011,RCH2007_N_2011,3,2,4,4,3.25,0.95743,0,38,0,38,3,0,0,0,0,63,.,.,.,.
2011,RCH2007,N,RCH2007_N,RCH2007_N_2011,RCH2007_N_2011,3,3,3,4,3.25,0.50000,0,16,0,63,16,0,16,0,0,63,.,.,.,.
2011,RCH2007,N,RCH2007_N,RCH2007_N_2011,RCH2007_N_2011,3,3,4,3,3.25,0.50000,0,38,0,38,38,0,0,0,0,86,.,.,.,.
2011,RCH2007,N,RCH2007_N,RCH2007_N_2011,RCH2007_N_2011,2,2,3,5,3,1.41421,0,16,3,38,38,0,0,0,0,63,.,.,.,.
2011,RCH2007,N,RCH2007_N,RCH2007_N_2011,RCH2007_N_2011,4,4,2,2,3,1.15470,0,63,3,38,38,3,0,0,0,63,.,.,.,.
2011,RCH2007,N,RCH2007_N,RCH2007_N_2011,RCH2007_N_2011,2,5,2,2,2.75,1.50000,0,38,0,16,16,3,16,0,0,63,.,.,.,.
2011,RCH2007,N,RCH2007_N,RCH2007_N_2011,RCH2007_N_2011,2,2,4,3,2.75,0.95743,0,38,0,63,1,38,0,0,0,63,.,.,.,.
2011,RCH2007,N,RCH2007_N,RCH2007_N_2011,RCH2007_N_2011,3,3,2,2,2.5,0.57735,0,38,0,38,16,0,0,0,0,86,.,.,.,.
2011,RCH2007,N,RCH2007_N,RCH2007_N_2011,RCH2007_N_2011,2,2,2,2,2,0.00000,0,38,0,38,16,0,3,0,0,86,.,.,.,.
2011,RCH2007,S,RCH2007_S,RCH2007_S_2011,RCH2007_S_2011,6,8,8,6,7,1.15470,0,0,0,86,0,0,38,0,0,86,.,.,.,.
2011,RCH2007,S,RCH2007_S,RCH2007_S_2011,RCH2007_S_2011,11,7,4,5,6.75,3.09570,0,63,0,38,63,0,38,0,0,63,.,.,.,.
2011,RCH2007,S,RCH2007_S,RCH2007_S_2011,RCH2007_S_2011,6,8,6,5,6.25,1.25831,0,38,16,16,38,0,38,0,0,63,.,.,.,.
2011,RCH2007,S,RCH2007_S,RCH2007_S_2011,RCH2007_S_2011,8,4,5,7,6,1.82574,0,38,0,63,16,0,38,0,0,63,.,.,.,.
2011,RCH2007,S,RCH2007_S,RCH2007_S_2011,RCH2007_S_2011,5,7,6,2,5,2.16025,0,63,0,16,63,0,0,0,0,86,.,.,.,.
2011,RCH2007,S,RCH2007_S,RCH2007_S_2011,RCH2007_S_2011,3,10,2,4,4.75,3.59398,0,63,0,3,38,0,16,0,0,63,.,.,.,.
2011,RCH2007,S,RCH2007_S,RCH2007_S_2011,RCH2007_S_2011,4,3,7,5,4.75,1.70783,0,38,3,38,16,0,16,0,0,86,.,.,.,.
2011,RCH2007,S,RCH2007_S,RCH2007_S_2011,RCH2007_S_2011,4,4,5,4,4.25,0.50000,0,0,0,86,0,0,16,0,0,86,.,.,.,.
2011,RCH2007,S,RCH2007_S,RCH2007_S_2011,RCH2007_S_2011,4,3,5,5,4.25,0.95743,0,86,0,0,16,0,16,0,0,86,.,.,.,.
2011,RCH2007,S,RCH2007_S,RCH2007_S_2011,RCH2007_S_2011,3,5,4,5,4.25,0.95743,0,63,0,3,38,0,0,0,0,63,.,.,.,.
2011,RCH2007,S,RCH2007_S,RCH2007_S_2011,RCH2007_S_2011,4,4,4,4,4,0.00000,0,16,38,63,16,3,0,0,16,63,.,.,.,.
2011,RCH2007,S,RCH2007_S,RCH2007_S_2011,RCH2007_S_2011,5,3,4,3,3.75,0.95743,16,38,0,16,16,38,0,0,0,86,.,.,.,.
2011,RCH2007,S,RCH2007_S,RCH2007_S_2011,RCH2007_S_2011,3,4,4,4,3.75,0.50000,0,86,0,16,38,0,0,0,0,63,.,.,.,.
2011,RCH2007,S,RCH2007_S,RCH2007_S_2011,RCH2007_S_2011,4,4,4,3,3.75,0.50000,0,16,0,63,16,0,3,0,0,86,.,.,.,.
2011,RCH2007,S,RCH2007_S,RCH2007_S_2011,RCH2007_S_2011,4,3,4,3,3.5,0.57735,0,63,0,16,38,0,0,0,0,63,.,.,.,.
2011,RCH2007,S,RCH2007_S,RCH2007_S_2011,RCH2007_S_2011,4,2,4,4,3.5,1.00000,0,63,0,16,38,0,0,0,0,63,.,.,.,.
2011,RCH2007,S,RCH2007_S,RCH2007_S_2011,RCH2007_S_2011,4,3,2,4,3.25,0.95743,0,38,0,38,38,0,16,0,0,63,.,.,.,.
2011,RCH2007,S,RCH2007_S,RCH2007_S_2011,RCH2007_S_2011,4,2,4,3,3.25,0.95743,0,38,3,16,63,0,0,0,0,86,.,.,.,.
2011,RCH2007,S,RCH2007_S,RCH2007_S_2011,RCH2007_S_2011,3,4,4,2,3.25,0.95743,0,86,0,3,3,0,0,0,0,86,.,.,.,.
2011,RCH2007,S,RCH2007_S,RCH2007_S_2011,RCH2007_S_2011,4,3,3,3,3.25,0.50000,0,38,0,63,3,0,0,0,0,86,.,.,.,.
2011,RCH2007,S,RCH2007_S,RCH2007_S_2011,RCH2007_S_2011,4,3,2,3,3,0.81650,0,63,16,0,38,0,0,0,0,63,.,.,.,.
2011,RCH2007,S,RCH2007_S,RCH2007_S_2011,RCH2007_S_2011,3,2,4,3,3,0.81650,16,16,0,38,38,0,0,0,0,63,.,.,.,.
2011,RCH2007,S,RCH2007_S,RCH2007_S_2011,RCH2007_S_2011,2,2,3,4,2.75,0.95743,0,63,16,16,16,0,3,0,0,86,.,.,.,.
2011,RCH2007,S,RCH2007_S,RCH2007_S_2011,RCH2007_S_2011,2,3,4,2,2.75,0.95743,38,38,16,16,3,0,0,0,0,86,.,.,.,.
2011,RCH2007,S,RCH2007_S,RCH2007_S_2011,RCH2007_S_2011,3,2,2,3,2.5,0.57735,0,16,16,38,38,0,0,0,0,86,.,.,.,.
2011,RCH2007,S,RCH2007_S,RCH2007_S_2011,RCH2007_S_2011,4,2,2,2,2.5,1.00000,0,63,3,16,16,0,0,0,0,86,.,.,.,.
2011,RCH2007,S,RCH2007_S,RCH2007_S_2011,RCH2007_S_2011,3,2,2,3,2.5,0.57735,0,63,0,38,16,0,3,0,0,86,.,.,.,.
2011,RCH2007,S,RCH2007_S,RCH2007_S_2011,RCH2007_S_2011,3,2,2,2,2.25,0.50000,38,38,0,16,16,0,0,0,0,63,.,.,.,.
2011,RCH2007,S,RCH2007_S,RCH2007_S_2011,RCH2007_S_2011,3,2,2,2,2.25,0.50000,0,38,0,38,16,63,0,0,0,86,.,.,.,.
2011,RCH2007,W,RCH2007_W,RCH2007_W_2011,RCH2007_W_2011,11,10,10,9,10,0.81650,0,16,0,63,86,0,16,0,0,63,.,.,.,.
2011,RCH2007,W,RCH2007_W,RCH2007_W_2011,RCH2007_W_2011,9,11,6,6,8,2.44949,0,63,0,16,86,0,16,0,0,86,.,.,.,.
2011,RCH2007,W,RCH2007_W,RCH2007_W_2011,RCH2007_W_2011,9,8,7,8,8,0.81650,0,0,0,86,16,0,38,0,0,86,.,.,.,.
2011,RCH2007,W,RCH2007_W,RCH2007_W_2011,RCH2007_W_2011,8,7,7,5,6.75,1.25831,0,38,0,63,63,0,16,0,0,86,.,.,.,.
2011,RCH2007,W,RCH2007_W,RCH2007_W_2011,RCH2007_W_2011,6,5,7,6,6,0.81650,0,3,0,63,16,0,16,0,0,98,.,.,.,.
2011,RCH2007,W,RCH2007_W,RCH2007_W_2011,RCH2007_W_2011,6,4,6,7,5.75,1.25831,0,63,0,16,38,0,38,0,3,86,.,.,.,.
2011,RCH2007,W,RCH2007_W,RCH2007_W_2011,RCH2007_W_2011,5,8,4,5,5.5,1.73205,0,16,3,63,3,0,16,0,0,63,.,.,.,.
2011,RCH2007,W,RCH2007_W,RCH2007_W_2011,RCH2007_W_2011,6,6,6,4,5.5,1.00000,0,38,0,38,63,0,0,0,0,86,.,.,.,.
2011,RCH2007,W,RCH2007_W,RCH2007_W_2011,RCH2007_W_2011,4,5,8,4,5.25,1.89297,38,38,0,0,38,16,0,0,0,86,.,.,.,.
2011,RCH2007,W,RCH2007_W,RCH2007_W_2011,RCH2007_W_2011,4,3,6,8,5.25,2.21736,0,86,0,3,38,0,0,0,0,63,.,.,.,.
2011,RCH2007,W,RCH2007_W,RCH2007_W_2011,RCH2007_W_2011,5,4,4,7,5,1.41421,0,16,3,63,3,0,38,0,0,86,.,.,.,.
2011,RCH2007,W,RCH2007_W,RCH2007_W_2011,RCH2007_W_2011,6,4,5,4,4.75,0.95743,0,86,3,16,38,0,16,0,1,63,.,.,.,.
2011,RCH2007,W,RCH2007_W,RCH2007_W_2011,RCH2007_W_2011,4,4,4,7,4.75,1.50000,16,63,0,3,16,0,16,0,0,63,.,.,.,.
2011,RCH2007,W,RCH2007_W,RCH2007_W_2011,RCH2007_W_2011,4,6,4,4,4.5,1.00000,0,16,0,63,0,0,0,0,0,86,.,.,.,.
2011,RCH2007,W,RCH2007_W,RCH2007_W_2011,RCH2007_W_2011,4,5,6,3,4.5,1.29099,0,16,3,16,63,0,0,0,0,63,.,.,.,.
2011,RCH2007,W,RCH2007_W,RCH2007_W_2011,RCH2007_W_2011,4,4,4,4,4,0.00000,0,38,0,38,38,0,0,0,0,86,.,.,.,.
2011,RCH2007,W,RCH2007_W,RCH2007_W_2011,RCH2007_W_2011,4,4,4,4,4,0.00000,0,38,16,38,16,0,0,0,0,86,.,.,.,.
2011,RCH2007,W,RCH2007_W,RCH2007_W_2011,RCH2007_W_2011,4,4,4,3,3.75,0.50000,0,38,3,63,3,0,0,0,0,86,.,.,.,.
2011,RCH2007,W,RCH2007_W,RCH2007_W_2011,RCH2007_W_2011,3,5,3,4,3.75,0.95743,0,38,0,38,16,0,0,0,0,63,.,.,.,.
2011,RCH2007,W,RCH2007_W,RCH2007_W_2011,RCH2007_W_2011,4,3,4,4,3.75,0.50000,0,86,3,3,16,16,0,0,0,63,.,.,.,.
2011,RCH2007,W,RCH2007_W,RCH2007_W_2011,RCH2007_W_2011,3,4,4,3,3.5,0.57735,0,63,0,3,16,0,0,0,1,86,.,.,.,.
2011,RCH2007,W,RCH2007_W,RCH2007_W_2011,RCH2007_W_2011,4,3,4,3,3.5,0.57735,0,16,0,38,16,86,0,0,0,63,.,.,.,.
2011,RCH2007,W,RCH2007_W,RCH2007_W_2011,RCH2007_W_2011,4,2,4,4,3.5,1.00000,3,38,0,38,38,0,0,0,0,63,.,.,.,.
2011,RCH2007,W,RCH2007_W,RCH2007_W_2011,RCH2007_W_2011,5,2,3,3,3.25,1.25831,0,38,0,16,38,0,0,0,1,63,.,.,.,.
2011,RCH2007,W,RCH2007_W,RCH2007_W_2011,RCH2007_W_2011,5,3,3,2,3.25,1.25831,0,63,3,16,16,0,0,0,0,86,.,.,.,.
2011,RCH2007,W,RCH2007_W,RCH2007_W_2011,RCH2007_W_2011,2,2,3,5,3,1.41421,16,38,3,16,16,0,16,0,0,63,.,.,.,.
2011,RCH2007,W,RCH2007_W,RCH2007_W_2011,RCH2007_W_2011,4,2,3,2,2.75,0.95743,0,38,38,38,16,0,0,0,0,63,.,.,.,.
2011,RCH2007,W,RCH2007_W,RCH2007_W_2011,RCH2007_W_2011,3,3,2,2,2.5,0.57735,0,63,16,16,16,38,0,0,0,63,.,.,.,.
2011,RCH2007,W,RCH2007_W,RCH2007_W_2011,RCH2007_W_2011,2,2,4,2,2.5,1.00000,0,38,0,38,16,63,0,0,0,63,.,.,.,.
2011,RIN,E,RIN_E,RIN_E_2011,RIN_E_2011,20,17,20,20,19.25,1.50000,0,0,63,63,63,0,0,0,86,38,.,.,.,.
2011,RIN,E,RIN_E,RIN_E_2011,RIN_E_2011,19,19,17,17,18,1.15470,0,0,0,38,98,0,16,0,63,38,.,.,.,.
2011,RIN,E,RIN_E,RIN_E_2011,RIN_E_2011,16,17,17,16,16.5,0.57735,0,0,0,16,98,0,16,0,86,38,.,.,.,.
2011,RIN,E,RIN_E,RIN_E_2011,RIN_E_2011,16,15,16,16,15.75,0.50000,0,0,0,16,86,0,63,0,86,38,.,.,.,.
2011,RIN,E,RIN_E,RIN_E_2011,RIN_E_2011,13,12,14,11,12.5,1.29099,0,0,0,86,63,0,0,0,38,63,.,.,.,.
2011,RIN,E,RIN_E,RIN_E_2011,RIN_E_2011,10,14,12,8,11,2.58199,0,0,0,86,63,0,0,0,38,86,.,.,.,.
2011,RIN,E,RIN_E,RIN_E_2011,RIN_E_2011,10,10,10,8,9.5,1.00000,63,0,98,16,63,16,0,0,38,63,.,.,.,.
2011,RIN,E,RIN_E,RIN_E_2011,RIN_E_2011,9,8,8,8,8.25,0.50000,63,0,98,16,63,16,0,0,16,86,.,.,.,.
2011,RIN,E,RIN_E,RIN_E_2011,RIN_E_2011,9,6,9,8,8,1.41421,38,0,98,38,86,38,63,0,38,63,.,.,.,.
2011,RIN,E,RIN_E,RIN_E_2011,RIN_E_2011,8,7,6,8,7.25,0.95743,63,0,86,63,63,16,0,0,16,86,.,.,.,.
2011,RIN,E,RIN_E,RIN_E_2011,RIN_E_2011,6,6,7,8,6.75,0.95743,63,0,98,63,38,16,0,0,16,86,.,.,.,.
2011,RIN,E,RIN_E,RIN_E_2011,RIN_E_2011,7,7,6,6,6.5,0.57735,86,0,98,16,63,0,0,0,16,86,.,.,.,.
2011,RIN,E,RIN_E,RIN_E_2011,RIN_E_2011,6,8,6,5,6.25,1.25831,86,0,98,38,38,0,0,0,38,63,.,.,.,.
2011,RIN,E,RIN_E,RIN_E_2011,RIN_E_2011,6,6,7,6,6.25,0.50000,38,0,98,63,86,16,0,0,38,63,.,.,.,.
2011,RIN,E,RIN_E,RIN_E_2011,RIN_E_2011,6,6,5,8,6.25,1.25831,63,0,98,63,38,16,0,0,16,63,.,.,.,.
2011,RIN,E,RIN_E,RIN_E_2011,RIN_E_2011,8,5,6,6,6.25,1.25831,63,0,98,38,63,38,0,0,16,86,.,.,.,.
2011,RIN,E,RIN_E,RIN_E_2011,RIN_E_2011,5,8,6,5,6,1.41421,38,0,98,38,63,16,0,0,38,86,.,.,.,.
2011,RIN,E,RIN_E,RIN_E_2011,RIN_E_2011,7,6,6,5,6,0.81650,63,0,98,16,63,16,16,0,16,86,.,.,.,.
2011,RIN,E,RIN_E,RIN_E_2011,RIN_E_2011,7,6,6,5,6,0.81650,63,0,98,16,86,16,38,0,16,86,.,.,.,.
2011,RIN,E,RIN_E,RIN_E_2011,RIN_E_2011,7,6,5,5,5.75,0.95743,63,0,98,63,38,0,0,0,38,63,.,.,.,.
2011,RIN,E,RIN_E,RIN_E_2011,RIN_E_2011,6,6,6,5,5.75,0.50000,63,0,98,38,63,0,0,0,38,86,.,.,.,.
2011,RIN,E,RIN_E,RIN_E_2011,RIN_E_2011,5,5,6,6,5.5,0.57735,63,0,98,38,63,38,0,0,3,86,.,.,.,.
2011,RIN,E,RIN_E,RIN_E_2011,RIN_E_2011,6,5,5,6,5.5,0.57735,63,0,98,38,63,16,0,0,16,86,.,.,.,.
2011,RIN,E,RIN_E,RIN_E_2011,RIN_E_2011,6,5,5,6,5.5,0.57735,0,0,98,16,63,3,0,0,16,86,.,.,.,.
2011,RIN,E,RIN_E,RIN_E_2011,RIN_E_2011,5,5,6,6,5.5,0.57735,63,0,98,63,38,0,0,0,16,63,.,.,.,.
2011,RIN,E,RIN_E,RIN_E_2011,RIN_E_2011,5,5,6,5,5.25,0.50000,63,0,98,63,38,0,0,0,16,63,.,.,.,.
2011,RIN,E,RIN_E,RIN_E_2011,RIN_E_2011,6,5,5,5,5.25,0.50000,63,0,98,63,38,0,16,0,38,63,.,.,.,.
2011,RIN,E,RIN_E,RIN_E_2011,RIN_E_2011,5,6,5,5,5.25,0.50000,38,0,98,86,38,0,3,0,38,63,.,.,.,.
2011,RIN,E,RIN_E,RIN_E_2011,RIN_E_2011,5,6,6,4,5.25,0.95743,86,0,98,16,63,16,16,0,16,86,.,.,.,.
2011,RIN,E,RIN_E,RIN_E_2011,RIN_E_2011,5,6,6,4,5.25,0.95743,63,0,98,63,38,0,0,0,38,63,.,.,.,.
2011,RIN,E,RIN_E,RIN_E_2011,RIN_E_2011,5,5,4,6,5,0.81650,38,0,98,38,63,0,0,0,38,63,.,.,.,.
2011,RIN,E,RIN_E,RIN_E_2011,RIN_E_2011,4,4,5,6,4.75,0.95743,38,0,98,63,63,0,0,0,38,63,.,.,.,.
2011,RIN,E,RIN_E,RIN_E_2011,RIN_E_2011,5,4,4,4,4.25,0.50000,38,0,98,38,63,0,0,0,38,63,.,.,.,.
2011,RIN,E,RIN_E,RIN_E_2011,RIN_E_2011,4,4,3,3,3.5,0.57735,38,0,98,38,63,3,0,0,86,38,.,.,.,.
2011,RIN,S,RIN_S,RIN_S_2011,RIN_S_2011,12,12,13,13,12.5,0.57735,0,0,0,0,98,16,0,3,63,38,.,.,.,.
2011,RIN,S,RIN_S,RIN_S_2011,RIN_S_2011,11,9,7,6,8.25,2.21736,86,0,98,16,38,0,0,0,3,86,.,.,.,.
2011,RIN,S,RIN_S,RIN_S_2011,RIN_S_2011,10,5,9,8,8,2.16025,63,0,98,1,86,16,63,0,3,86,.,.,.,.
2011,RIN,S,RIN_S,RIN_S_2011,RIN_S_2011,8,6,8,7,7.25,0.95743,38,0,98,38,86,0,16,0,38,63,.,.,.,.
2011,RIN,S,RIN_S,RIN_S_2011,RIN_S_2011,7,7,7,8,7.25,0.50000,16,0,98,38,86,63,0,0,16,86,.,.,.,.
2011,RIN,S,RIN_S,RIN_S_2011,RIN_S_2011,6,7,7,8,7,0.81650,63,0,98,38,63,0,0,0,16,86,.,.,.,.
2011,RIN,S,RIN_S,RIN_S_2011,RIN_S_2011,5,7,7,7,6.5,1.00000,38,0,98,16,86,0,63,0,3,86,.,.,.,.
2011,RIN,S,RIN_S,RIN_S_2011,RIN_S_2011,7,5,7,7,6.5,1.00000,63,0,98,16,63,0,16,0,1,98,.,.,.,.
2011,RIN,S,RIN_S,RIN_S_2011,RIN_S_2011,7,7,6,6,6.5,0.57735,86,0,98,38,38,0,0,0,3,86,.,.,.,.
2011,RIN,S,RIN_S,RIN_S_2011,RIN_S_2011,6,6,7,6,6.25,0.50000,63,0,98,16,63,0,0,0,3,86,.,.,.,.
2011,RIN,S,RIN_S,RIN_S_2011,RIN_S_2011,6,5,7,7,6.25,0.95743,86,0,98,1,38,16,0,0,3,86,.,.,.,.
2011,RIN,S,RIN_S,RIN_S_2011,RIN_S_2011,6,5,6,6,5.75,0.50000,63,0,98,63,16,0,0,0,1,86,.,.,.,.
2011,RIN,S,RIN_S,RIN_S_2011,RIN_S_2011,5,5,7,5,5.5,1.00000,38,0,86,38,86,0,0,0,3,86,.,.,.,.
2011,RIN,S,RIN_S,RIN_S_2011,RIN_S_2011,5,6,5,6,5.5,0.57735,86,0,98,16,38,0,0,0,3,86,.,.,.,.
2011,RIN,S,RIN_S,RIN_S_2011,RIN_S_2011,5,5,6,5,5.25,0.50000,16,0,86,38,63,38,0,0,16,86,.,.,.,.
2011,RIN,S,RIN_S,RIN_S_2011,RIN_S_2011,5,5,5,6,5.25,0.50000,16,0,98,38,63,0,0,0,1,98,.,.,.,.
2011,RIN,S,RIN_S,RIN_S_2011,RIN_S_2011,6,4,6,5,5.25,0.95743,63,0,98,38,63,0,0,0,3,86,.,.,.,.
2011,RIN,S,RIN_S,RIN_S_2011,RIN_S_2011,5,5,4,5,4.75,0.50000,63,0,98,63,38,0,0,0,1,86,.,.,.,.
2011,RIN,W,RIN_W,RIN_W_2011,RIN_W_2011,17,15,12,11,13.75,2.75379,3,0,63,63,86,63,16,0,38,63,.,.,.,.
2011,RIN,W,RIN_W,RIN_W_2011,RIN_W_2011,12,13,12,12,12.25,0.50000,38,0,98,38,86,0,0,0,63,38,.,.,.,.
2011,RIN,W,RIN_W,RIN_W_2011,RIN_W_2011,12,13,12,11,12,0.81650,3,0,63,16,86,16,0,0,16,86,.,.,.,.
2011,RIN,W,RIN_W,RIN_W_2011,RIN_W_2011,11,11,12,13,11.75,0.95743,0,0,0,16,98,63,0,0,38,63,.,.,.,.
2011,RIN,W,RIN_W,RIN_W_2011,RIN_W_2011,7,5,15,16,10.75,5.56028,3,0,98,16,86,16,38,0,3,86,.,.,.,.
2011,RIN,W,RIN_W,RIN_W_2011,RIN_W_2011,13,8,8,13,10.5,2.88675,16,0,86,38,86,38,63,0,16,63,.,.,.,.
2011,RIN,W,RIN_W,RIN_W_2011,RIN_W_2011,10,6,11,11,9.5,2.38048,16,0,0,16,86,38,0,0,38,63,.,.,.,.
2011,RIN,W,RIN_W,RIN_W_2011,RIN_W_2011,8,12,9,7,9,2.16025,16,0,98,38,86,3,0,0,16,86,.,.,.,.
2011,RIN,W,RIN_W,RIN_W_2011,RIN_W_2011,8,7,10,7,8,1.41421,16,0,98,63,86,63,38,0,3,86,.,.,.,.
2011,RIN,W,RIN_W,RIN_W_2011,RIN_W_2011,7,8,7,8,7.5,0.57735,63,0,86,63,38,16,0,0,3,86,.,.,.,.
2011,RIN,W,RIN_W,RIN_W_2011,RIN_W_2011,9,6,8,6,7.25,1.50000,38,0,98,38,86,16,0,0,16,86,.,.,.,.
2011,RIN,W,RIN_W,RIN_W_2011,RIN_W_2011,8,6,7,8,7.25,0.95743,86,0,98,16,63,38,0,0,3,86,.,.,.,.
2011,RIN,W,RIN_W,RIN_W_2011,RIN_W_2011,7,7,7,8,7.25,0.50000,86,0,98,38,63,0,38,0,3,86,.,.,.,.
2011,RIN,W,RIN_W,RIN_W_2011,RIN_W_2011,7,7,7,8,7.25,0.50000,86,0,98,38,38,0,0,0,16,63,.,.,.,.
2011,RIN,W,RIN_W,RIN_W_2011,RIN_W_2011,8,7,8,6,7.25,0.95743,63,0,98,38,63,16,0,0,3,86,.,.,.,.
2011,RIN,W,RIN_W,RIN_W_2011,RIN_W_2011,8,7,6,8,7.25,0.95743,86,0,98,3,63,3,0,0,16,86,.,.,.,.
2011,RIN,W,RIN_W,RIN_W_2011,RIN_W_2011,7,7,7,7,7,0.00000,86,0,98,38,38,0,0,0,16,63,.,.,.,.
2011,RIN,W,RIN_W,RIN_W_2011,RIN_W_2011,8,7,7,6,7,0.81650,38,0,98,63,63,16,38,0,38,86,.,.,.,.
2011,RIN,W,RIN_W,RIN_W_2011,RIN_W_2011,9,6,7,5,6.75,1.70783,16,0,63,63,86,3,63,0,38,63,.,.,.,.
2011,RIN,W,RIN_W,RIN_W_2011,RIN_W_2011,8,5,8,6,6.75,1.50000,63,0,98,63,63,0,38,0,16,63,.,.,.,.
2011,RIN,W,RIN_W,RIN_W_2011,RIN_W_2011,8,8,5,6,6.75,1.50000,38,0,98,63,63,0,38,0,16,86,.,.,.,.
2011,RIN,W,RIN_W,RIN_W_2011,RIN_W_2011,6,7,7,6,6.5,0.57735,86,0,98,63,38,0,3,0,3,86,.,.,.,.
2011,RIN,W,RIN_W,RIN_W_2011,RIN_W_2011,6,6,7,7,6.5,0.57735,86,0,98,16,63,38,0,0,3,86,.,.,.,.
2011,RIN,W,RIN_W,RIN_W_2011,RIN_W_2011,6,7,7,6,6.5,0.57735,63,0,98,63,38,0,0,0,3,86,.,.,.,.
2011,RIN,W,RIN_W,RIN_W_2011,RIN_W_2011,6,7,6,7,6.5,0.57735,63,0,98,38,63,3,0,0,38,63,.,.,.,.
2011,RIN,W,RIN_W,RIN_W_2011,RIN_W_2011,7,7,5,6,6.25,0.95743,63,0,98,63,63,38,0,0,16,86,.,.,.,.
2011,RIN,W,RIN_W,RIN_W_2011,RIN_W_2011,6,6,7,6,6.25,0.50000,63,0,98,38,63,0,0,0,16,63,.,.,.,.
2011,RIN,W,RIN_W,RIN_W_2011,RIN_W_2011,6,8,6,5,6.25,1.25831,63,0,86,63,63,16,0,0,38,63,.,.,.,.
2011,RIN,W,RIN_W,RIN_W_2011,RIN_W_2011,5,6,7,6,6,0.81650,38,0,98,86,38,0,0,0,3,86,.,.,.,.
2011,RIN,W,RIN_W,RIN_W_2011,RIN_W_2011,5,6,7,6,6,0.81650,63,0,98,38,63,3,38,0,1,98,.,.,.,.
2011,RIN,W,RIN_W,RIN_W_2011,RIN_W_2011,7,5,7,5,6,1.15470,63,0,98,38,63,3,16,0,3,86,.,.,.,.
2011,RIN,W,RIN_W,RIN_W_2011,RIN_W_2011,6,6,6,5,5.75,0.50000,16,0,98,38,86,3,0,0,38,63,.,.,.,.
2011,RIN,W,RIN_W,RIN_W_2011,RIN_W_2011,6,5,6,5,5.5,0.57735,38,0,98,86,16,0,0,0,16,86,.,.,.,.
2011,RIN,W,RIN_W,RIN_W_2011,RIN_W_2011,6,5,5,5,5.25,0.50000,16,0,98,38,63,38,0,0,38,86,.,.,.,.
2011,RIN,W,RIN_W,RIN_W_2011,RIN_W_2011,5,5,6,5,5.25,0.50000,38,0,98,38,63,0,0,0,16,86,.,.,.,.
2011,RIN,W,RIN_W,RIN_W_2011,RIN_W_2011,5,5,5,6,5.25,0.50000,63,0,98,63,63,16,0,0,3,86,.,.,.,.
2011,RIN,W,RIN_W,RIN_W_2011,RIN_W_2011,5,6,5,4,5,0.81650,63,0,98,38,63,16,38,0,38,63,.,.,.,.
2011,RIS,C,RIS_C,RIS_C_2011,RIS_C_2011,8,9,9,8,8.5,0.57735,16,3,16,38,63,3,0,0,0,63,.,.,.,.
2011,RIS,C,RIS_C,RIS_C_2011,RIS_C_2011,14,8,6,5,8.25,4.03113,38,3,3,0,38,3,3,0,0,86,.,.,.,.
2011,RIS,C,RIS_C,RIS_C_2011,RIS_C_2011,8,8,8,8,8,0.00000,3,16,0,0,16,63,0,0,0,63,.,.,.,.
2011,RIS,C,RIS_C,RIS_C_2011,RIS_C_2011,9,8,7,8,8,0.81650,63,0,0,16,63,3,0,0,0,86,.,.,.,.
2011,RIS,C,RIS_C,RIS_C_2011,RIS_C_2011,7,9,7,7,7.5,1.00000,63,0,0,0,38,0,38,0,0,63,.,.,.,.
2011,RIS,C,RIS_C,RIS_C_2011,RIS_C_2011,12,5,5,3,6.25,3.94757,63,1,3,3,3,38,0,0,0,63,.,.,.,.
2011,RIS,C,RIS_C,RIS_C_2011,RIS_C_2011,7,6,5,6,6,0.81650,0,3,0,0,16,38,38,0,0,63,.,.,.,.
2011,RIS,C,RIS_C,RIS_C_2011,RIS_C_2011,6,6,7,5,6,0.81650,16,3,3,16,38,16,0,0,0,63,.,.,.,.
2011,RIS,C,RIS_C,RIS_C_2011,RIS_C_2011,8,6,5,5,6,1.41421,16,16,63,63,16,38,0,0,0,63,.,.,.,.
2011,RIS,C,RIS_C,RIS_C_2011,RIS_C_2011,5,7,7,5,6,1.15470,3,16,3,16,38,16,0,0,0,63,.,.,.,.
2011,RIS,C,RIS_C,RIS_C_2011,RIS_C_2011,6,6,6,6,6,0.00000,0,16,3,0,63,0,3,0,0,63,.,.,.,.
2011,RIS,C,RIS_C,RIS_C_2011,RIS_C_2011,6,7,5,4,5.5,1.29099,3,3,0,16,38,38,16,0,0,63,.,.,.,.
2011,RIS,C,RIS_C,RIS_C_2011,RIS_C_2011,5,4,7,5,5.25,1.25831,0,63,0,3,38,0,0,0,0,63,.,.,.,.
2011,RIS,C,RIS_C,RIS_C_2011,RIS_C_2011,6,5,5,5,5.25,0.50000,86,1,3,16,38,3,0,0,0,63,.,.,.,.
2011,RIS,C,RIS_C,RIS_C_2011,RIS_C_2011,6,5,5,5,5.25,0.50000,63,3,3,3,38,38,3,0,0,86,.,.,.,.
2011,RIS,C,RIS_C,RIS_C_2011,RIS_C_2011,5,6,5,4,5,0.81650,3,38,16,38,38,38,0,0,0,38,.,.,.,.
2011,RIS,C,RIS_C,RIS_C_2011,RIS_C_2011,5,5,5,5,5,0.00000,3,38,3,16,16,16,0,0,0,63,.,.,.,.
2011,RIS,C,RIS_C,RIS_C_2011,RIS_C_2011,5,6,5,4,5,0.81650,63,1,3,1,16,3,3,0,0,86,.,.,.,.
2011,RIS,C,RIS_C,RIS_C_2011,RIS_C_2011,6,5,4,5,5,0.81650,3,16,63,63,16,16,16,0,0,63,.,.,.,.
2011,RIS,C,RIS_C,RIS_C_2011,RIS_C_2011,5,5,5,4,4.75,0.50000,63,0,3,3,38,16,0,0,0,63,.,.,.,.
2011,RIS,C,RIS_C,RIS_C_2011,RIS_C_2011,4,3,6,5,4.5,1.29099,63,1,3,16,38,16,3,0,0,63,.,.,.,.
2011,RIS,C,RIS_C,RIS_C_2011,RIS_C_2011,5,5,4,4,4.5,0.57735,63,0,3,3,16,1,3,0,0,63,.,.,.,.
2011,RIS,C,RIS_C,RIS_C_2011,RIS_C_2011,5,6,3,3,4.25,1.50000,3,63,3,16,1,3,0,0,0,63,.,.,.,.
2011,RIS,C,RIS_C,RIS_C_2011,RIS_C_2011,4,4,5,4,4.25,0.50000,38,16,0,16,3,38,3,0,0,63,.,.,.,.
2011,RIS,C,RIS_C,RIS_C_2011,RIS_C_2011,4,4,4,5,4.25,0.50000,38,3,38,38,16,3,0,0,0,63,.,.,.,.
2011,RIS,C,RIS_C,RIS_C_2011,RIS_C_2011,5,3,3,4,3.75,0.95743,0,63,3,16,38,3,0,0,0,63,.,.,.,.
2011,RIS,C,RIS_C,RIS_C_2011,RIS_C_2011,3,4,5,3,3.75,0.95743,1,16,0,38,3,38,0,0,0,63,.,.,.,.
2011,RIS,C,RIS_C,RIS_C_2011,RIS_C_2011,5,3,3,3,3.5,1.00000,63,0,3,16,3,16,0,0,0,63,.,.,.,.
2011,RIS,C,RIS_C,RIS_C_2011,RIS_C_2011,3,3,4,3,3.25,0.50000,16,3,0,3,63,3,0,0,3,38,.,.,.,.
2011,RIS,C,RIS_C,RIS_C_2011,RIS_C_2011,3,3,3,3,3,0.00000,63,0,16,38,3,3,0,0,0,86,.,.,.,.
2011,RIS,N,RIS_N,RIS_N_2011,RIS_N_2011,9,6,11,10,9,2.16025,0,1,0,3,98,0,3,0,0,0,.,.,.,.
2011,RIS,N,RIS_N,RIS_N_2011,RIS_N_2011,9,9,6,9,8.25,1.50000,0,3,3,3,86,3,16,0,0,0,.,.,.,.
2011,RIS,N,RIS_N,RIS_N_2011,RIS_N_2011,9,11,6,7,8.25,2.21736,1,16,0,0,63,0,1,0,3,0,.,.,.,.
2011,RIS,N,RIS_N,RIS_N_2011,RIS_N_2011,7,7,10,7,7.75,1.50000,3,3,0,3,63,3,0,0,1,0,.,.,.,.
2011,RIS,N,RIS_N,RIS_N_2011,RIS_N_2011,3,3,5,18,7.25,7.22842,38,16,0,16,16,0,0,0,0,3,.,.,.,.
2011,RIS,N,RIS_N,RIS_N_2011,RIS_N_2011,5,6,5,6,5.5,0.57735,16,1,16,38,86,1,0,0,3,0,.,.,.,.
2011,RIS,N,RIS_N,RIS_N_2011,RIS_N_2011,5,3,5,8,5.25,2.06155,0,63,0,0,38,0,0,0,3,0,.,.,.,.
2011,RIS,N,RIS_N,RIS_N_2011,RIS_N_2011,5,7,6,3,5.25,1.70783,0,0,0,3,86,3,16,0,3,0,.,.,.,.
2011,RIS,N,RIS_N,RIS_N_2011,RIS_N_2011,5,5,5,5,5,0.00000,16,16,0,38,63,0,3,0,0,63,.,.,.,.
2011,RIS,N,RIS_N,RIS_N_2011,RIS_N_2011,4,4,6,5,4.75,0.95743,16,1,0,16,86,16,0,0,16,3,.,.,.,.
2011,RIS,N,RIS_N,RIS_N_2011,RIS_N_2011,5,5,4,5,4.75,0.50000,16,38,16,16,38,3,0,0,1,3,.,.,.,.
2011,RIS,N,RIS_N,RIS_N_2011,RIS_N_2011,5,4,4,5,4.5,0.57735,0,38,3,16,63,3,16,0,3,0,.,.,.,.
2011,RIS,N,RIS_N,RIS_N_2011,RIS_N_2011,3,7,2,5,4.25,2.21736,16,16,16,16,63,3,0,0,16,0,.,.,.,.
2011,RIS,N,RIS_N,RIS_N_2011,RIS_N_2011,4,3,5,4,4,0.81650,38,3,3,3,86,3,0,0,1,1,.,.,.,.
2011,RIS,N,RIS_N,RIS_N_2011,RIS_N_2011,6,3,3,4,4,1.41421,16,16,3,3,98,3,0,0,1,3,.,.,.,.
2011,RIS,N,RIS_N,RIS_N_2011,RIS_N_2011,3,4,4,4,3.75,0.50000,0,38,0,1,63,3,0,0,16,0,.,.,.,.
2011,RIS,N,RIS_N,RIS_N_2011,RIS_N_2011,3,6,4,2,3.75,1.70783,3,16,3,16,38,3,1,0,3,3,.,.,.,.
2011,RIS,N,RIS_N,RIS_N_2011,RIS_N_2011,4,4,3,4,3.75,0.50000,0,63,16,16,16,16,0,0,3,3,.,.,.,.
2011,RIS,N,RIS_N,RIS_N_2011,RIS_N_2011,4,4,3,3,3.5,0.57735,3,38,16,16,38,1,0,0,3,0,.,.,.,.
2011,RIS,N,RIS_N,RIS_N_2011,RIS_N_2011,4,3,3,4,3.5,0.57735,63,16,0,0,3,3,16,0,0,0,.,.,.,.
2011,RIS,N,RIS_N,RIS_N_2011,RIS_N_2011,2,3,4,5,3.5,1.29099,38,16,3,16,38,16,0,0,3,1,.,.,.,.
2011,RIS,N,RIS_N,RIS_N_2011,RIS_N_2011,3,3,4,3,3.25,0.50000,38,16,3,3,16,3,16,0,3,3,.,.,.,.
2011,RIS,N,RIS_N,RIS_N_2011,RIS_N_2011,3,3,4,3,3.25,0.50000,16,16,63,63,16,3,0,0,3,0,.,.,.,.
2011,RIS,N,RIS_N,RIS_N_2011,RIS_N_2011,3,3,2,4,3,0.81650,3,38,3,16,63,16,0,0,1,1,.,.,.,.
2011,RIS,N,RIS_N,RIS_N_2011,RIS_N_2011,3,3,3,3,3,0.00000,3,38,3,3,38,38,0,0,0,0,.,.,.,.
2011,RIS,N,RIS_N,RIS_N_2011,RIS_N_2011,3,2,3,3,2.75,0.50000,16,38,3,16,63,3,0,0,16,16,.,.,.,.
2011,RIS,N,RIS_N,RIS_N_2011,RIS_N_2011,3,3,2,2,2.5,0.57735,16,16,3,16,63,3,0,0,3,1,.,.,.,.
2011,RIS,N,RIS_N,RIS_N_2011,RIS_N_2011,2,2,2,2,2,0.00000,3,1,3,3,86,3,0,0,3,3,.,.,.,.
2011,RIS,N,RIS_N,RIS_N_2011,RIS_N_2011,2,2,3,1,2,0.81650,1,16,3,3,38,38,0,0,16,0,.,.,.,.
2011,RIS,N,RIS_N,RIS_N_2011,RIS_N_2011,1,2,1,1,1.25,0.50000,3,16,3,16,16,16,0,0,38,0,.,.,.,.
2011,RIS,S,RIS_S,RIS_S_2011,RIS_S_2011,16,16,16,13,15.25,1.50000,0,38,0,0,0,0,98,0,0,38,.,.,.,.
2011,RIS,S,RIS_S,RIS_S_2011,RIS_S_2011,7,5,7,6,6.25,0.95743,1,0,3,3,38,16,16,0,0,63,.,.,.,.
2011,RIS,S,RIS_S,RIS_S_2011,RIS_S_2011,6,6,5,7,6,0.81650,3,38,0,1,63,3,3,0,0,63,.,.,.,.
2011,RIS,S,RIS_S,RIS_S_2011,RIS_S_2011,6,6,5,5,5.5,0.57735,86,0,0,3,16,0,16,0,0,86,.,.,.,.
2011,RIS,S,RIS_S,RIS_S_2011,RIS_S_2011,6,4,7,5,5.5,1.29099,16,1,3,16,63,3,0,0,0,63,.,.,.,.
2011,RIS,S,RIS_S,RIS_S_2011,RIS_S_2011,6,4,5,3,4.5,1.29099,38,38,0,0,3,38,0,0,0,63,.,.,.,.
2011,RIS,S,RIS_S,RIS_S_2011,RIS_S_2011,5,4,5,4,4.5,0.57735,63,0,38,16,16,16,0,0,0,63,.,.,.,.
2011,RIS,S,RIS_S,RIS_S_2011,RIS_S_2011,4,5,5,4,4.5,0.57735,63,3,0,3,16,3,0,0,0,63,.,.,.,.
2011,RIS,S,RIS_S,RIS_S_2011,RIS_S_2011,4,5,5,4,4.5,0.57735,63,16,0,3,3,16,0,0,0,63,.,.,.,.
2011,RIS,S,RIS_S,RIS_S_2011,RIS_S_2011,2,4,4,7,4.25,2.06155,1,86,0,0,1,0,0,0,0,63,.,.,.,.
2011,RIS,S,RIS_S,RIS_S_2011,RIS_S_2011,4,5,4,3,4,0.81650,63,3,3,16,3,3,0,0,0,63,.,.,.,.
2011,RIS,S,RIS_S,RIS_S_2011,RIS_S_2011,5,3,3,4,3.75,0.95743,38,3,0,16,0,16,0,0,0,63,.,.,.,.
2011,RIS,S,RIS_S,RIS_S_2011,RIS_S_2011,4,3,4,4,3.75,0.50000,63,16,0,3,3,3,3,0,0,63,.,.,.,.
2011,RIS,S,RIS_S,RIS_S_2011,RIS_S_2011,3,3,4,5,3.75,0.95743,38,3,3,16,38,3,3,0,0,63,.,.,.,.
2011,RIS,S,RIS_S,RIS_S_2011,RIS_S_2011,3,4,4,3,3.5,0.57735,16,16,38,38,63,1,16,0,0,63,.,.,.,.
2011,RIS,S,RIS_S,RIS_S_2011,RIS_S_2011,3,3,4,4,3.5,0.57735,3,63,0,3,3,16,0,0,0,63,.,.,.,.
2011,RIS,S,RIS_S,RIS_S_2011,RIS_S_2011,4,3,3,3,3.25,0.50000,63,1,3,16,16,3,0,0,0,63,.,.,.,.
2011,RIS,S,RIS_S,RIS_S_2011,RIS_S_2011,2,3,4,3,3,0.81650,86,3,0,1,16,16,0,0,0,63,.,.,.,.
2011,RIS,S,RIS_S,RIS_S_2011,RIS_S_2011,3,3,3,3,3,0.00000,3,3,0,63,3,3,0,0,0,63,.,.,.,.
2011,RIS,S,RIS_S,RIS_S_2011,RIS_S_2011,3,3,3,3,3,0.00000,3,3,3,16,63,3,3,0,0,63,.,.,.,.
2011,RIS,S,RIS_S,RIS_S_2011,RIS_S_2011,3,3,3,3,3,0.00000,63,3,0,3,3,16,0,0,0,63,.,.,.,.
2011,RIS,S,RIS_S,RIS_S_2011,RIS_S_2011,2,3,3,3,2.75,0.50000,3,38,16,16,3,3,0,0,0,63,.,.,.,.
2011,RIS,S,RIS_S,RIS_S_2011,RIS_S_2011,2,3,4,2,2.75,0.95743,1,38,3,16,16,16,0,0,3,63,.,.,.,.
2011,RIS,S,RIS_S,RIS_S_2011,RIS_S_2011,2,2,2,5,2.75,1.50000,0,63,0,3,3,16,0,0,0,63,.,.,.,.
2011,RIS,S,RIS_S,RIS_S_2011,RIS_S_2011,3,3,2,3,2.75,0.50000,0,38,3,3,63,3,0,0,0,63,.,.,.,.
2011,RIS,S,RIS_S,RIS_S_2011,RIS_S_2011,3,3,3,2,2.75,0.50000,86,3,3,3,3,3,0,0,0,63,.,.,.,.
2011,RIS,S,RIS_S,RIS_S_2011,RIS_S_2011,4,2,1,3,2.5,1.29099,16,3,3,16,16,38,0,0,0,38,.,.,.,.
2011,RIS,S,RIS_S,RIS_S_2011,RIS_S_2011,2,3,2,2,2.25,0.50000,3,16,3,16,3,63,0,0,0,63,.,.,.,.
2011,RIS,S,RIS_S,RIS_S_2011,RIS_S_2011,2,3,2,2,2.25,0.50000,3,38,0,1,3,16,16,0,0,86,.,.,.,.
2011,RIS,S,RIS_S,RIS_S_2011,RIS_S_2011,3,2,2,2,2.25,0.50000,63,3,3,3,3,3,0,0,0,63,.,.,.,.
2011,RIS,S,RIS_S,RIS_S_2011,RIS_S_2011,2,2,3,1,2,0.81650,38,1,0,16,16,16,0,0,0,63,.,.,.,.
2011,STE,N,STE_N,STE_N_2011,STE_N_2011,3,5,6,2,4,1.82574,0,63,3,16,38,16,0,0,0,63,.,.,.,.
2011,STE,N,STE_N,STE_N_2011,STE_N_2011,4,2,6,2,3.5,1.91485,0,63,3,3,38,3,0,0,0,63,.,.,.,.
2011,STE,N,STE_N,STE_N_2011,STE_N_2011,4,4,4,1,3.25,1.50000,0,16,0,16,3,63,0,0,3,16,.,.,.,.
2011,STE,N,STE_N,STE_N_2011,STE_N_2011,3,4,3,3,3.25,0.50000,16,63,3,3,38,38,0,0,16,38,.,.,.,.
2011,STE,N,STE_N,STE_N_2011,STE_N_2011,3,1,3,2,2.25,0.95743,16,38,0,3,16,38,0,0,16,16,.,.,.,.
2011,STE,N,STE_N,STE_N_2011,STE_N_2011,2,2,2,3,2.25,0.50000,0,63,3,3,16,16,0,0,3,38,.,.,.,.
2011,STE,N,STE_N,STE_N_2011,STE_N_2011,2,2,3,2,2.25,0.50000,3,38,16,16,16,38,0,0,1,38,.,.,.,.
2011,STE,N,STE_N,STE_N_2011,STE_N_2011,3,1,1,4,2.25,1.50000,0,63,3,3,38,16,0,0,0,38,.,.,.,.
2011,STE,N,STE_N,STE_N_2011,STE_N_2011,2,2,2,3,2.25,0.50000,16,38,0,0,38,38,0,0,0,63,.,.,.,.
2011,STE,N,STE_N,STE_N_2011,STE_N_2011,2,2,3,2,2.25,0.50000,3,38,38,38,16,3,0,0,0,63,.,.,.,.
2011,STE,N,STE_N,STE_N_2011,STE_N_2011,2,3,2,2,2.25,0.50000,0,63,3,16,16,3,0,0,0,63,.,.,.,.
2011,STE,N,STE_N,STE_N_2011,STE_N_2011,2,2,2,2,2,0.00000,38,16,3,16,16,38,0,0,1,63,.,.,.,.
2011,STE,N,STE_N,STE_N_2011,STE_N_2011,2,2,2,1,1.75,0.50000,0,86,16,16,16,16,0,0,0,63,.,.,.,.
2011,STE,N,STE_N,STE_N_2011,STE_N_2011,1,2,2,2,1.75,0.50000,38,16,16,16,3,16,0,0,3,38,.,.,.,.
2011,STE,N,STE_N,STE_N_2011,STE_N_2011,1,2,2,1,1.5,0.57735,3,38,0,16,38,16,0,0,3,38,.,.,.,.
2011,STE,N,STE_N,STE_N_2011,STE_N_2011,1,1,3,1,1.5,1.00000,0,38,0,16,38,16,0,0,0,63,.,.,.,.
2011,STE,N,STE_N,STE_N_2011,STE_N_2011,1,1,2,2,1.5,0.57735,0,63,0,0,3,16,0,0,0,38,.,.,.,.
2011,STE,N,STE_N,STE_N_2011,STE_N_2011,1,2,1,2,1.5,0.57735,3,63,16,16,16,16,0,0,0,63,.,.,.,.
2011,STE,N,STE_N,STE_N_2011,STE_N_2011,1,2,2,1,1.5,0.57735,0,63,16,16,38,16,0,0,0,63,.,.,.,.
2011,STE,N,STE_N,STE_N_2011,STE_N_2011,1,2,2,1,1.5,0.57735,63,16,3,16,3,16,0,0,0,63,.,.,.,.
2011,STE,N,STE_N,STE_N_2011,STE_N_2011,3,1,1,1,1.5,1.00000,0,63,0,0,38,0,0,0,0,63,.,.,.,.
2011,STE,N,STE_N,STE_N_2011,STE_N_2011,1,1,3,1,1.5,1.00000,0,38,3,16,38,38,0,0,3,38,.,.,.,.
2011,STE,N,STE_N,STE_N_2011,STE_N_2011,2,1,1,1,1.25,0.50000,38,38,3,3,38,16,0,0,0,63,.,.,.,.
2011,STE,N,STE_N,STE_N_2011,STE_N_2011,1,1,2,1,1.25,0.50000,0,38,3,16,16,38,0,0,3,38,.,.,.,.
2011,STE,N,STE_N,STE_N_2011,STE_N_2011,1,1,1,1,1,0.00000,0,16,3,3,3,38,3,0,38,16,.,.,.,.
2011,STE,N,STE_N,STE_N_2011,STE_N_2011,1,1,1,1,1,0.00000,0,38,16,16,38,38,0,0,3,38,.,.,.,.
2011,STE,N,STE_N,STE_N_2011,STE_N_2011,1,1,1,1,1,0.00000,0,38,0,0,16,16,0,0,1,63,.,.,.,.
2011,STE,N,STE_N,STE_N_2011,STE_N_2011,1,1,1,1,1,0.00000,3,38,3,16,16,16,0,0,0,63,.,.,.,.
2011,STE,S,STE_S,STE_S_2011,STE_S_2011,4,5,4,4,4.25,0.50000,0,16,63,63,38,0,0,0,0,63,.,.,.,.
2011,STE,S,STE_S,STE_S_2011,STE_S_2011,2,2,5,5,3.5,1.73205,16,38,0,38,38,0,0,0,0,38,.,.,.,.
2011,STE,S,STE_S,STE_S_2011,STE_S_2011,2,4,2,4,3,1.15470,0,63,0,3,38,16,16,0,1,38,.,.,.,.
2011,STE,S,STE_S,STE_S_2011,STE_S_2011,2,2,2,6,3,2.00000,0,63,16,16,16,0,0,0,0,63,.,.,.,.
2011,STE,S,STE_S,STE_S_2011,STE_S_2011,2,3,4,2,2.75,0.95743,0,86,3,3,3,16,0,0,0,63,.,.,.,.
2011,STE,S,STE_S,STE_S_2011,STE_S_2011,3,3,3,2,2.75,0.50000,0,63,0,0,16,16,0,0,0,63,.,.,.,.
2011,STE,S,STE_S,STE_S_2011,STE_S_2011,2,4,2,2,2.5,1.00000,0,86,0,0,16,38,0,0,0,63,.,.,.,.
2011,STE,S,STE_S,STE_S_2011,STE_S_2011,2,3,3,2,2.5,0.57735,16,38,0,16,16,38,0,0,0,63,.,.,.,.
2011,STE,S,STE_S,STE_S_2011,STE_S_2011,3,4,2,1,2.5,1.29099,0,63,3,16,38,0,0,0,0,63,.,.,.,.
2011,STE,S,STE_S,STE_S_2011,STE_S_2011,1,3,4,2,2.5,1.29099,0,63,0,0,38,0,0,0,16,38,.,.,.,.
2011,STE,S,STE_S,STE_S_2011,STE_S_2011,3,2,3,1,2.25,0.95743,3,38,0,0,38,38,0,0,0,63,.,.,.,.
2011,STE,S,STE_S,STE_S_2011,STE_S_2011,3,2,2,2,2.25,0.50000,0,63,3,16,38,0,0,0,0,63,.,.,.,.
2011,STE,S,STE_S,STE_S_2011,STE_S_2011,2,2,2,2,2,0.00000,0,63,0,16,16,16,16,0,0,38,.,.,.,.
2011,STE,S,STE_S,STE_S_2011,STE_S_2011,1,1,4,2,2,1.41421,0,63,0,0,16,38,16,0,16,63,.,.,.,.
2011,STE,S,STE_S,STE_S_2011,STE_S_2011,2,2,2,2,2,0.00000,0,63,3,3,16,38,0,0,0,63,.,.,.,.
2011,STE,S,STE_S,STE_S_2011,STE_S_2011,2,1,1,2,1.5,0.57735,0,38,0,0,16,63,0,0,1,38,.,.,.,.
2011,STE,S,STE_S,STE_S_2011,STE_S_2011,1,2,2,1,1.5,0.57735,16,38,3,3,16,38,0,0,16,38,.,.,.,.
2011,STE,S,STE_S,STE_S_2011,STE_S_2011,2,1,1,2,1.5,0.57735,0,63,0,0,16,16,0,0,0,63,.,.,.,.
2011,STE,S,STE_S,STE_S_2011,STE_S_2011,2,2,1,1,1.5,0.57735,0,63,3,3,16,16,0,0,0,63,.,.,.,.
2011,STE,S,STE_S,STE_S_2011,STE_S_2011,1,1,2,2,1.5,0.57735,0,63,3,3,16,16,0,0,0,63,.,.,.,.
2011,STE,S,STE_S,STE_S_2011,STE_S_2011,1,1,2,1,1.25,0.50000,0,38,0,0,3,38,0,0,3,38,.,.,.,.
2011,STE,S,STE_S,STE_S_2011,STE_S_2011,1,2,1,1,1.25,0.50000,16,63,3,3,16,16,0,0,0,63,.,.,.,.
2011,STE,S,STE_S,STE_S_2011,STE_S_2011,1,1,2,1,1.25,0.50000,0,63,16,16,16,38,0,0,0,63,.,.,.,.
2011,STE,S,STE_S,STE_S_2011,STE_S_2011,1,1,2,1,1.25,0.50000,16,38,16,16,16,38,0,0,3,38,.,.,.,.
2011,STE,S,STE_S,STE_S_2011,STE_S_2011,2,1,1,1,1.25,0.50000,3,38,0,0,16,38,0,0,0,38,.,.,.,.
2011,STE,S,STE_S,STE_S_2011,STE_S_2011,1,2,1,1,1.25,0.50000,16,16,38,38,16,3,0,0,0,63,.,.,.,.
2011,STE,S,STE_S,STE_S_2011,STE_S_2011,1,1,1,2,1.25,0.50000,0,16,16,38,16,38,0,0,0,38,.,.,.,.
2011,STE,S,STE_S,STE_S_2011,STE_S_2011,1,1,1,1,1,0.00000,0,16,16,38,16,16,0,0,3,38,.,.,.,.
2011,STE,S,STE_S,STE_S_2011,STE_S_2011,1,1,1,1,1,0.00000,38,38,0,0,16,38,0,0,16,63,.,.,.,.
2011,STE,S,STE_S,STE_S_2011,STE_S_2011,1,1,1,1,1,0.00000,0,38,0,0,16,38,0,0,1,38,.,.,.,.
2011,STE,S,STE_S,STE_S_2011,STE_S_2011,1,1,1,1,1,0.00000,0,38,0,0,16,38,0,0,3,16,.,.,.,.
2011,STE,W,STE_W,STE_W_2011,STE_W_2011,4,5,5,4,4.5,0.57735,0,38,38,63,3,0,0,0,0,63,.,.,.,.
2011,STE,W,STE_W,STE_W_2011,STE_W_2011,3,4,5,4,4,0.81650,0,38,0,16,16,63,3,0,0,38,.,.,.,.
2011,STE,W,STE_W,STE_W_2011,STE_W_2011,2,3,6,4,3.75,1.70783,0,86,0,0,16,0,0,0,0,63,.,.,.,.
2011,STE,W,STE_W,STE_W_2011,STE_W_2011,4,3,4,3,3.5,0.57735,0,63,0,0,38,0,16,0,0,38,.,.,.,.
2011,STE,W,STE_W,STE_W_2011,STE_W_2011,4,3,3,4,3.5,0.57735,1,63,16,38,38,3,0,0,3,63,.,.,.,.
2011,STE,W,STE_W,STE_W_2011,STE_W_2011,4,3,2,2,2.75,0.95743,0,63,0,0,3,3,0,0,16,38,.,.,.,.
2011,STE,W,STE_W,STE_W_2011,STE_W_2011,2,2,4,1,2.25,1.25831,0,63,0,0,63,16,0,0,3,38,.,.,.,.
2011,STE,W,STE_W,STE_W_2011,STE_W_2011,2,2,2,3,2.25,0.50000,38,16,16,16,38,0,0,0,0,38,.,.,.,.
2011,STE,W,STE_W,STE_W_2011,STE_W_2011,3,2,2,2,2.25,0.50000,0,38,0,0,16,63,0,0,0,63,.,.,.,.
2011,STE,W,STE_W,STE_W_2011,STE_W_2011,3,2,2,2,2.25,0.50000,0,63,16,16,38,16,0,0,0,63,.,.,.,.
2011,STE,W,STE_W,STE_W_2011,STE_W_2011,1,2,4,1,2,1.41421,0,63,16,16,16,3,16,0,0,38,.,.,.,.
2011,STE,W,STE_W,STE_W_2011,STE_W_2011,4,1,1,2,2,1.41421,0,38,16,16,16,38,0,0,3,38,.,.,.,.
2011,STE,W,STE_W,STE_W_2011,STE_W_2011,2,2,2,2,2,0.00000,0,63,0,0,16,0,0,0,0,63,.,.,.,.
2011,STE,W,STE_W,STE_W_2011,STE_W_2011,3,1,2,2,2,0.81650,0,63,3,3,16,38,0,0,0,38,.,.,.,.
2011,STE,W,STE_W,STE_W_2011,STE_W_2011,2,2,1,3,2,0.81650,0,38,0,16,16,38,0,0,3,38,.,.,.,.
2011,STE,W,STE_W,STE_W_2011,STE_W_2011,1,3,2,2,2,0.81650,0,63,3,16,16,0,0,0,0,63,.,.,.,.
2011,STE,W,STE_W,STE_W_2011,STE_W_2011,2,1,2,2,1.75,0.50000,0,38,16,16,3,16,0,0,3,38,.,.,.,.
2011,STE,W,STE_W,STE_W_2011,STE_W_2011,1,2,2,2,1.75,0.50000,0,86,16,16,16,0,0,0,0,63,.,.,.,.
2011,STE,W,STE_W,STE_W_2011,STE_W_2011,2,1,2,2,1.75,0.50000,38,16,3,16,38,16,0,0,1,38,.,.,.,.
2011,STE,W,STE_W,STE_W_2011,STE_W_2011,2,2,1,2,1.75,0.50000,0,38,16,38,16,63,0,0,0,38,.,.,.,.
2011,STE,W,STE_W,STE_W_2011,STE_W_2011,1,1,3,2,1.75,0.95743,0,63,0,0,16,38,0,0,0,63,.,.,.,.
2011,STE,W,STE_W,STE_W_2011,STE_W_2011,1,2,1,1,1.25,0.50000,16,16,16,16,16,16,0,0,3,38,.,.,.,.
2011,STE,W,STE_W,STE_W_2011,STE_W_2011,2,1,1,1,1.25,0.50000,0,63,3,16,16,0,0,0,0,63,.,.,.,.
2011,STE,W,STE_W,STE_W_2011,STE_W_2011,2,1,1,1,1.25,0.50000,38,38,16,16,16,16,0,0,0,63,.,.,.,.
2011,STE,W,STE_W,STE_W_2011,STE_W_2011,1,1,2,1,1.25,0.50000,0,16,16,38,38,16,0,0,16,38,.,.,.,.
2011,STE,W,STE_W,STE_W_2011,STE_W_2011,1,1,1,2,1.25,0.50000,0,38,0,3,16,38,0,0,0,38,.,.,.,.
2011,STE,W,STE_W,STE_W_2011,STE_W_2011,1,1,1,1,1,0.00000,0,3,16,38,16,16,0,0,3,38,.,.,.,.
2011,STE,W,STE_W,STE_W_2011,STE_W_2011,1,1,1,1,1,0.00000,0,16,3,38,16,16,0,0,3,38,.,.,.,.
2011,STE,W,STE_W,STE_W_2011,STE_W_2011,1,1,1,1,1,0.00000,0,3,16,38,38,16,0,0,3,38,.,.,.,.
2011,STE,W,STE_W,STE_W_2011,STE_W_2011,1,1,1,1,1,0.00000,0,16,3,16,16,16,0,0,16,38,.,.,.,.
2011,STE,W,STE_W,STE_W_2011,STE_W_2011,1,1,1,1,1,0.00000,0,16,16,38,16,0,0,0,16,16,.,.,.,.
2010,GIL,C,GIL_C,GIL_C_2010,GIL_C_2010,9,5,9,10,8,2.21736,0,3,3,16,86,0,3,.,0,38,.,.,.,65
2010,GIL,C,GIL_C,GIL_C_2010,GIL_C_2010,3,6,9,7,6,2.50000,0,63,3,3,63,16,0,.,0,38,.,.,.,61
2010,GIL,C,GIL_C,GIL_C_2010,GIL_C_2010,6,9,6,3,6,2.44949,0,63,3,0,63,38,0,.,3,38,.,.,.,43
2010,GIL,C,GIL_C,GIL_C_2010,GIL_C_2010,5,5,3,10,6,2.98608,0,63,0,16,63,3,0,.,3,38,.,.,.,54
2010,GIL,C,GIL_C,GIL_C_2010,GIL_C_2010,5,6,7,3,5,1.70783,0,63,0,3,63,16,0,.,0,38,.,.,.,42
2010,GIL,C,GIL_C,GIL_C_2010,GIL_C_2010,2,5,7,5,5,2.06155,0,38,38,3,38,0,16,.,0,38,.,.,.,46
2010,GIL,C,GIL_C,GIL_C_2010,GIL_C_2010,4,4,4,6,5,1.00000,0,63,0,3,63,16,0,.,3,38,.,.,.,46
2010,GIL,C,GIL_C,GIL_C_2010,GIL_C_2010,6,3,3,5,4,1.50000,0,38,38,16,38,0,0,.,0,63,.,.,.,42
2010,GIL,C,GIL_C,GIL_C_2010,GIL_C_2010,3,4,5,5,4,0.95743,0,63,0,16,63,3,0,.,0,38,.,.,.,38
2010,GIL,C,GIL_C,GIL_C_2010,GIL_C_2010,3,3,4,6,4,1.41421,0,63,0,38,63,16,0,.,0,38,.,.,.,50
2010,GIL,C,GIL_C,GIL_C_2010,GIL_C_2010,3,3,4,5,4,0.95743,0,63,3,3,38,16,0,.,0,38,.,.,.,33
2010,GIL,C,GIL_C,GIL_C_2010,GIL_C_2010,3,4,4,3,4,0.57735,0,86,3,3,38,0,0,.,0,63,.,.,.,44
2010,GIL,C,GIL_C,GIL_C_2010,GIL_C_2010,3,3,3,5,4,1.00000,3,16,0,3,38,63,0,.,3,16,.,.,.,32
2010,GIL,C,GIL_C,GIL_C_2010,GIL_C_2010,3,3,5,3,4,1.00000,0,86,0,3,16,3,3,.,0,63,.,.,.,47
2010,GIL,C,GIL_C,GIL_C_2010,GIL_C_2010,3,5,3,3,4,1.00000,0,63,16,3,63,3,0,.,3,38,.,.,.,42
2010,GIL,C,GIL_C,GIL_C_2010,GIL_C_2010,3,3,4,4,4,0.57735,3,38,0,38,63,16,0,.,3,63,.,.,.,59
2010,GIL,C,GIL_C,GIL_C_2010,GIL_C_2010,3,4,4,3,4,0.57735,0,63,3,38,38,0,0,.,0,63,.,.,.,56
2010,GIL,C,GIL_C,GIL_C_2010,GIL_C_2010,4,3,3,3,3,0.50000,0,63,0,16,16,16,0,.,0,63,.,.,.,41
2010,GIL,C,GIL_C,GIL_C_2010,GIL_C_2010,2,3,4,3,3,0.81650,0,63,0,16,63,3,0,.,0,38,.,.,.,51
2010,GIL,C,GIL_C,GIL_C_2010,GIL_C_2010,3,3,3,3,3,0.00000,0,63,0,16,38,16,0,.,0,38,.,.,.,36
2010,GIL,C,GIL_C,GIL_C_2010,GIL_C_2010,3,3,2,4,3,0.81650,0,63,0,16,3,3,38,.,0,63,.,.,.,65
2010,GIL,C,GIL_C,GIL_C_2010,GIL_C_2010,3,5,2,2,3,1.41421,0,38,16,16,38,38,0,.,3,38,.,.,.,40
2010,GIL,C,GIL_C,GIL_C_2010,GIL_C_2010,3,3,3,3,3,0.00000,0,86,0,3,16,16,0,.,0,63,.,.,.,39
2010,GIL,C,GIL_C,GIL_C_2010,GIL_C_2010,3,3,2,3,3,0.50000,0,63,38,3,38,3,0,.,3,38,.,.,.,37
2010,GIL,C,GIL_C,GIL_C_2010,GIL_C_2010,3,3,3,2,3,0.50000,3,38,3,16,63,38,0,.,3,38,.,.,.,51
2010,GIL,C,GIL_C,GIL_C_2010,GIL_C_2010,3,3,2,3,3,0.50000,3,16,16,38,38,16,0,.,3,38,.,.,.,46
2010,GIL,C,GIL_C,GIL_C_2010,GIL_C_2010,2,3,3,2,3,0.57735,0,38,16,38,38,16,0,.,16,16,.,.,.,40
2010,GIL,C,GIL_C,GIL_C_2010,GIL_C_2010,2,3,2,2,2,0.50000,0,16,38,38,38,16,0,.,3,38,.,.,.,57
2010,GIL,C,GIL_C,GIL_C_2010,GIL_C_2010,2,2,3,2,2,0.50000,0,3,3,63,38,16,0,.,16,38,.,.,.,49
2010,GIL,C,GIL_C,GIL_C_2010,GIL_C_2010,2,1,1,1,1,0.50000,3,3,0,63,38,16,0,.,38,3,.,.,.,37
2010,GIL,N,GIL_N,GIL_N_2010,GIL_N_2010,11,9,9,9,10,1.00000,0,63,16,3,63,0,0,.,0,63,.,.,.,52
2010,GIL,N,GIL_N,GIL_N_2010,GIL_N_2010,8,4,7,7,7,1.73205,0,63,3,0,63,0,38,.,0,38,.,.,.,44
2010,GIL,N,GIL_N,GIL_N_2010,GIL_N_2010,4,7,4,6,5,1.50000,0,3,38,16,63,38,0,.,3,38,.,.,.,41
2010,GIL,N,GIL_N,GIL_N_2010,GIL_N_2010,8,3,5,3,5,2.36291,0,63,3,3,63,3,0,.,0,63,.,.,.,55
2010,GIL,N,GIL_N,GIL_N_2010,GIL_N_2010,5,2,4,7,5,2.08167,3,38,3,16,63,38,0,.,3,38,.,.,.,50
2010,GIL,N,GIL_N,GIL_N_2010,GIL_N_2010,5,5,4,3,4,0.95743,0,63,3,16,63,3,0,.,0,63,.,.,.,36
2010,GIL,N,GIL_N,GIL_N_2010,GIL_N_2010,3,5,7,2,4,2.21736,0,86,0,3,16,0,0,.,0,63,.,.,.,45
2010,GIL,N,GIL_N,GIL_N_2010,GIL_N_2010,6,7,2,1,4,2.94392,3,16,16,63,38,16,0,.,16,38,.,.,.,53
2010,GIL,N,GIL_N,GIL_N_2010,GIL_N_2010,5,5,2,4,4,1.41421,0,38,0,38,63,3,0,.,3,38,.,.,.,35
2010,GIL,N,GIL_N,GIL_N_2010,GIL_N_2010,5,2,3,5,4,1.50000,3,38,3,38,63,16,0,.,0,38,.,.,.,46
2010,GIL,N,GIL_N,GIL_N_2010,GIL_N_2010,5,5,2,3,4,1.50000,3,38,16,16,38,16,0,.,3,38,.,.,.,60
2010,GIL,N,GIL_N,GIL_N_2010,GIL_N_2010,5,2,4,4,4,1.25831,0,63,16,3,63,0,0,.,0,38,.,.,.,35
2010,GIL,N,GIL_N,GIL_N_2010,GIL_N_2010,4,4,2,3,3,0.95743,0,86,0,3,16,16,0,.,0,38,.,.,.,40
2010,GIL,N,GIL_N,GIL_N_2010,GIL_N_2010,3,2,4,4,3,0.95743,0,63,38,3,3,16,0,.,0,63,.,.,.,39
2010,GIL,N,GIL_N,GIL_N_2010,GIL_N_2010,5,3,3,2,3,1.25831,0,38,16,38,38,16,0,.,3,16,.,.,.,27
2010,GIL,N,GIL_N,GIL_N_2010,GIL_N_2010,2,4,3,3,3,0.81650,0,38,0,63,38,16,0,.,0,38,.,.,.,32
2010,GIL,N,GIL_N,GIL_N_2010,GIL_N_2010,3,3,3,3,3,0.00000,0,63,3,16,38,16,0,.,0,63,.,.,.,42
2010,GIL,N,GIL_N,GIL_N_2010,GIL_N_2010,1,2,7,2,3,2.70801,0,16,16,38,38,38,0,.,16,16,.,.,.,35
2010,GIL,N,GIL_N,GIL_N_2010,GIL_N_2010,3,3,3,2,3,0.50000,3,3,63,16,63,16,0,.,0,38,.,.,.,45
2010,GIL,N,GIL_N,GIL_N_2010,GIL_N_2010,3,3,3,2,3,0.50000,0,16,0,63,38,38,0,.,3,16,.,.,.,38
2010,GIL,N,GIL_N,GIL_N_2010,GIL_N_2010,3,2,3,2,3,0.57735,0,63,3,16,16,38,0,.,0,63,.,.,.,35
2010,GIL,N,GIL_N,GIL_N_2010,GIL_N_2010,3,4,2,1,3,1.29099,16,16,16,63,38,38,0,.,3,38,.,.,.,36
2010,GIL,N,GIL_N,GIL_N_2010,GIL_N_2010,2,3,3,2,3,0.57735,0,63,3,16,38,16,0,.,0,38,.,.,.,46
2010,GIL,N,GIL_N,GIL_N_2010,GIL_N_2010,3,2,3,2,3,0.57735,0,16,3,63,38,16,0,.,16,38,.,.,.,43
2010,GIL,N,GIL_N,GIL_N_2010,GIL_N_2010,2,2,3,3,3,0.57735,0,38,3,63,63,3,0,.,3,38,.,.,.,64
2010,GIL,N,GIL_N,GIL_N_2010,GIL_N_2010,3,2,2,2,2,0.50000,0,38,16,16,38,16,0,.,16,38,.,.,.,36
2010,GIL,N,GIL_N,GIL_N_2010,GIL_N_2010,2,2,2,2,2,0.00000,0,63,16,38,16,16,0,.,0,38,.,.,.,38
2010,GIL,N,GIL_N,GIL_N_2010,GIL_N_2010,2,2,2,2,2,0.00000,0,38,16,63,38,38,0,.,0,38,.,.,.,44
2010,GIL,N,GIL_N,GIL_N_2010,GIL_N_2010,1,1,2,2,2,0.57735,0,16,3,63,16,63,0,.,3,16,.,.,.,51
2010,GIL,N,GIL_N,GIL_N_2010,GIL_N_2010,2,1,1,1,1,0.50000,0,16,3,63,3,38,0,.,16,38,.,.,.,31
2010,GIL,S,GIL_S,GIL_S_2010,GIL_S_2010,10,9,11,7,9,1.70783,0,63,0,16,63,16,0,.,0,38,.,.,.,50
2010,GIL,S,GIL_S,GIL_S_2010,GIL_S_2010,7,11,6,8,8,2.16025,0,63,0,38,38,0,63,.,0,16,.,.,.,64
2010,GIL,S,GIL_S,GIL_S_2010,GIL_S_2010,5,7,7,10,7,2.06155,0,63,0,16,63,3,0,.,0,63,.,.,.,55
2010,GIL,S,GIL_S,GIL_S_2010,GIL_S_2010,7,7,6,8,7,0.81650,0,63,0,3,63,3,0,.,0,38,.,.,.,48
2010,GIL,S,GIL_S,GIL_S_2010,GIL_S_2010,5,5,8,5,6,1.50000,3,63,16,16,63,16,0,.,0,38,.,.,.,49
2010,GIL,S,GIL_S,GIL_S_2010,GIL_S_2010,4,8,4,6,6,1.91485,0,86,0,3,63,0,0,.,0,38,.,.,.,53
2010,GIL,S,GIL_S,GIL_S_2010,GIL_S_2010,6,6,4,6,6,1.00000,0,38,0,63,16,3,38,.,0,38,.,.,.,59
2010,GIL,S,GIL_S,GIL_S_2010,GIL_S_2010,3,6,7,5,5,1.70783,0,86,3,3,16,0,0,.,0,63,.,.,.,49
2010,GIL,S,GIL_S,GIL_S_2010,GIL_S_2010,3,5,5,8,5,2.06155,0,63,16,16,63,0,0,.,0,38,.,.,.,50
2010,GIL,S,GIL_S,GIL_S_2010,GIL_S_2010,4,6,5,5,5,0.81650,0,63,0,16,38,16,0,.,0,38,.,.,.,47
2010,GIL,S,GIL_S,GIL_S_2010,GIL_S_2010,4,4,5,6,5,0.95743,0,86,0,3,3,0,0,.,0,38,.,.,.,46
2010,GIL,S,GIL_S,GIL_S_2010,GIL_S_2010,4,3,5,7,5,1.70783,0,86,0,16,38,0,0,.,0,38,.,.,.,48
2010,GIL,S,GIL_S,GIL_S_2010,GIL_S_2010,5,5,3,6,5,1.25831,3,63,0,3,63,0,0,.,0,38,.,.,.,46
2010,GIL,S,GIL_S,GIL_S_2010,GIL_S_2010,3,5,4,5,4,0.95743,0,63,0,38,63,0,0,.,0,38,.,.,.,44
2010,GIL,S,GIL_S,GIL_S_2010,GIL_S_2010,4,5,3,5,4,0.95743,0,63,0,16,38,16,0,.,0,38,.,.,.,49
2010,GIL,S,GIL_S,GIL_S_2010,GIL_S_2010,3,6,5,3,4,1.50000,0,16,3,16,63,38,0,.,3,16,.,.,.,54
2010,GIL,S,GIL_S,GIL_S_2010,GIL_S_2010,5,5,3,4,4,0.95743,0,63,3,16,63,38,0,.,0,38,.,.,.,50
2010,GIL,S,GIL_S,GIL_S_2010,GIL_S_2010,5,5,3,3,4,1.15470,0,63,0,38,38,3,0,.,0,38,.,.,.,42
2010,GIL,S,GIL_S,GIL_S_2010,GIL_S_2010,6,2,6,2,4,2.30940,0,38,16,38,63,38,0,.,3,38,.,.,.,43
2010,GIL,S,GIL_S,GIL_S_2010,GIL_S_2010,7,3,3,3,4,2.00000,0,86,0,16,16,0,0,.,0,63,.,.,.,61
2010,GIL,S,GIL_S,GIL_S_2010,GIL_S_2010,4,3,4,4,4,0.50000,0,63,0,16,63,3,0,.,0,38,.,.,.,54
2010,GIL,S,GIL_S,GIL_S_2010,GIL_S_2010,3,3,6,3,4,1.50000,0,38,0,63,63,16,0,.,0,38,.,.,.,41
2010,GIL,S,GIL_S,GIL_S_2010,GIL_S_2010,4,3,3,4,4,0.57735,0,86,0,3,16,16,0,.,0,38,.,.,.,40
2010,GIL,S,GIL_S,GIL_S_2010,GIL_S_2010,3,3,4,4,4,0.57735,0,86,0,3,16,3,16,.,0,38,.,.,.,51
2010,GIL,S,GIL_S,GIL_S_2010,GIL_S_2010,3,4,3,3,3,0.50000,0,86,0,3,16,0,0,.,0,38,.,.,.,53
2010,GIL,S,GIL_S,GIL_S_2010,GIL_S_2010,3,3,2,3,3,0.50000,0,63,0,38,16,0,0,.,0,63,.,.,.,42
2010,GIL,S,GIL_S,GIL_S_2010,GIL_S_2010,3,3,3,2,3,0.50000,0,63,0,38,38,3,0,.,0,38,.,.,.,54
2010,GIL,S,GIL_S,GIL_S_2010,GIL_S_2010,3,3,2,2,3,0.57735,0,38,16,38,3,63,0,.,16,38,.,.,.,44
2010,GIL,S,GIL_S,GIL_S_2010,GIL_S_2010,3,3,2,2,3,0.57735,0,86,0,3,3,0,0,.,0,63,.,.,.,44
2010,GIL,S,GIL_S,GIL_S_2010,GIL_S_2010,3,2,2,1,2,0.81650,0,38,0,38,16,63,0,.,16,38,.,.,.,35
2010,KLN,C,KLN_C,KLN_C_2010,KLN_C_2010,5,5,6,5,5,0.50000,38,38,0,16,16,3,0,.,3,38,.,.,.,46
2010,KLN,C,KLN_C,KLN_C_2010,KLN_C_2010,5,4,5,4,5,0.57735,63,3,0,16,38,16,0,.,3,16,.,.,.,31
2010,KLN,C,KLN_C,KLN_C_2010,KLN_C_2010,5,5,4,4,5,0.57735,63,38,3,16,3,16,0,.,3,38,.,.,.,36
2010,KLN,C,KLN_C,KLN_C_2010,KLN_C_2010,4,3,5,5,4,0.95743,63,38,0,3,3,16,0,.,16,38,.,.,.,37
2010,KLN,C,KLN_C,KLN_C_2010,KLN_C_2010,5,4,3,5,4,0.95743,38,3,16,16,63,3,0,.,16,3,.,.,.,30
2010,KLN,C,KLN_C,KLN_C_2010,KLN_C_2010,3,4,5,4,4,0.81650,63,38,3,3,16,38,0,.,16,16,.,.,.,41
2010,KLN,C,KLN_C,KLN_C_2010,KLN_C_2010,5,3,4,4,4,0.81650,86,16,0,3,3,16,0,.,3,38,.,.,.,49
2010,KLN,C,KLN_C,KLN_C_2010,KLN_C_2010,3,3,4,5,4,0.95743,86,16,3,0,3,3,0,.,16,38,.,.,.,31
2010,KLN,C,KLN_C,KLN_C_2010,KLN_C_2010,3,3,5,4,4,0.95743,63,16,0,3,16,16,0,.,16,16,.,.,.,60
2010,KLN,C,KLN_C,KLN_C_2010,KLN_C_2010,4,3,5,3,4,0.95743,38,38,3,16,38,16,0,.,3,16,.,.,.,36
2010,KLN,C,KLN_C,KLN_C_2010,KLN_C_2010,3,3,4,4,4,0.57735,38,63,0,3,3,16,0,.,3,38,.,.,.,30
2010,KLN,C,KLN_C,KLN_C_2010,KLN_C_2010,3,4,4,3,4,0.57735,38,38,0,16,16,16,0,.,16,38,.,.,.,51
2010,KLN,C,KLN_C,KLN_C_2010,KLN_C_2010,5,3,3,3,4,1.00000,38,38,0,3,16,38,0,.,0,0,.,.,.,36
2010,KLN,C,KLN_C,KLN_C_2010,KLN_C_2010,3,3,4,4,4,0.57735,63,16,0,16,3,16,0,.,3,38,.,.,.,44
2010,KLN,C,KLN_C,KLN_C_2010,KLN_C_2010,3,3,4,4,4,0.57735,16,63,0,16,16,3,0,.,3,38,.,.,.,38
2010,KLN,C,KLN_C,KLN_C_2010,KLN_C_2010,4,4,3,3,4,0.57735,3,38,0,16,16,63,0,.,0,16,.,.,.,35
2010,KLN,C,KLN_C,KLN_C_2010,KLN_C_2010,3,4,3,3,3,0.50000,16,63,0,16,3,38,0,.,3,38,.,.,.,43
2010,KLN,C,KLN_C,KLN_C_2010,KLN_C_2010,3,2,5,3,3,1.25831,63,38,0,16,38,16,0,.,16,38,.,.,.,35
2010,KLN,C,KLN_C,KLN_C_2010,KLN_C_2010,4,3,4,2,3,0.95743,63,38,0,16,16,3,0,.,3,38,.,.,.,33
2010,KLN,C,KLN_C,KLN_C_2010,KLN_C_2010,3,3,3,4,3,0.50000,16,38,0,38,3,38,0,.,3,38,.,.,.,36
2010,KLN,C,KLN_C,KLN_C_2010,KLN_C_2010,3,3,4,2,3,0.81650,63,3,0,3,38,3,0,.,38,3,.,.,.,29
2010,KLN,C,KLN_C,KLN_C_2010,KLN_C_2010,3,3,3,3,3,0.00000,63,3,3,3,38,16,0,.,38,3,.,.,.,40
2010,KLN,C,KLN_C,KLN_C_2010,KLN_C_2010,3,2,3,4,3,0.81650,0,63,0,38,16,38,0,.,3,16,.,.,.,32
2010,KLN,C,KLN_C,KLN_C_2010,KLN_C_2010,3,3,3,3,3,0.00000,63,16,0,16,16,38,0,.,16,16,.,.,.,38
2010,KLN,C,KLN_C,KLN_C_2010,KLN_C_2010,3,3,3,3,3,0.00000,38,16,0,38,38,16,0,.,16,38,.,.,.,33
2010,KLN,C,KLN_C,KLN_C_2010,KLN_C_2010,3,3,2,3,3,0.50000,63,16,0,16,16,38,0,.,3,16,.,.,.,39
2010,KLN,C,KLN_C,KLN_C_2010,KLN_C_2010,5,2,2,2,3,1.50000,63,16,3,0,38,16,0,.,38,3,.,.,.,39
2010,KLN,C,KLN_C,KLN_C_2010,KLN_C_2010,3,2,3,3,3,0.50000,63,16,0,16,38,3,0,.,16,16,.,.,.,35
2010,KLN,C,KLN_C,KLN_C_2010,KLN_C_2010,2,3,3,2,3,0.57735,38,16,0,38,16,38,0,.,38,3,.,.,.,28
2010,KLN,C,KLN_C,KLN_C_2010,KLN_C_2010,3,2,2,3,3,0.57735,16,3,0,16,16,63,0,.,38,3,.,.,.,42
2010,KLN,E,KLN_E,KLN_E_2010,KLN_E_2010,8,6,8,7,7,0.95743,0,16,3,16,63,38,0,.,38,3,.,.,.,38
2010,KLN,E,KLN_E,KLN_E_2010,KLN_E_2010,5,9,8,7,7,1.70783,0,63,3,16,38,3,0,.,0,16,.,.,.,42
2010,KLN,E,KLN_E,KLN_E_2010,KLN_E_2010,11,8,6,3,7,3.36650,0,38,3,38,38,38,0,.,38,16,.,.,.,46
2010,KLN,E,KLN_E,KLN_E_2010,KLN_E_2010,9,6,7,6,7,1.41421,0,16,16,38,63,16,0,.,16,16,.,.,.,40
2010,KLN,E,KLN_E,KLN_E_2010,KLN_E_2010,7,8,7,5,7,1.25831,3,16,16,38,38,16,0,.,16,38,.,.,.,42
2010,KLN,E,KLN_E,KLN_E_2010,KLN_E_2010,7,8,6,6,7,0.95743,0,38,3,16,63,16,0,.,3,16,.,.,.,44
2010,KLN,E,KLN_E,KLN_E_2010,KLN_E_2010,4,6,7,8,6,1.70783,0,38,0,38,63,38,0,.,3,16,.,.,.,48
2010,KLN,E,KLN_E,KLN_E_2010,KLN_E_2010,6,7,9,3,6,2.50000,0,16,3,63,63,3,0,.,3,3,.,.,.,41
2010,KLN,E,KLN_E,KLN_E_2010,KLN_E_2010,6,7,5,4,6,1.29099,0,38,0,16,63,16,0,.,3,16,.,.,.,44
2010,KLN,E,KLN_E,KLN_E_2010,KLN_E_2010,6,4,5,5,5,0.81650,0,38,3,38,63,16,0,.,16,3,.,.,.,37
2010,KLN,E,KLN_E,KLN_E_2010,KLN_E_2010,4,5,6,4,5,0.95743,38,38,0,0,63,0,0,.,3,38,.,.,.,56
2010,KLN,E,KLN_E,KLN_E_2010,KLN_E_2010,5,4,3,5,4,0.95743,16,38,0,38,63,16,0,.,3,38,.,.,.,46
2010,KLN,E,KLN_E,KLN_E_2010,KLN_E_2010,3,3,5,4,4,0.95743,0,16,16,38,38,38,0,.,16,3,.,.,.,36
2010,KLN,E,KLN_E,KLN_E_2010,KLN_E_2010,4,3,5,3,4,0.95743,63,3,3,3,16,16,0,.,0,3,.,.,.,24
2010,KLN,E,KLN_E,KLN_E_2010,KLN_E_2010,5,3,4,3,4,0.95743,0,38,16,63,3,16,0,.,0,38,.,.,.,39
2010,KLN,E,KLN_E,KLN_E_2010,KLN_E_2010,3,3,4,4,4,0.57735,38,63,0,0,38,0,0,.,38,16,.,.,.,46
2010,KLN,E,KLN_E,KLN_E_2010,KLN_E_2010,3,3,4,4,4,0.57735,0,86,0,16,3,3,0,.,0,38,.,.,.,41
2010,KLN,E,KLN_E,KLN_E_2010,KLN_E_2010,4,4,3,3,4,0.57735,0,38,0,63,38,0,0,.,0,38,.,.,.,41
2010,KLN,E,KLN_E,KLN_E_2010,KLN_E_2010,3,3,4,3,3,0.50000,38,16,3,16,3,63,0,.,3,16,.,.,.,38
2010,KLN,E,KLN_E,KLN_E_2010,KLN_E_2010,4,3,3,3,3,0.50000,16,63,3,16,38,3,0,.,3,38,.,.,.,34
2010,KLN,E,KLN_E,KLN_E_2010,KLN_E_2010,3,3,3,3,3,0.00000,38,16,0,38,38,16,0,.,0,3,.,.,.,35
2010,KLN,E,KLN_E,KLN_E_2010,KLN_E_2010,3,3,3,3,3,0.00000,16,38,16,16,38,38,0,.,3,38,.,.,.,38
2010,KLN,E,KLN_E,KLN_E_2010,KLN_E_2010,3,2,4,3,3,0.81650,63,16,3,3,38,16,0,.,3,63,.,.,.,39
2010,KLN,E,KLN_E,KLN_E_2010,KLN_E_2010,2,3,3,3,3,0.50000,38,3,3,16,38,38,0,.,0,3,.,.,.,24
2010,KLN,E,KLN_E,KLN_E_2010,KLN_E_2010,2,3,4,2,3,0.95743,3,38,0,16,38,38,0,.,3,38,.,.,.,34
2010,KLN,E,KLN_E,KLN_E_2010,KLN_E_2010,2,3,3,3,3,0.50000,16,63,0,3,3,38,0,.,0,16,.,.,.,50
2010,KLN,E,KLN_E,KLN_E_2010,KLN_E_2010,3,3,3,2,3,0.50000,16,63,0,16,38,3,0,.,16,16,.,.,.,32
2010,KLN,E,KLN_E,KLN_E_2010,KLN_E_2010,3,2,3,2,3,0.57735,16,38,3,16,16,63,0,.,0,16,.,.,.,36
2010,KLN,E,KLN_E,KLN_E_2010,KLN_E_2010,2,3,2,2,2,0.50000,38,38,3,3,3,38,0,.,16,38,.,.,.,34
2010,KLN,E,KLN_E,KLN_E_2010,KLN_E_2010,2,2,2,2,2,0.00000,38,3,3,3,16,3,0,.,63,3,.,.,.,27
2010,KLN,W,KLN_W,KLN_W_2010,KLN_W_2010,5,4,6,5,5,0.81650,38,16,3,16,63,0,0,.,38,16,.,.,.,44
2010,KLN,W,KLN_W,KLN_W_2010,KLN_W_2010,5,4,4,4,4,0.50000,63,16,3,3,16,16,0,.,3,38,.,.,.,40
2010,KLN,W,KLN_W,KLN_W_2010,KLN_W_2010,4,5,4,4,4,0.50000,0,63,0,38,16,16,0,.,3,16,.,.,.,38
2010,KLN,W,KLN_W,KLN_W_2010,KLN_W_2010,3,4,5,4,4,0.81650,63,16,0,3,3,16,0,.,3,38,.,.,.,39
2010,KLN,W,KLN_W,KLN_W_2010,KLN_W_2010,5,3,4,4,4,0.81650,63,38,0,16,3,16,0,.,3,38,.,.,.,37
2010,KLN,W,KLN_W,KLN_W_2010,KLN_W_2010,4,5,5,2,4,1.41421,38,38,0,3,16,38,0,.,3,16,.,.,.,35
2010,KLN,W,KLN_W,KLN_W_2010,KLN_W_2010,5,3,4,3,4,0.95743,0,63,3,16,38,38,0,.,3,16,.,.,.,32
2010,KLN,W,KLN_W,KLN_W_2010,KLN_W_2010,4,4,3,4,4,0.50000,63,16,0,3,16,3,0,.,16,38,.,.,.,49
2010,KLN,W,KLN_W,KLN_W_2010,KLN_W_2010,4,3,4,4,4,0.50000,38,63,0,3,16,16,0,.,0,38,.,.,.,36
2010,KLN,W,KLN_W,KLN_W_2010,KLN_W_2010,3,3,4,4,4,0.57735,63,16,3,3,16,3,0,.,38,16,.,.,.,38
2010,KLN,W,KLN_W,KLN_W_2010,KLN_W_2010,3,3,4,4,4,0.57735,63,16,0,16,38,3,0,.,3,63,.,.,.,30
2010,KLN,W,KLN_W,KLN_W_2010,KLN_W_2010,3,3,5,3,4,1.00000,38,38,0,16,16,38,0,.,3,16,.,.,.,33
2010,KLN,W,KLN_W,KLN_W_2010,KLN_W_2010,3,3,3,4,3,0.50000,86,16,0,3,3,0,0,.,38,16,.,.,.,35
2010,KLN,W,KLN_W,KLN_W_2010,KLN_W_2010,3,3,4,3,3,0.50000,0,63,0,16,38,3,0,.,3,38,.,.,.,31
2010,KLN,W,KLN_W,KLN_W_2010,KLN_W_2010,5,2,3,3,3,1.25831,63,16,0,3,3,38,0,.,16,16,.,.,.,36
2010,KLN,W,KLN_W,KLN_W_2010,KLN_W_2010,3,4,3,3,3,0.50000,63,38,0,3,16,16,0,.,3,38,.,.,.,40
2010,KLN,W,KLN_W,KLN_W_2010,KLN_W_2010,4,3,3,3,3,0.50000,0,38,0,16,38,63,0,.,3,16,.,.,.,35
2010,KLN,W,KLN_W,KLN_W_2010,KLN_W_2010,4,3,3,3,3,0.50000,3,63,0,38,16,38,0,.,3,3,.,.,.,45
2010,KLN,W,KLN_W,KLN_W_2010,KLN_W_2010,3,3,3,4,3,0.50000,0,63,0,16,16,38,0,.,3,38,.,.,.,36
2010,KLN,W,KLN_W,KLN_W_2010,KLN_W_2010,4,3,3,3,3,0.50000,38,38,0,38,16,16,0,.,3,38,.,.,.,32
2010,KLN,W,KLN_W,KLN_W_2010,KLN_W_2010,4,3,3,3,3,0.50000,38,38,0,16,3,63,0,.,16,16,.,.,.,38
2010,KLN,W,KLN_W,KLN_W_2010,KLN_W_2010,2,1,3,6,3,2.16025,3,38,0,16,63,38,0,.,16,16,.,.,.,40
2010,KLN,W,KLN_W,KLN_W_2010,KLN_W_2010,3,3,3,3,3,0.00000,0,16,0,38,16,63,0,.,3,16,.,.,.,33
2010,KLN,W,KLN_W,KLN_W_2010,KLN_W_2010,2,3,3,3,3,0.50000,16,38,3,38,16,16,0,.,3,38,.,.,.,40
2010,KLN,W,KLN_W,KLN_W_2010,KLN_W_2010,3,3,3,2,3,0.50000,3,38,0,16,16,63,0,.,3,3,.,.,.,36
2010,KLN,W,KLN_W,KLN_W_2010,KLN_W_2010,2,3,3,2,3,0.57735,0,16,3,38,38,38,0,.,16,16,.,.,.,46
2010,KLN,W,KLN_W,KLN_W_2010,KLN_W_2010,3,3,2,2,3,0.57735,0,63,0,16,16,38,0,.,3,16,.,.,.,33
2010,KLN,W,KLN_W,KLN_W_2010,KLN_W_2010,2,2,3,3,3,0.57735,3,38,0,16,63,38,0,.,16,3,.,.,.,36
2010,KLN,W,KLN_W,KLN_W_2010,KLN_W_2010,2,2,3,2,2,0.50000,3,16,0,16,38,38,0,.,38,3,.,.,.,36
2010,KLN,W,KLN_W,KLN_W_2010,KLN_W_2010,2,2,3,2,2,0.50000,3,38,0,16,38,38,0,.,16,3,.,.,.,37
2010,KLT,E,KLT_E,KLT_E_2010,KLT_E_2010,12,10,12,9,11,1.50000,0,0,0,63,63,0,16,.,16,38,.,.,.,54
2010,KLT,E,KLT_E,KLT_E_2010,KLT_E_2010,7,7,7,6,7,0.50000,0,3,0,63,63,0,0,.,0,63,.,.,.,36
2010,KLT,E,KLT_E,KLT_E_2010,KLT_E_2010,7,7,5,7,7,1.00000,38,0,0,3,3,63,0,.,38,38,.,.,.,43
2010,KLT,E,KLT_E,KLT_E_2010,KLT_E_2010,7,4,6,7,6,1.41421,38,0,0,16,38,16,0,.,16,38,.,.,.,60
2010,KLT,E,KLT_E,KLT_E_2010,KLT_E_2010,4,6,7,7,6,1.41421,0,3,0,3,63,38,0,.,38,3,.,.,.,44
2010,KLT,E,KLT_E,KLT_E_2010,KLT_E_2010,6,7,5,6,6,0.81650,0,38,0,63,63,0,0,.,0,63,.,.,.,36
2010,KLT,E,KLT_E,KLT_E_2010,KLT_E_2010,5,6,7,5,6,0.95743,63,0,0,0,63,16,0,.,0,38,.,.,.,47
2010,KLT,E,KLT_E,KLT_E_2010,KLT_E_2010,6,5,7,5,6,0.95743,63,0,0,16,16,16,0,.,0,63,.,.,.,57
2010,KLT,E,KLT_E,KLT_E_2010,KLT_E_2010,6,4,7,6,6,1.25831,63,0,0,3,16,16,0,.,0,63,.,.,.,45
2010,KLT,E,KLT_E,KLT_E_2010,KLT_E_2010,6,7,4,5,6,1.29099,63,0,0,3,63,38,0,.,16,38,.,.,.,49
2010,KLT,E,KLT_E,KLT_E_2010,KLT_E_2010,5,5,7,5,6,1.00000,63,0,0,3,38,38,0,.,3,63,.,.,.,52
2010,KLT,E,KLT_E,KLT_E_2010,KLT_E_2010,3,5,7,7,6,1.91485,63,0,0,3,38,0,0,.,0,63,.,.,.,43
2010,KLT,E,KLT_E,KLT_E_2010,KLT_E_2010,7,4,6,5,6,1.29099,63,0,3,3,38,3,0,.,0,63,.,.,.,45
2010,KLT,E,KLT_E,KLT_E_2010,KLT_E_2010,5,5,7,4,5,1.25831,38,0,0,16,63,38,0,.,0,38,.,.,.,42
2010,KLT,E,KLT_E,KLT_E_2010,KLT_E_2010,6,6,5,4,5,0.95743,63,16,0,16,16,16,0,.,0,63,.,.,.,48
2010,KLT,E,KLT_E,KLT_E_2010,KLT_E_2010,6,5,6,4,5,0.95743,63,0,0,16,38,16,0,.,3,63,.,.,.,41
2010,KLT,E,KLT_E,KLT_E_2010,KLT_E_2010,5,4,4,8,5,1.89297,0,0,0,63,38,0,0,.,0,63,.,.,.,53
2010,KLT,E,KLT_E,KLT_E_2010,KLT_E_2010,5,5,6,4,5,0.81650,63,0,0,16,38,38,0,.,0,63,.,.,.,44
2010,KLT,E,KLT_E,KLT_E_2010,KLT_E_2010,6,5,5,4,5,0.81650,38,0,0,16,63,63,0,.,0,63,.,.,.,45
2010,KLT,E,KLT_E,KLT_E_2010,KLT_E_2010,4,6,6,4,5,1.15470,86,0,0,3,16,16,0,.,0,63,.,.,.,45
2010,KLT,E,KLT_E,KLT_E_2010,KLT_E_2010,6,4,5,4,5,0.95743,63,0,0,3,38,38,0,.,0,38,.,.,.,44
2010,KLT,E,KLT_E,KLT_E_2010,KLT_E_2010,5,5,5,4,5,0.50000,3,0,0,16,63,38,0,.,38,3,.,.,.,37
2010,KLT,E,KLT_E,KLT_E_2010,KLT_E_2010,5,5,5,3,5,1.00000,63,0,0,3,38,3,0,.,0,63,.,.,.,45
2010,KLT,E,KLT_E,KLT_E_2010,KLT_E_2010,4,5,5,4,5,0.57735,16,0,0,3,86,3,0,.,38,3,.,.,.,39
2010,KLT,E,KLT_E,KLT_E_2010,KLT_E_2010,5,5,3,4,4,0.95743,3,0,0,16,86,3,3,.,16,16,.,.,.,41
2010,KLT,E,KLT_E,KLT_E_2010,KLT_E_2010,6,5,2,3,4,1.82574,63,0,0,3,16,16,0,.,38,38,.,.,.,39
2010,KLT,E,KLT_E,KLT_E_2010,KLT_E_2010,3,5,5,2,4,1.50000,63,0,0,3,3,0,0,.,16,63,.,.,.,52
2010,KLT,E,KLT_E,KLT_E_2010,KLT_E_2010,5,3,4,3,4,0.95743,63,0,0,16,3,38,0,.,16,63,.,.,.,49
2010,KLT,E,KLT_E,KLT_E_2010,KLT_E_2010,5,4,3,3,4,0.95743,63,0,0,38,63,0,0,.,3,63,.,.,.,42
2010,KLT,E,KLT_E,KLT_E_2010,KLT_E_2010,3,3,4,3,3,0.50000,63,0,0,3,3,3,0,.,38,38,.,.,.,51
2010,KLT,S,KLT_S,KLT_S_2010,KLT_S_2010,7,8,8,7,8,0.57735,38,0,3,3,63,3,0,.,0,38,.,.,.,50
2010,KLT,S,KLT_S,KLT_S_2010,KLT_S_2010,6,6,7,7,7,0.57735,63,3,0,0,38,16,0,.,0,63,.,.,.,53
2010,KLT,S,KLT_S,KLT_S_2010,KLT_S_2010,5,8,7,6,7,1.29099,63,0,0,16,3,38,0,.,0,63,.,.,.,47
2010,KLT,S,KLT_S,KLT_S_2010,KLT_S_2010,7,5,6,7,6,0.95743,38,0,0,3,38,63,0,.,3,16,.,.,.,44
2010,KLT,S,KLT_S,KLT_S_2010,KLT_S_2010,6,7,7,5,6,0.95743,63,3,0,16,38,3,0,.,3,63,.,.,.,48
2010,KLT,S,KLT_S,KLT_S_2010,KLT_S_2010,3,6,7,7,6,1.89297,0,38,16,16,63,0,0,.,0,63,.,.,.,59
2010,KLT,S,KLT_S,KLT_S_2010,KLT_S_2010,5,6,6,6,6,0.50000,63,0,0,0,63,16,0,.,0,63,.,.,.,47
2010,KLT,S,KLT_S,KLT_S_2010,KLT_S_2010,6,6,5,5,6,0.57735,86,0,3,0,16,63,0,.,0,63,.,.,.,41
2010,KLT,S,KLT_S,KLT_S_2010,KLT_S_2010,5,6,5,6,6,0.57735,38,0,16,0,38,3,0,.,0,63,.,.,.,49
2010,KLT,S,KLT_S,KLT_S_2010,KLT_S_2010,7,5,6,4,6,1.29099,16,38,0,16,38,63,0,.,0,38,.,.,.,46
2010,KLT,S,KLT_S,KLT_S_2010,KLT_S_2010,5,5,5,7,6,1.00000,63,16,0,3,38,38,0,.,0,63,.,.,.,42
2010,KLT,S,KLT_S,KLT_S_2010,KLT_S_2010,5,6,5,6,6,0.57735,63,0,0,16,38,38,0,.,0,63,.,.,.,35
2010,KLT,S,KLT_S,KLT_S_2010,KLT_S_2010,6,4,5,6,5,0.95743,38,16,16,16,38,0,3,.,0,63,.,.,.,42
2010,KLT,S,KLT_S,KLT_S_2010,KLT_S_2010,4,5,5,7,5,1.25831,63,16,3,16,38,0,0,.,0,63,.,.,.,58
2010,KLT,S,KLT_S,KLT_S_2010,KLT_S_2010,4,7,5,5,5,1.25831,63,38,3,0,38,0,0,.,0,63,.,.,.,46
2010,KLT,S,KLT_S,KLT_S_2010,KLT_S_2010,5,5,5,5,5,0.00000,86,3,3,3,16,0,0,.,0,63,.,.,.,45
2010,KLT,S,KLT_S,KLT_S_2010,KLT_S_2010,5,5,5,5,5,0.00000,0,3,3,86,16,3,0,.,0,63,.,.,.,40
2010,KLT,S,KLT_S,KLT_S_2010,KLT_S_2010,5,5,5,5,5,0.00000,86,3,3,0,3,0,0,.,0,63,.,.,.,53
2010,KLT,S,KLT_S,KLT_S_2010,KLT_S_2010,5,4,6,5,5,0.81650,63,0,0,3,16,3,0,.,3,63,.,.,.,45
2010,KLT,S,KLT_S,KLT_S_2010,KLT_S_2010,3,4,8,5,5,2.16025,38,3,0,16,38,63,0,.,16,16,.,.,.,34
2010,KLT,S,KLT_S,KLT_S_2010,KLT_S_2010,5,5,5,5,5,0.00000,38,3,0,3,38,63,0,.,3,63,.,.,.,43
2010,KLT,S,KLT_S,KLT_S_2010,KLT_S_2010,4,4,5,6,5,0.95743,38,0,0,38,38,3,0,.,0,63,.,.,.,46
2010,KLT,S,KLT_S,KLT_S_2010,KLT_S_2010,5,4,4,5,5,0.57735,63,3,0,0,16,3,0,.,3,63,.,.,.,53
2010,KLT,S,KLT_S,KLT_S_2010,KLT_S_2010,3,5,5,5,5,1.00000,86,3,0,0,16,0,0,.,0,63,.,.,.,40
2010,KLT,S,KLT_S,KLT_S_2010,KLT_S_2010,3,5,5,4,4,0.95743,86,3,0,0,16,3,0,.,3,63,.,.,.,50
2010,KLT,S,KLT_S,KLT_S_2010,KLT_S_2010,3,5,4,5,4,0.95743,16,38,16,16,38,0,0,.,0,63,.,.,.,39
2010,KLT,S,KLT_S,KLT_S_2010,KLT_S_2010,4,3,5,5,4,0.95743,63,16,0,3,38,16,0,.,0,63,.,.,.,53
2010,KLT,S,KLT_S,KLT_S_2010,KLT_S_2010,4,3,3,4,4,0.57735,86,3,0,0,16,0,0,.,0,63,.,.,.,41
2010,KLT,S,KLT_S,KLT_S_2010,KLT_S_2010,3,3,3,5,4,1.00000,38,0,0,38,16,63,0,.,16,63,.,.,.,44
2010,KLT,S,KLT_S,KLT_S_2010,KLT_S_2010,3,3,3,2,3,0.50000,63,16,0,16,38,3,0,.,16,63,.,.,.,39
2010,KLT,W,KLT_W,KLT_W_2010,KLT_W_2010,11,10,8,11,10,1.41421,38,0,0,16,63,0,0,.,16,38,.,.,.,52
2010,KLT,W,KLT_W,KLT_W_2010,KLT_W_2010,9,6,8,8,8,1.25831,38,0,0,16,63,16,0,.,16,38,.,.,.,49
2010,KLT,W,KLT_W,KLT_W_2010,KLT_W_2010,9,8,5,8,8,1.73205,63,0,0,0,63,3,0,.,0,63,.,.,.,48
2010,KLT,W,KLT_W,KLT_W_2010,KLT_W_2010,6,9,9,5,7,2.06155,63,0,0,16,63,16,0,.,16,38,.,.,.,44
2010,KLT,W,KLT_W,KLT_W_2010,KLT_W_2010,8,7,6,6,7,0.95743,63,3,0,16,63,0,0,.,16,38,.,.,.,47
2010,KLT,W,KLT_W,KLT_W_2010,KLT_W_2010,7,7,7,6,7,0.50000,63,0,0,3,38,63,0,.,16,38,.,.,.,50
2010,KLT,W,KLT_W,KLT_W_2010,KLT_W_2010,6,7,7,6,7,0.57735,63,0,0,16,38,16,0,.,16,38,.,.,.,43
2010,KLT,W,KLT_W,KLT_W_2010,KLT_W_2010,7,6,6,6,6,0.50000,63,0,0,16,63,16,0,.,3,63,.,.,.,47
2010,KLT,W,KLT_W,KLT_W_2010,KLT_W_2010,6,5,6,8,6,1.25831,0,3,0,63,38,3,0,.,0,63,.,.,.,53
2010,KLT,W,KLT_W,KLT_W_2010,KLT_W_2010,7,5,7,6,6,0.95743,63,0,0,3,63,3,0,.,0,63,.,.,.,41
2010,KLT,W,KLT_W,KLT_W_2010,KLT_W_2010,7,6,6,5,6,0.81650,63,0,0,16,38,16,0,.,0,38,.,.,.,39
2010,KLT,W,KLT_W,KLT_W_2010,KLT_W_2010,6,5,6,7,6,0.81650,63,0,0,16,63,16,0,.,16,38,.,.,.,52
2010,KLT,W,KLT_W,KLT_W_2010,KLT_W_2010,6,6,6,5,6,0.50000,63,0,0,16,63,38,0,.,0,38,.,.,.,38
2010,KLT,W,KLT_W,KLT_W_2010,KLT_W_2010,8,5,5,5,6,1.50000,63,0,0,0,38,16,0,.,0,63,.,.,.,46
2010,KLT,W,KLT_W,KLT_W_2010,KLT_W_2010,6,5,6,5,6,0.57735,63,0,0,3,38,16,0,.,3,63,.,.,.,36
2010,KLT,W,KLT_W,KLT_W_2010,KLT_W_2010,6,5,5,6,6,0.57735,86,0,0,3,16,3,0,.,0,63,.,.,.,40
2010,KLT,W,KLT_W,KLT_W_2010,KLT_W_2010,5,5,6,6,6,0.57735,63,0,0,3,63,38,0,.,0,38,.,.,.,38
2010,KLT,W,KLT_W,KLT_W_2010,KLT_W_2010,6,5,5,5,5,0.50000,63,0,0,3,38,16,0,.,0,63,.,.,.,45
2010,KLT,W,KLT_W,KLT_W_2010,KLT_W_2010,5,4,6,5,5,0.81650,63,0,0,0,3,38,0,.,0,63,.,.,.,39
2010,KLT,W,KLT_W,KLT_W_2010,KLT_W_2010,5,5,5,5,5,0.00000,63,0,0,3,3,38,0,.,3,63,.,.,.,50
2010,KLT,W,KLT_W,KLT_W_2010,KLT_W_2010,5,5,5,4,5,0.50000,63,0,38,0,16,0,0,.,0,0,.,.,.,42
2010,KLT,W,KLT_W,KLT_W_2010,KLT_W_2010,3,5,6,5,5,1.25831,38,38,0,3,63,3,0,.,3,38,.,.,.,50
2010,KLT,W,KLT_W,KLT_W_2010,KLT_W_2010,5,5,4,5,5,0.50000,86,0,0,3,16,3,0,.,0,63,.,.,.,52
2010,KLT,W,KLT_W,KLT_W_2010,KLT_W_2010,5,5,5,4,5,0.50000,86,0,0,3,3,16,0,.,0,63,.,.,.,54
2010,KLT,W,KLT_W,KLT_W_2010,KLT_W_2010,4,5,5,4,5,0.57735,86,0,0,0,38,0,0,.,0,63,.,.,.,46
2010,KLT,W,KLT_W,KLT_W_2010,KLT_W_2010,5,5,5,3,5,1.00000,86,0,0,3,16,3,0,.,0,63,.,.,.,53
2010,KLT,W,KLT_W,KLT_W_2010,KLT_W_2010,5,3,5,5,5,1.00000,63,0,0,16,38,3,0,.,0,63,.,.,.,39
2010,KLT,W,KLT_W,KLT_W_2010,KLT_W_2010,5,3,5,4,4,0.95743,63,0,0,0,0,16,0,.,38,63,.,.,.,44
2010,KLT,W,KLT_W,KLT_W_2010,KLT_W_2010,3,3,3,5,4,1.00000,63,0,0,3,38,3,0,.,16,63,.,.,.,36
2010,KLT,W,KLT_W,KLT_W_2010,KLT_W_2010,3,3,3,4,3,0.50000,63,0,0,3,38,3,0,.,16,63,.,.,.,50
2010,LTR,C,LTR_C,LTR_C_2010,LTR_C_2010,7,8,6,5,7,1.29099,16,0,16,38,38,0,16,.,0,38,.,.,.,47
2010,LTR,C,LTR_C,LTR_C_2010,LTR_C_2010,5,7,3,7,6,1.91485,0,63,3,38,38,16,3,.,3,63,.,.,.,46
2010,LTR,C,LTR_C,LTR_C_2010,LTR_C_2010,5,4,5,7,5,1.25831,38,0,16,3,38,0,0,.,3,63,.,.,.,39
2010,LTR,C,LTR_C,LTR_C_2010,LTR_C_2010,5,5,5,5,5,0.00000,38,16,16,16,63,3,0,.,0,63,.,.,.,43
2010,LTR,C,LTR_C,LTR_C_2010,LTR_C_2010,5,4,5,6,5,0.81650,86,0,3,3,16,3,3,.,0,63,.,.,.,52
2010,LTR,C,LTR_C,LTR_C_2010,LTR_C_2010,6,6,5,3,5,1.41421,63,0,16,3,38,0,16,.,0,63,.,.,.,32
2010,LTR,C,LTR_C,LTR_C_2010,LTR_C_2010,6,5,5,3,5,1.25831,63,0,16,16,38,0,0,.,0,63,.,.,.,34
2010,LTR,C,LTR_C,LTR_C_2010,LTR_C_2010,4,5,6,4,5,0.95743,63,16,3,16,16,0,3,.,0,63,.,.,.,35
2010,LTR,C,LTR_C,LTR_C_2010,LTR_C_2010,5,5,4,5,5,0.50000,63,3,16,3,38,0,16,.,0,63,.,.,.,37
2010,LTR,C,LTR_C,LTR_C_2010,LTR_C_2010,5,3,5,5,5,1.00000,63,0,16,3,38,0,3,.,0,63,.,.,.,45
2010,LTR,C,LTR_C,LTR_C_2010,LTR_C_2010,6,3,3,5,4,1.50000,38,38,3,3,38,3,0,.,3,63,.,.,.,47
2010,LTR,C,LTR_C,LTR_C_2010,LTR_C_2010,4,3,5,5,4,0.95743,63,0,16,3,38,0,0,.,0,63,.,.,.,37
2010,LTR,C,LTR_C,LTR_C_2010,LTR_C_2010,4,3,5,4,4,0.81650,0,63,3,38,16,16,0,.,3,38,.,.,.,38
2010,LTR,C,LTR_C,LTR_C_2010,LTR_C_2010,3,4,5,4,4,0.81650,63,3,3,3,16,3,0,.,0,63,.,.,.,40
2010,LTR,C,LTR_C,LTR_C_2010,LTR_C_2010,4,3,5,3,4,0.95743,16,38,38,16,38,3,0,.,3,63,.,.,.,46
2010,LTR,C,LTR_C,LTR_C_2010,LTR_C_2010,4,4,4,3,4,0.50000,0,63,3,38,16,0,0,.,3,63,.,.,.,35
2010,LTR,C,LTR_C,LTR_C_2010,LTR_C_2010,3,6,3,3,4,1.50000,0,38,3,38,38,38,0,.,3,16,.,.,.,41
2010,LTR,C,LTR_C,LTR_C_2010,LTR_C_2010,3,4,3,4,4,0.57735,0,63,16,38,16,38,0,.,3,38,.,.,.,40
2010,LTR,C,LTR_C,LTR_C_2010,LTR_C_2010,5,3,4,2,4,1.29099,0,38,16,38,38,3,3,.,3,38,.,.,.,43
2010,LTR,C,LTR_C,LTR_C_2010,LTR_C_2010,3,3,3,4,3,0.50000,16,38,16,3,38,38,0,.,3,38,.,.,.,39
2010,LTR,C,LTR_C,LTR_C_2010,LTR_C_2010,3,3,4,3,3,0.50000,0,63,0,38,3,16,0,.,16,38,.,.,.,49
2010,LTR,C,LTR_C,LTR_C_2010,LTR_C_2010,4,3,3,3,3,0.50000,0,3,16,38,63,16,16,.,3,16,.,.,.,33
2010,LTR,C,LTR_C,LTR_C_2010,LTR_C_2010,3,3,3,4,3,0.50000,63,0,16,3,16,3,0,.,0,63,.,.,.,48
2010,LTR,C,LTR_C,LTR_C_2010,LTR_C_2010,4,3,3,3,3,0.50000,86,16,0,3,3,3,0,.,0,63,.,.,.,32
2010,LTR,C,LTR_C,LTR_C_2010,LTR_C_2010,4,3,3,2,3,0.81650,0,38,16,38,38,16,0,.,16,38,.,.,.,34
2010,LTR,C,LTR_C,LTR_C_2010,LTR_C_2010,3,3,3,3,3,0.00000,16,16,3,16,63,3,0,.,3,38,.,.,.,41
2010,LTR,C,LTR_C,LTR_C_2010,LTR_C_2010,2,3,4,3,3,0.81650,0,63,16,16,16,0,0,.,3,63,.,.,.,40
2010,LTR,C,LTR_C,LTR_C_2010,LTR_C_2010,3,2,4,3,3,0.81650,0,3,38,16,38,38,0,.,38,3,.,.,.,43
2010,LTR,C,LTR_C,LTR_C_2010,LTR_C_2010,2,5,2,2,3,1.50000,3,63,3,16,16,16,0,.,3,38,.,.,.,42
2010,LTR,C,LTR_C,LTR_C_2010,LTR_C_2010,2,2,3,2,2,0.50000,0,38,0,16,3,16,0,.,3,63,.,.,.,31
2010,LTR,E,LTR_E,LTR_E_2010,LTR_E_2010,6,5,4,7,6,1.29099,16,38,38,16,38,3,0,.,0,63,.,.,.,40
2010,LTR,E,LTR_E,LTR_E_2010,LTR_E_2010,6,5,5,6,6,0.57735,0,38,16,38,63,0,3,.,0,63,.,.,.,42
2010,LTR,E,LTR_E,LTR_E_2010,LTR_E_2010,5,3,8,5,5,2.06155,0,63,3,16,38,16,0,.,0,63,.,.,.,38
2010,LTR,E,LTR_E,LTR_E_2010,LTR_E_2010,5,6,5,4,5,0.81650,0,38,3,63,63,3,0,.,0,63,.,.,.,45
2010,LTR,E,LTR_E,LTR_E_2010,LTR_E_2010,4,4,8,4,5,2.00000,3,38,38,3,16,0,16,.,0,63,.,.,.,38
2010,LTR,E,LTR_E,LTR_E_2010,LTR_E_2010,6,5,4,5,5,0.81650,3,38,0,63,63,3,0,.,0,63,.,.,.,41
2010,LTR,E,LTR_E,LTR_E_2010,LTR_E_2010,6,5,3,5,5,1.25831,3,38,3,16,38,38,0,.,3,38,.,.,.,41
2010,LTR,E,LTR_E,LTR_E_2010,LTR_E_2010,5,4,5,4,5,0.57735,3,63,3,16,38,16,0,.,0,63,.,.,.,40
2010,LTR,E,LTR_E,LTR_E_2010,LTR_E_2010,5,3,4,5,4,0.95743,0,63,0,38,3,16,0,.,0,63,.,.,.,32
2010,LTR,E,LTR_E,LTR_E_2010,LTR_E_2010,5,4,4,4,4,0.50000,0,38,16,38,3,16,0,.,0,63,.,.,.,38
2010,LTR,E,LTR_E,LTR_E_2010,LTR_E_2010,4,4,4,5,4,0.50000,0,63,3,38,38,3,0,.,3,38,.,.,.,48
2010,LTR,E,LTR_E,LTR_E_2010,LTR_E_2010,3,3,6,3,4,1.50000,16,38,38,16,38,3,0,.,0,63,.,.,.,38
2010,LTR,E,LTR_E,LTR_E_2010,LTR_E_2010,3,3,4,5,4,0.95743,3,63,3,16,38,16,0,.,0,63,.,.,.,41
2010,LTR,E,LTR_E,LTR_E_2010,LTR_E_2010,3,3,4,4,4,0.57735,16,38,3,38,16,3,0,.,0,63,.,.,.,34
2010,LTR,E,LTR_E,LTR_E_2010,LTR_E_2010,4,3,3,4,4,0.57735,0,63,3,38,16,16,0,.,0,63,.,.,.,39
2010,LTR,E,LTR_E,LTR_E_2010,LTR_E_2010,3,3,4,4,4,0.57735,3,38,3,16,63,38,0,.,3,38,.,.,.,41
2010,LTR,E,LTR_E,LTR_E_2010,LTR_E_2010,3,3,3,4,3,0.50000,38,16,3,38,38,16,0,.,0,38,.,.,.,35
2010,LTR,E,LTR_E,LTR_E_2010,LTR_E_2010,3,4,4,2,3,0.95743,3,63,3,16,38,38,0,.,0,38,.,.,.,32
2010,LTR,E,LTR_E,LTR_E_2010,LTR_E_2010,3,3,3,3,3,0.00000,0,16,16,63,38,16,0,.,3,38,.,.,.,36
2010,LTR,E,LTR_E,LTR_E_2010,LTR_E_2010,3,3,3,3,3,0.00000,0,38,3,38,38,63,0,.,0,38,.,.,.,44
2010,LTR,E,LTR_E,LTR_E_2010,LTR_E_2010,4,3,2,3,3,0.81650,3,63,3,16,38,38,0,.,0,38,.,.,.,29
2010,LTR,E,LTR_E,LTR_E_2010,LTR_E_2010,3,3,3,2,3,0.50000,3,38,3,38,38,16,0,.,0,38,.,.,.,26
2010,LTR,E,LTR_E,LTR_E_2010,LTR_E_2010,2,3,3,3,3,0.50000,16,38,16,16,38,63,0,.,0,38,.,.,.,26
2010,LTR,E,LTR_E,LTR_E_2010,LTR_E_2010,3,3,2,3,3,0.50000,16,38,3,16,38,38,0,.,3,38,.,.,.,42
2010,LTR,E,LTR_E,LTR_E_2010,LTR_E_2010,2,3,3,3,3,0.50000,16,38,16,16,63,16,0,.,3,38,.,.,.,35
2010,LTR,E,LTR_E,LTR_E_2010,LTR_E_2010,2,2,4,3,3,0.95743,3,63,3,3,38,38,0,.,0,63,.,.,.,32
2010,LTR,E,LTR_E,LTR_E_2010,LTR_E_2010,2,2,3,3,3,0.57735,0,38,3,63,38,16,0,.,3,38,.,.,.,39
2010,LTR,E,LTR_E,LTR_E_2010,LTR_E_2010,2,3,3,2,3,0.57735,3,16,3,16,38,63,0,.,0,16,.,.,.,34
2010,LTR,E,LTR_E,LTR_E_2010,LTR_E_2010,2,3,3,2,3,0.57735,3,63,0,16,63,16,0,.,3,38,.,.,.,39
2010,LTR,E,LTR_E,LTR_E_2010,LTR_E_2010,2,2,2,2,2,0.00000,63,16,38,3,38,3,0,.,0,63,.,.,.,40
2010,LTR,W,LTR_W,LTR_W_2010,LTR_W_2010,5,4,6,5,5,0.81650,63,0,3,3,16,16,0,.,0,63,.,.,.,33
2010,LTR,W,LTR_W,LTR_W_2010,LTR_W_2010,5,6,5,4,5,0.81650,86,0,3,3,16,0,0,.,0,63,.,.,.,40
2010,LTR,W,LTR_W,LTR_W_2010,LTR_W_2010,5,5,5,5,5,0.00000,63,0,3,16,38,0,0,.,0,63,.,.,.,42
2010,LTR,W,LTR_W,LTR_W_2010,LTR_W_2010,6,3,5,5,5,1.25831,63,0,16,3,63,0,0,.,0,63,.,.,.,39
2010,LTR,W,LTR_W,LTR_W_2010,LTR_W_2010,5,5,4,5,5,0.50000,38,38,3,3,16,0,0,.,0,63,.,.,.,30
2010,LTR,W,LTR_W,LTR_W_2010,LTR_W_2010,4,5,6,3,5,1.29099,38,38,3,16,38,0,3,.,3,63,.,.,.,47
2010,LTR,W,LTR_W,LTR_W_2010,LTR_W_2010,4,5,5,3,4,0.95743,63,16,3,3,16,0,16,.,3,63,.,.,.,35
2010,LTR,W,LTR_W,LTR_W_2010,LTR_W_2010,5,3,5,4,4,0.95743,63,3,3,3,16,3,16,.,0,38,.,.,.,38
2010,LTR,W,LTR_W,LTR_W_2010,LTR_W_2010,3,4,5,5,4,0.95743,86,3,3,3,38,3,0,.,0,63,.,.,.,37
2010,LTR,W,LTR_W,LTR_W_2010,LTR_W_2010,4,4,5,3,4,0.81650,63,16,3,16,38,3,0,.,3,63,.,.,.,38
2010,LTR,W,LTR_W,LTR_W_2010,LTR_W_2010,5,4,3,4,4,0.81650,63,3,0,3,16,0,0,.,3,38,.,.,.,32
2010,LTR,W,LTR_W,LTR_W_2010,LTR_W_2010,4,4,3,4,4,0.50000,63,16,0,3,38,3,0,.,16,38,.,.,.,32
2010,LTR,W,LTR_W,LTR_W_2010,LTR_W_2010,4,4,3,4,4,0.50000,63,0,3,3,38,3,0,.,3,38,.,.,.,35
2010,LTR,W,LTR_W,LTR_W_2010,LTR_W_2010,4,3,4,4,4,0.50000,63,0,3,3,38,16,0,.,3,38,.,.,.,34
2010,LTR,W,LTR_W,LTR_W_2010,LTR_W_2010,3,5,4,3,4,0.95743,63,0,3,3,38,3,0,.,16,38,.,.,.,42
2010,LTR,W,LTR_W,LTR_W_2010,LTR_W_2010,3,5,3,4,4,0.95743,63,3,3,3,16,16,0,.,3,38,.,.,.,38
2010,LTR,W,LTR_W,LTR_W_2010,LTR_W_2010,4,5,4,2,4,1.25831,38,3,3,16,38,38,0,.,16,38,.,.,.,39
2010,LTR,W,LTR_W,LTR_W_2010,LTR_W_2010,3,4,5,3,4,0.95743,63,0,3,3,38,16,0,.,0,38,.,.,.,30
2010,LTR,W,LTR_W,LTR_W_2010,LTR_W_2010,4,3,5,3,4,0.95743,86,3,3,3,16,3,0,.,0,63,.,.,.,38
2010,LTR,W,LTR_W,LTR_W_2010,LTR_W_2010,4,3,3,3,3,0.50000,38,38,3,3,38,0,16,.,3,38,.,.,.,34
2010,LTR,W,LTR_W,LTR_W_2010,LTR_W_2010,2,4,4,3,3,0.95743,63,0,3,3,16,3,0,.,0,63,.,.,.,47
2010,LTR,W,LTR_W,LTR_W_2010,LTR_W_2010,4,2,4,3,3,0.95743,63,3,3,3,38,3,0,.,0,38,.,.,.,39
2010,LTR,W,LTR_W,LTR_W_2010,LTR_W_2010,3,4,3,3,3,0.50000,0,63,0,16,38,3,0,.,3,63,.,.,.,48
2010,LTR,W,LTR_W,LTR_W_2010,LTR_W_2010,3,3,4,3,3,0.50000,63,3,16,3,3,16,0,.,0,63,.,.,.,25
2010,LTR,W,LTR_W,LTR_W_2010,LTR_W_2010,3,3,3,3,3,0.00000,63,16,3,3,38,3,0,.,3,38,.,.,.,31
2010,LTR,W,LTR_W,LTR_W_2010,LTR_W_2010,3,3,3,2,3,0.50000,63,16,0,16,16,16,0,.,16,38,.,.,.,31
2010,LTR,W,LTR_W,LTR_W_2010,LTR_W_2010,3,3,2,3,3,0.50000,38,0,16,3,38,0,3,.,0,63,.,.,.,32
2010,LTR,W,LTR_W,LTR_W_2010,LTR_W_2010,3,2,3,3,3,0.50000,38,0,16,3,3,38,0,.,0,63,.,.,.,29
2010,LTR,W,LTR_W,LTR_W_2010,LTR_W_2010,3,2,2,1,2,0.81650,38,38,3,3,16,16,0,.,3,38,.,.,.,36
2010,LTR,W,LTR_W,LTR_W_2010,LTR_W_2010,2,2,1,2,2,0.50000,63,16,16,3,16,16,0,.,16,38,.,.,.,29
2010,PAW,E,PAW_E,PAW_E_2010,PAW_E_2010,12,10,10,8,10,1.63299,0,0,38,16,63,0,3,.,38,16,.,.,.,50
2010,PAW,E,PAW_E,PAW_E_2010,PAW_E_2010,9,10,9,8,9,0.81650,3,0,38,0,63,0,16,.,16,3,.,.,.,50
2010,PAW,E,PAW_E,PAW_E_2010,PAW_E_2010,11,7,9,7,9,1.91485,0,0,16,3,86,0,0,.,63,3,.,.,.,58
2010,PAW,E,PAW_E,PAW_E_2010,PAW_E_2010,7,8,8,10,8,1.25831,16,0,38,0,63,0,38,.,38,3,.,.,.,48
2010,PAW,E,PAW_E,PAW_E_2010,PAW_E_2010,9,10,7,6,8,1.82574,38,0,38,0,63,0,16,.,16,16,.,.,.,50
2010,PAW,E,PAW_E,PAW_E_2010,PAW_E_2010,7,8,9,8,8,0.81650,16,0,16,38,38,0,63,.,16,16,.,.,.,54
2010,PAW,E,PAW_E,PAW_E_2010,PAW_E_2010,8,9,6,9,8,1.41421,0,0,16,38,63,0,16,.,16,16,.,.,.,63
2010,PAW,E,PAW_E,PAW_E_2010,PAW_E_2010,9,5,8,7,7,1.70783,38,0,38,3,63,0,38,.,16,16,.,.,.,53
2010,PAW,E,PAW_E,PAW_E_2010,PAW_E_2010,7,7,8,7,7,0.50000,38,0,16,0,63,0,16,.,16,3,.,.,.,42
2010,PAW,E,PAW_E,PAW_E_2010,PAW_E_2010,9,5,7,8,7,1.70783,38,0,16,0,63,0,3,.,16,3,.,.,.,56
2010,PAW,E,PAW_E,PAW_E_2010,PAW_E_2010,7,7,8,7,7,0.50000,3,0,16,3,63,3,3,.,16,16,.,.,.,53
2010,PAW,E,PAW_E,PAW_E_2010,PAW_E_2010,7,8,6,8,7,0.95743,63,0,16,0,63,16,3,.,16,16,.,.,.,64
2010,PAW,E,PAW_E,PAW_E_2010,PAW_E_2010,7,8,8,5,7,1.41421,16,0,38,3,16,86,0,.,38,3,.,.,.,45
2010,PAW,E,PAW_E,PAW_E_2010,PAW_E_2010,7,6,7,8,7,0.81650,0,0,38,3,63,0,16,.,16,16,.,.,.,50
2010,PAW,E,PAW_E,PAW_E_2010,PAW_E_2010,7,7,6,8,7,0.81650,16,0,16,0,63,0,16,.,38,3,.,.,.,53
2010,PAW,E,PAW_E,PAW_E_2010,PAW_E_2010,7,5,8,7,7,1.25831,63,0,38,0,63,0,0,.,16,16,.,.,.,41
2010,PAW,E,PAW_E,PAW_E_2010,PAW_E_2010,9,5,7,6,7,1.70783,38,0,16,3,63,0,16,.,16,3,.,.,.,46
2010,PAW,E,PAW_E,PAW_E_2010,PAW_E_2010,7,8,7,5,7,1.25831,63,0,16,0,63,3,3,.,16,16,.,.,.,43
2010,PAW,E,PAW_E,PAW_E_2010,PAW_E_2010,7,5,8,6,7,1.29099,38,0,16,16,63,0,16,.,16,16,.,.,.,51
2010,PAW,E,PAW_E,PAW_E_2010,PAW_E_2010,6,7,7,5,6,0.95743,63,0,16,3,38,16,16,.,16,38,.,.,.,48
2010,PAW,E,PAW_E,PAW_E_2010,PAW_E_2010,6,6,6,7,6,0.50000,63,0,16,0,63,16,16,.,3,16,.,.,.,62
2010,PAW,E,PAW_E,PAW_E_2010,PAW_E_2010,6,7,7,5,6,0.95743,63,0,16,0,63,38,0,.,16,16,.,.,.,54
2010,PAW,E,PAW_E,PAW_E_2010,PAW_E_2010,5,7,6,5,6,0.95743,63,0,16,0,63,0,3,.,16,63,.,.,.,55
2010,PAW,E,PAW_E,PAW_E_2010,PAW_E_2010,6,5,6,6,6,0.50000,63,0,3,0,63,0,0,.,16,38,.,.,.,65
2010,PAW,E,PAW_E,PAW_E_2010,PAW_E_2010,7,6,5,5,6,0.95743,38,0,16,3,38,16,0,.,38,3,.,.,.,55
2010,PAW,E,PAW_E,PAW_E_2010,PAW_E_2010,5,6,5,6,6,0.57735,63,0,3,0,38,0,0,.,3,38,.,.,.,53
2010,PAW,E,PAW_E,PAW_E_2010,PAW_E_2010,5,5,7,5,6,1.00000,63,0,3,0,38,16,38,.,16,16,.,.,.,42
2010,PAW,E,PAW_E,PAW_E_2010,PAW_E_2010,5,6,6,5,6,0.57735,63,0,16,0,63,0,16,.,16,16,.,.,.,48
2010,PAW,E,PAW_E,PAW_E_2010,PAW_E_2010,5,5,6,5,5,0.50000,63,0,3,0,63,3,16,.,16,16,.,.,.,50
2010,PAW,E,PAW_E,PAW_E_2010,PAW_E_2010,4,6,5,4,5,0.95743,38,0,16,3,63,0,16,.,16,38,.,.,.,40
2010,PAW,S,PAW_S,PAW_S_2010,PAW_S_2010,13,12,13,14,13,0.81650,0,0,38,0,63,16,0,.,38,3,.,.,.,62
2010,PAW,S,PAW_S,PAW_S_2010,PAW_S_2010,11,8,10,13,11,2.08167,38,0,16,3,38,38,0,.,38,16,.,.,.,58
2010,PAW,S,PAW_S,PAW_S_2010,PAW_S_2010,12,9,8,12,10,2.06155,0,0,38,3,86,3,0,.,16,16,.,.,.,61
2010,PAW,S,PAW_S,PAW_S_2010,PAW_S_2010,8,7,15,11,10,3.59398,0,0,38,16,63,38,0,.,16,16,.,.,.,55
2010,PAW,S,PAW_S,PAW_S_2010,PAW_S_2010,13,9,6,10,10,2.88675,38,0,38,0,38,38,0,.,16,16,.,.,.,56
2010,PAW,S,PAW_S,PAW_S_2010,PAW_S_2010,9,9,8,7,8,0.95743,38,0,3,0,38,63,3,.,16,3,.,.,.,65
2010,PAW,S,PAW_S,PAW_S_2010,PAW_S_2010,10,7,8,8,8,1.25831,16,0,16,3,38,63,16,.,16,3,.,.,.,53
2010,PAW,S,PAW_S,PAW_S_2010,PAW_S_2010,7,9,9,8,8,0.95743,0,0,63,16,38,38,0,.,0,38,.,.,.,54
2010,PAW,S,PAW_S,PAW_S_2010,PAW_S_2010,10,9,6,7,8,1.82574,63,0,3,3,63,38,0,.,16,16,.,.,.,58
2010,PAW,S,PAW_S,PAW_S_2010,PAW_S_2010,7,8,7,9,8,0.95743,63,0,16,3,16,38,3,.,3,16,.,.,.,62
2010,PAW,S,PAW_S,PAW_S_2010,PAW_S_2010,7,9,9,6,8,1.50000,63,0,16,3,63,0,16,.,16,16,.,.,.,60
2010,PAW,S,PAW_S,PAW_S_2010,PAW_S_2010,8,7,7,7,7,0.50000,63,0,16,3,38,38,0,.,16,16,.,.,.,56
2010,PAW,S,PAW_S,PAW_S_2010,PAW_S_2010,7,7,9,6,7,1.25831,63,0,3,0,63,38,3,.,3,16,.,.,.,56
2010,PAW,S,PAW_S,PAW_S_2010,PAW_S_2010,7,8,6,7,7,0.81650,63,0,3,0,63,16,0,.,16,16,.,.,.,45
2010,PAW,S,PAW_S,PAW_S_2010,PAW_S_2010,7,7,7,7,7,0.00000,38,0,3,3,86,0,0,.,16,3,.,.,.,63
2010,PAW,S,PAW_S,PAW_S_2010,PAW_S_2010,8,6,7,7,7,0.81650,0,0,38,63,3,38,0,.,0,38,.,.,.,51
2010,PAW,S,PAW_S,PAW_S_2010,PAW_S_2010,7,7,7,7,7,0.00000,16,0,3,3,63,0,16,.,16,16,.,.,.,61
2010,PAW,S,PAW_S,PAW_S_2010,PAW_S_2010,7,7,6,7,7,0.50000,63,0,3,3,63,3,3,.,3,16,.,.,.,57
2010,PAW,S,PAW_S,PAW_S_2010,PAW_S_2010,7,5,8,7,7,1.25831,63,0,16,16,16,63,0,.,3,16,.,.,.,56
2010,PAW,S,PAW_S,PAW_S_2010,PAW_S_2010,7,6,6,7,7,0.57735,63,0,3,0,63,0,0,.,16,16,.,.,.,48
2010,PAW,S,PAW_S,PAW_S_2010,PAW_S_2010,5,9,6,6,7,1.73205,63,0,3,0,38,0,0,.,38,38,.,.,.,56
2010,PAW,S,PAW_S,PAW_S_2010,PAW_S_2010,7,5,5,7,6,1.15470,63,0,0,3,63,38,0,.,16,3,.,.,.,55
2010,PAW,S,PAW_S,PAW_S_2010,PAW_S_2010,6,5,6,6,6,0.50000,38,3,0,3,63,0,0,.,38,3,.,.,.,46
2010,PAW,S,PAW_S,PAW_S_2010,PAW_S_2010,5,5,6,6,6,0.57735,63,0,3,0,63,16,3,.,16,16,.,.,.,56
2010,PAW,S,PAW_S,PAW_S_2010,PAW_S_2010,7,7,4,4,6,1.73205,16,0,38,16,38,38,0,.,38,16,.,.,.,61
2010,PAW,S,PAW_S,PAW_S_2010,PAW_S_2010,5,6,5,5,5,0.50000,63,0,0,3,63,38,0,.,3,16,.,.,.,66
2010,PAW,S,PAW_S,PAW_S_2010,PAW_S_2010,5,5,5,5,5,0.00000,63,0,3,0,38,16,0,.,0,38,.,.,.,50
2010,PAW,S,PAW_S,PAW_S_2010,PAW_S_2010,5,3,5,5,5,1.00000,63,0,3,0,63,16,0,.,16,16,.,.,.,42
2010,PAW,S,PAW_S,PAW_S_2010,PAW_S_2010,5,3,4,4,4,0.81650,63,0,3,3,38,38,0,.,38,3,.,.,.,39
2010,PAW,S,PAW_S,PAW_S_2010,PAW_S_2010,5,2,5,3,4,1.50000,63,0,0,0,38,16,0,.,3,16,.,.,.,41
2010,PAW,W,PAW_W,PAW_W_2010,PAW_W_2010,13,10,12,13,12,1.41421,3,0,16,3,63,0,16,.,38,3,.,.,.,60
2010,PAW,W,PAW_W,PAW_W_2010,PAW_W_2010,6,10,11,12,10,2.62996,86,0,0,3,38,0,3,.,3,38,.,.,.,66
2010,PAW,W,PAW_W,PAW_W_2010,PAW_W_2010,9,9,8,8,9,0.57735,38,0,3,0,63,0,3,.,16,3,.,.,.,64
2010,PAW,W,PAW_W,PAW_W_2010,PAW_W_2010,9,8,7,9,8,0.95743,3,0,38,16,63,0,0,.,38,3,.,.,.,61
2010,PAW,W,PAW_W,PAW_W_2010,PAW_W_2010,8,8,9,8,8,0.50000,38,0,16,3,63,3,0,.,16,16,.,.,.,60
2010,PAW,W,PAW_W,PAW_W_2010,PAW_W_2010,9,7,8,9,8,0.95743,16,0,3,3,63,0,38,.,16,3,.,.,.,70
2010,PAW,W,PAW_W,PAW_W_2010,PAW_W_2010,10,6,7,9,8,1.82574,63,3,16,0,63,3,0,.,16,16,.,.,.,54
2010,PAW,W,PAW_W,PAW_W_2010,PAW_W_2010,8,8,8,8,8,0.00000,63,3,16,0,63,0,0,.,16,16,.,.,.,66
2010,PAW,W,PAW_W,PAW_W_2010,PAW_W_2010,7,8,9,7,8,0.95743,38,0,16,0,63,0,3,.,38,16,.,.,.,61
2010,PAW,W,PAW_W,PAW_W_2010,PAW_W_2010,8,7,7,8,8,0.57735,86,0,0,0,38,0,3,.,3,38,.,.,.,51
2010,PAW,W,PAW_W,PAW_W_2010,PAW_W_2010,8,8,7,6,7,0.95743,63,0,3,0,63,0,0,.,16,16,.,.,.,59
2010,PAW,W,PAW_W,PAW_W_2010,PAW_W_2010,7,6,7,9,7,1.25831,38,0,16,3,63,0,3,.,38,16,.,.,.,65
2010,PAW,W,PAW_W,PAW_W_2010,PAW_W_2010,9,7,5,7,7,1.63299,63,0,16,3,63,0,16,.,16,38,.,.,.,64
2010,PAW,W,PAW_W,PAW_W_2010,PAW_W_2010,7,8,7,6,7,0.81650,63,0,3,3,63,0,3,.,16,3,.,.,.,54
2010,PAW,W,PAW_W,PAW_W_2010,PAW_W_2010,7,7,6,7,7,0.50000,0,0,63,38,38,0,0,.,16,16,.,.,.,56
2010,PAW,W,PAW_W,PAW_W_2010,PAW_W_2010,6,6,7,7,7,0.57735,63,16,3,3,63,0,3,.,16,3,.,.,.,58
2010,PAW,W,PAW_W,PAW_W_2010,PAW_W_2010,5,8,8,5,7,1.73205,3,0,38,16,63,0,3,.,38,16,.,.,.,61
2010,PAW,W,PAW_W,PAW_W_2010,PAW_W_2010,8,8,5,5,7,1.73205,38,0,3,0,63,0,16,.,38,3,.,.,.,58
2010,PAW,W,PAW_W,PAW_W_2010,PAW_W_2010,7,6,5,7,6,0.95743,63,0,16,0,63,0,0,.,16,16,.,.,.,54
2010,PAW,W,PAW_W,PAW_W_2010,PAW_W_2010,7,7,6,5,6,0.95743,38,0,3,0,86,0,0,.,38,3,.,.,.,57
2010,PAW,W,PAW_W,PAW_W_2010,PAW_W_2010,6,6,7,5,6,0.81650,63,0,3,3,63,0,0,.,3,38,.,.,.,63
2010,PAW,W,PAW_W,PAW_W_2010,PAW_W_2010,6,5,6,6,6,0.50000,63,3,3,0,38,38,0,.,16,38,.,.,.,41
2010,PAW,W,PAW_W,PAW_W_2010,PAW_W_2010,6,6,5,6,6,0.50000,3,0,38,0,86,0,0,.,38,3,.,.,.,49
2010,PAW,W,PAW_W,PAW_W_2010,PAW_W_2010,6,5,6,5,6,0.57735,63,0,3,0,63,0,0,.,16,38,.,.,.,51
2010,PAW,W,PAW_W,PAW_W_2010,PAW_W_2010,5,7,5,5,6,1.00000,38,0,3,3,63,0,0,.,38,3,.,.,.,54
2010,PAW,W,PAW_W,PAW_W_2010,PAW_W_2010,6,5,5,5,5,0.50000,63,0,3,3,63,16,0,.,3,38,.,.,.,54
2010,PAW,W,PAW_W,PAW_W_2010,PAW_W_2010,5,5,6,5,5,0.50000,63,3,0,3,63,0,3,.,38,16,.,.,.,52
2010,PAW,W,PAW_W,PAW_W_2010,PAW_W_2010,5,5,5,5,5,0.00000,63,0,0,3,63,0,3,.,16,38,.,.,.,46
2010,PAW,W,PAW_W,PAW_W_2010,PAW_W_2010,4,4,4,6,5,1.00000,38,38,0,16,63,16,0,.,16,38,.,.,.,48
2010,PAW,W,PAW_W,PAW_W_2010,PAW_W_2010,3,3,3,4,3,0.50000,38,38,0,3,16,38,0,.,3,38,.,.,.,44
2010,PYN,N,PYN_N,PYN_N_2010,PYN_N_2010,10,6,8,9,8,1.70783,0,63,38,3,86,0,0,.,0,16,.,.,.,46
2010,PYN,N,PYN_N,PYN_N_2010,PYN_N_2010,7,5,8,10,8,2.08167,0,16,3,16,63,0,3,.,16,3,.,.,.,53
2010,PYN,N,PYN_N,PYN_N_2010,PYN_N_2010,8,6,8,7,7,0.95743,0,16,16,63,63,0,0,.,0,38,.,.,.,48
2010,PYN,N,PYN_N,PYN_N_2010,PYN_N_2010,7,4,7,6,6,1.41421,0,38,16,16,63,3,0,.,16,3,.,.,.,46
2010,PYN,N,PYN_N,PYN_N_2010,PYN_N_2010,5,6,7,5,6,0.95743,0,38,63,16,16,0,0,.,0,16,.,.,.,48
2010,PYN,N,PYN_N,PYN_N_2010,PYN_N_2010,3,5,8,3,5,2.36291,0,63,3,16,63,16,0,.,3,16,.,.,.,55
2010,PYN,N,PYN_N,PYN_N_2010,PYN_N_2010,5,4,4,5,5,0.57735,16,63,16,16,63,3,0,.,0,16,.,.,.,40
2010,PYN,N,PYN_N,PYN_N_2010,PYN_N_2010,4,4,5,4,4,0.50000,0,63,0,38,63,0,0,.,0,16,.,.,.,40
2010,PYN,N,PYN_N,PYN_N_2010,PYN_N_2010,3,5,4,5,4,0.95743,0,38,63,16,38,0,0,.,0,38,.,.,.,43
2010,PYN,N,PYN_N,PYN_N_2010,PYN_N_2010,3,3,4,6,4,1.41421,0,63,3,16,38,16,0,.,0,38,.,.,.,42
2010,PYN,N,PYN_N,PYN_N_2010,PYN_N_2010,4,3,4,3,4,0.57735,3,38,3,38,16,38,0,.,0,38,.,.,.,42
2010,PYN,N,PYN_N,PYN_N_2010,PYN_N_2010,3,4,3,3,3,0.50000,16,16,16,38,38,38,0,.,3,16,.,.,.,39
2010,PYN,N,PYN_N,PYN_N_2010,PYN_N_2010,3,3,2,4,3,0.81650,0,38,16,38,16,16,0,.,0,38,.,.,.,44
2010,PYN,N,PYN_N,PYN_N_2010,PYN_N_2010,3,3,3,3,3,0.00000,38,38,0,3,63,16,0,.,3,16,.,.,.,35
2010,PYN,N,PYN_N,PYN_N_2010,PYN_N_2010,4,3,2,3,3,0.81650,16,16,38,16,38,16,3,.,38,3,.,.,.,48
2010,PYN,N,PYN_N,PYN_N_2010,PYN_N_2010,3,3,3,2,3,0.50000,0,38,3,16,16,38,0,.,3,38,.,.,.,42
2010,PYN,N,PYN_N,PYN_N_2010,PYN_N_2010,3,3,2,3,3,0.50000,16,16,16,38,38,38,0,.,16,3,.,.,.,34
2010,PYN,N,PYN_N,PYN_N_2010,PYN_N_2010,2,3,3,3,3,0.50000,16,16,16,38,38,16,0,.,16,3,.,.,.,25
2010,PYN,N,PYN_N,PYN_N_2010,PYN_N_2010,3,3,2,3,3,0.50000,3,38,16,16,38,16,0,.,0,38,.,.,.,47
2010,PYN,N,PYN_N,PYN_N_2010,PYN_N_2010,2,2,2,4,3,1.00000,3,38,16,38,38,16,0,.,16,3,.,.,.,33
2010,PYN,N,PYN_N,PYN_N_2010,PYN_N_2010,3,2,2,3,3,0.57735,16,38,16,16,16,38,0,.,3,16,.,.,.,43
2010,PYN,N,PYN_N,PYN_N_2010,PYN_N_2010,3,2,2,2,2,0.50000,0,38,38,3,63,16,0,.,16,3,.,.,.,38
2010,PYN,N,PYN_N,PYN_N_2010,PYN_N_2010,1,3,3,2,2,0.95743,3,16,38,16,63,38,0,.,16,3,.,.,.,36
2010,PYN,N,PYN_N,PYN_N_2010,PYN_N_2010,2,2,2,2,2,0.00000,0,38,16,16,38,38,0,.,0,16,.,.,.,35
2010,PYN,N,PYN_N,PYN_N_2010,PYN_N_2010,2,2,2,2,2,0.00000,16,16,16,38,38,16,3,.,16,3,.,.,.,34
2010,PYN,N,PYN_N,PYN_N_2010,PYN_N_2010,2,2,2,2,2,0.00000,3,63,3,16,16,38,0,.,16,3,.,.,.,34
2010,PYN,N,PYN_N,PYN_N_2010,PYN_N_2010,2,2,2,2,2,0.00000,0,38,3,38,16,38,0,.,16,3,.,.,.,32
2010,PYN,N,PYN_N,PYN_N_2010,PYN_N_2010,1,2,2,2,2,0.50000,0,38,38,38,38,16,0,.,0,16,.,.,.,90
2010,PYN,N,PYN_N,PYN_N_2010,PYN_N_2010,1,2,2,2,2,0.50000,3,16,63,16,38,38,0,.,3,16,.,.,.,37
2010,PYN,N,PYN_N,PYN_N_2010,PYN_N_2010,1,2,1,1,1,0.50000,3,63,3,16,16,16,0,.,16,16,.,.,.,44
2010,PYN,S,PYN_S,PYN_S_2010,PYN_S_2010,2,7,6,7,6,2.38048,0,38,3,38,63,16,0,.,0,38,.,.,.,47
2010,PYN,S,PYN_S,PYN_S_2010,PYN_S_2010,4,5,5,5,5,0.50000,16,16,16,3,63,63,0,.,0,38,.,.,.,41
2010,PYN,S,PYN_S,PYN_S_2010,PYN_S_2010,5,6,3,3,4,1.50000,0,38,3,38,63,16,0,.,0,38,.,.,.,38
2010,PYN,S,PYN_S,PYN_S_2010,PYN_S_2010,3,3,2,4,3,0.81650,16,3,16,3,63,16,0,.,3,38,.,.,.,30
2010,PYN,S,PYN_S,PYN_S_2010,PYN_S_2010,2,1,2,6,3,2.21736,3,16,16,63,38,16,0,.,3,16,.,.,.,32
2010,PYN,S,PYN_S,PYN_S_2010,PYN_S_2010,3,2,3,3,3,0.50000,38,38,3,16,63,38,0,.,3,38,.,.,.,41
2010,PYN,S,PYN_S,PYN_S_2010,PYN_S_2010,3,3,3,2,3,0.50000,0,63,3,3,63,38,0,.,0,63,.,.,.,34
2010,PYN,S,PYN_S,PYN_S_2010,PYN_S_2010,3,3,2,2,3,0.57735,0,16,16,63,16,38,0,.,0,38,.,.,.,36
2010,PYN,S,PYN_S,PYN_S_2010,PYN_S_2010,2,3,2,2,2,0.50000,0,16,16,38,38,16,0,.,3,16,.,.,.,37
2010,PYN,S,PYN_S,PYN_S_2010,PYN_S_2010,3,2,2,2,2,0.50000,0,38,3,38,63,38,0,.,0,16,.,.,.,36
2010,PYN,S,PYN_S,PYN_S_2010,PYN_S_2010,2,3,2,2,2,0.50000,0,38,3,38,16,38,0,.,3,38,.,.,.,36
2010,PYN,S,PYN_S,PYN_S_2010,PYN_S_2010,3,2,2,2,2,0.50000,16,3,63,3,63,16,0,.,0,63,.,.,.,35
2010,PYN,S,PYN_S,PYN_S_2010,PYN_S_2010,2,2,2,2,2,0.00000,0,3,63,16,3,38,0,.,0,38,.,.,.,48
2010,PYN,S,PYN_S,PYN_S_2010,PYN_S_2010,2,2,2,2,2,0.00000,16,38,16,3,16,38,0,.,3,16,.,.,.,33
2010,PYN,S,PYN_S,PYN_S_2010,PYN_S_2010,2,2,2,2,2,0.00000,0,38,38,16,63,38,0,.,0,16,.,.,.,45
2010,PYN,S,PYN_S,PYN_S_2010,PYN_S_2010,2,2,2,2,2,0.00000,3,16,38,38,38,16,0,.,0,16,.,.,.,40
2010,PYN,S,PYN_S,PYN_S_2010,PYN_S_2010,2,1,2,2,2,0.50000,0,16,16,63,38,16,0,.,3,16,.,.,.,58
2010,PYN,S,PYN_S,PYN_S_2010,PYN_S_2010,2,1,2,2,2,0.50000,0,16,16,63,3,38,0,.,0,16,.,.,.,32
2010,PYN,S,PYN_S,PYN_S_2010,PYN_S_2010,2,2,1,2,2,0.50000,16,16,3,16,38,38,0,.,3,38,.,.,.,37
2010,PYN,S,PYN_S,PYN_S_2010,PYN_S_2010,1,2,2,2,2,0.50000,16,38,16,38,3,16,0,.,3,63,.,.,.,33
2010,PYN,S,PYN_S,PYN_S_2010,PYN_S_2010,2,1,1,2,2,0.57735,0,16,3,38,3,63,0,.,3,16,.,.,.,34
2010,PYN,S,PYN_S,PYN_S_2010,PYN_S_2010,1,2,2,1,2,0.57735,0,16,16,63,16,38,0,.,0,16,.,.,.,37
2010,PYN,S,PYN_S,PYN_S_2010,PYN_S_2010,1,1,2,2,2,0.57735,0,3,38,63,3,16,0,.,0,16,.,.,.,32
2010,PYN,S,PYN_S,PYN_S_2010,PYN_S_2010,2,2,1,1,2,0.57735,16,3,38,63,3,38,0,.,0,16,.,.,.,33
2010,PYN,S,PYN_S,PYN_S_2010,PYN_S_2010,2,1,1,2,2,0.57735,38,16,16,16,38,3,0,.,3,38,.,.,.,39
2010,PYN,S,PYN_S,PYN_S_2010,PYN_S_2010,2,2,1,1,2,0.57735,16,16,16,38,38,16,0,.,3,38,.,.,.,30
2010,PYN,S,PYN_S,PYN_S_2010,PYN_S_2010,1,2,1,1,1,0.50000,3,16,16,63,3,16,0,.,3,16,.,.,.,29
2010,PYN,S,PYN_S,PYN_S_2010,PYN_S_2010,1,2,1,1,1,0.50000,3,3,16,63,16,16,0,.,3,16,.,.,.,30
2010,PYN,S,PYN_S,PYN_S_2010,PYN_S_2010,1,1,1,1,1,0.00000,3,3,38,38,16,38,0,.,0,16,.,.,.,25
2010,PYN,S,PYN_S,PYN_S_2010,PYN_S_2010,1,1,1,1,1,0.00000,0,3,16,63,3,16,0,.,38,16,.,.,.,32
2010,PYN,W,PYN_W,PYN_W_2010,PYN_W_2010,5,5,5,5,5,0.00000,16,63,16,16,38,3,0,.,0,63,.,.,.,40
2010,PYN,W,PYN_W,PYN_W_2010,PYN_W_2010,6,4,4,5,5,0.95743,0,63,3,16,38,0,3,.,0,63,.,.,.,54
2010,PYN,W,PYN_W,PYN_W_2010,PYN_W_2010,4,3,5,5,4,0.95743,16,63,3,3,63,16,0,.,0,63,.,.,.,52
2010,PYN,W,PYN_W,PYN_W_2010,PYN_W_2010,5,6,3,2,4,1.82574,3,16,16,38,63,3,0,.,0,63,.,.,.,42
2010,PYN,W,PYN_W,PYN_W_2010,PYN_W_2010,4,4,4,4,4,0.00000,16,63,3,16,63,0,16,.,0,63,.,.,.,46
2010,PYN,W,PYN_W,PYN_W_2010,PYN_W_2010,5,4,3,3,4,0.95743,0,16,63,3,38,16,0,.,0,63,.,.,.,42
2010,PYN,W,PYN_W,PYN_W_2010,PYN_W_2010,3,4,4,4,4,0.50000,38,16,16,16,63,16,0,.,0,63,.,.,.,40
2010,PYN,W,PYN_W,PYN_W_2010,PYN_W_2010,3,4,4,4,4,0.50000,16,38,16,16,16,38,0,.,0,63,.,.,.,48
2010,PYN,W,PYN_W,PYN_W_2010,PYN_W_2010,4,3,3,4,4,0.57735,0,63,16,16,38,38,0,.,0,63,.,.,.,45
2010,PYN,W,PYN_W,PYN_W_2010,PYN_W_2010,3,3,4,4,4,0.57735,16,63,3,3,16,63,0,.,0,63,.,.,.,39
2010,PYN,W,PYN_W,PYN_W_2010,PYN_W_2010,4,3,3,4,4,0.57735,16,63,3,16,38,16,0,.,0,63,.,.,.,47
2010,PYN,W,PYN_W,PYN_W_2010,PYN_W_2010,4,3,3,3,3,0.50000,16,63,3,3,38,16,0,.,0,38,.,.,.,40
2010,PYN,W,PYN_W,PYN_W_2010,PYN_W_2010,3,3,3,3,3,0.00000,0,38,38,16,63,38,0,.,0,63,.,.,.,37
2010,PYN,W,PYN_W,PYN_W_2010,PYN_W_2010,3,3,3,3,3,0.00000,16,38,16,16,38,16,0,.,0,63,.,.,.,47
2010,PYN,W,PYN_W,PYN_W_2010,PYN_W_2010,3,3,3,3,3,0.00000,3,63,3,16,63,16,0,.,0,38,.,.,.,44
2010,PYN,W,PYN_W,PYN_W_2010,PYN_W_2010,3,3,4,2,3,0.81650,3,63,16,3,63,16,0,.,0,63,.,.,.,41
2010,PYN,W,PYN_W,PYN_W_2010,PYN_W_2010,3,2,3,3,3,0.50000,3,38,16,16,63,38,0,.,3,38,.,.,.,52
2010,PYN,W,PYN_W,PYN_W_2010,PYN_W_2010,2,3,3,3,3,0.50000,16,38,16,16,63,16,0,.,0,63,.,.,.,40
2010,PYN,W,PYN_W,PYN_W_2010,PYN_W_2010,2,3,3,3,3,0.50000,3,38,3,16,38,38,0,.,3,38,.,.,.,53
2010,PYN,W,PYN_W,PYN_W_2010,PYN_W_2010,3,2,3,3,3,0.50000,38,38,16,16,16,16,0,.,3,63,.,.,.,39
2010,PYN,W,PYN_W,PYN_W_2010,PYN_W_2010,3,2,3,3,3,0.50000,38,16,16,3,38,16,0,.,0,63,.,.,.,33
2010,PYN,W,PYN_W,PYN_W_2010,PYN_W_2010,2,2,3,3,3,0.57735,16,38,16,3,38,38,0,.,0,38,.,.,.,40
2010,PYN,W,PYN_W,PYN_W_2010,PYN_W_2010,3,2,2,2,2,0.50000,3,16,38,3,63,38,0,.,3,63,.,.,.,43
2010,PYN,W,PYN_W,PYN_W_2010,PYN_W_2010,3,2,2,2,2,0.50000,16,38,38,3,38,38,0,.,0,63,.,.,.,39
2010,PYN,W,PYN_W,PYN_W_2010,PYN_W_2010,2,1,4,2,2,1.25831,16,3,16,38,16,16,0,.,3,38,.,.,.,30
2010,PYN,W,PYN_W,PYN_W_2010,PYN_W_2010,2,3,3,1,2,0.95743,16,38,3,16,63,16,0,.,3,38,.,.,.,33
2010,PYN,W,PYN_W,PYN_W_2010,PYN_W_2010,3,2,2,2,2,0.50000,3,38,38,3,63,16,0,.,0,38,.,.,.,40
2010,PYN,W,PYN_W,PYN_W_2010,PYN_W_2010,2,2,1,3,2,0.81650,16,16,16,3,63,16,0,.,3,38,.,.,.,38
2010,PYN,W,PYN_W,PYN_W_2010,PYN_W_2010,3,2,1,2,2,0.81650,16,38,16,16,16,38,0,.,0,63,.,.,.,29
2010,PYN,W,PYN_W,PYN_W_2010,PYN_W_2010,1,2,2,1,2,0.57735,38,3,38,16,38,3,0,.,16,38,.,.,.,42
2010,PYS,N,PYS_N,PYS_N_2010,PYS_N_2010,3,5,4,5,4,0.95743,3,16,63,3,38,38,0,.,0,38,.,.,.,52
2010,PYS,N,PYS_N,PYS_N_2010,PYS_N_2010,3,5,4,3,4,0.95743,38,38,16,16,63,16,0,.,3,38,.,.,.,41
2010,PYS,N,PYS_N,PYS_N_2010,PYS_N_2010,3,3,4,4,4,0.57735,0,63,16,16,16,63,0,.,3,16,.,.,.,44
2010,PYS,N,PYS_N,PYS_N_2010,PYS_N_2010,3,4,4,3,4,0.57735,16,38,16,3,63,16,0,.,3,38,.,.,.,44
2010,PYS,N,PYS_N,PYS_N_2010,PYS_N_2010,3,4,3,4,4,0.57735,3,3,63,38,38,38,0,.,0,63,.,.,.,43
2010,PYS,N,PYS_N,PYS_N_2010,PYS_N_2010,3,4,3,4,4,0.57735,3,16,63,3,63,38,0,.,0,38,.,.,.,38
2010,PYS,N,PYS_N,PYS_N_2010,PYS_N_2010,3,3,4,3,3,0.50000,0,63,38,3,3,63,0,.,0,38,.,.,.,43
2010,PYS,N,PYS_N,PYS_N_2010,PYS_N_2010,4,3,2,4,3,0.95743,0,63,16,16,38,38,0,.,0,38,.,.,.,41
2010,PYS,N,PYS_N,PYS_N_2010,PYS_N_2010,3,3,4,2,3,0.81650,0,16,63,16,38,63,0,.,3,16,.,.,.,39
2010,PYS,N,PYS_N,PYS_N_2010,PYS_N_2010,4,3,2,3,3,0.81650,38,3,38,3,63,16,0,.,3,63,.,.,.,32
2010,PYS,N,PYS_N,PYS_N_2010,PYS_N_2010,3,2,4,3,3,0.81650,3,3,38,38,63,38,0,.,0,38,.,.,.,49
2010,PYS,N,PYS_N,PYS_N_2010,PYS_N_2010,3,3,3,3,3,0.00000,3,38,38,16,63,16,0,.,0,38,.,.,.,41
2010,PYS,N,PYS_N,PYS_N_2010,PYS_N_2010,3,3,3,3,3,0.00000,3,38,16,3,63,38,3,.,0,38,.,.,.,38
2010,PYS,N,PYS_N,PYS_N_2010,PYS_N_2010,4,3,2,3,3,0.81650,16,38,16,16,63,38,0,.,0,38,.,.,.,33
2010,PYS,N,PYS_N,PYS_N_2010,PYS_N_2010,3,3,3,2,3,0.50000,0,63,16,3,16,16,0,.,0,38,.,.,.,35
2010,PYS,N,PYS_N,PYS_N_2010,PYS_N_2010,3,3,3,2,3,0.50000,0,38,3,16,63,63,0,.,3,16,.,.,.,39
2010,PYS,N,PYS_N,PYS_N_2010,PYS_N_2010,3,3,3,2,3,0.50000,0,63,0,38,63,38,0,.,3,38,.,.,.,36
2010,PYS,N,PYS_N,PYS_N_2010,PYS_N_2010,3,3,2,3,3,0.50000,0,38,16,3,63,38,0,.,0,38,.,.,.,45
2010,PYS,N,PYS_N,PYS_N_2010,PYS_N_2010,3,2,2,3,3,0.57735,38,16,63,16,16,38,0,.,0,38,.,.,.,29
2010,PYS,N,PYS_N,PYS_N_2010,PYS_N_2010,3,3,2,2,3,0.57735,3,3,38,38,38,38,0,.,0,38,.,.,.,36
2010,PYS,N,PYS_N,PYS_N_2010,PYS_N_2010,2,2,3,2,2,0.50000,3,16,63,16,38,63,0,.,0,16,.,.,.,34
2010,PYS,N,PYS_N,PYS_N_2010,PYS_N_2010,2,2,2,3,2,0.50000,3,16,38,16,38,63,0,.,0,16,.,.,.,27
2010,PYS,N,PYS_N,PYS_N_2010,PYS_N_2010,2,3,2,2,2,0.50000,38,38,3,16,38,16,0,.,0,63,.,.,.,54
2010,PYS,N,PYS_N,PYS_N_2010,PYS_N_2010,1,3,4,1,2,1.50000,16,16,16,63,38,16,0,.,3,16,.,.,.,38
2010,PYS,N,PYS_N,PYS_N_2010,PYS_N_2010,2,2,2,2,2,0.00000,0,38,16,3,38,63,0,.,3,16,.,.,.,50
2010,PYS,N,PYS_N,PYS_N_2010,PYS_N_2010,2,2,2,2,2,0.00000,16,16,63,16,38,16,0,.,3,38,.,.,.,34
2010,PYS,N,PYS_N,PYS_N_2010,PYS_N_2010,2,2,2,2,2,0.00000,38,38,16,3,63,38,0,.,3,38,.,.,.,34
2010,PYS,N,PYS_N,PYS_N_2010,PYS_N_2010,2,2,2,2,2,0.00000,3,16,38,38,38,63,0,.,0,16,.,.,.,32
2010,PYS,N,PYS_N,PYS_N_2010,PYS_N_2010,2,2,2,2,2,0.00000,38,38,16,16,63,38,0,.,0,38,.,.,.,29
2010,PYS,N,PYS_N,PYS_N_2010,PYS_N_2010,2,1,2,3,2,0.81650,16,3,16,63,16,63,0,.,3,16,.,.,.,30
2010,PYS,S,PYS_S,PYS_S_2010,PYS_S_2010,6,9,4,4,6,2.36291,0,38,38,3,63,63,0,.,0,38,.,.,.,36
2010,PYS,S,PYS_S,PYS_S_2010,PYS_S_2010,6,5,3,6,5,1.41421,3,38,16,16,63,38,0,.,0,38,.,.,.,31
2010,PYS,S,PYS_S,PYS_S_2010,PYS_S_2010,5,4,3,5,4,0.95743,3,63,3,16,38,38,0,.,3,63,.,.,.,40
2010,PYS,S,PYS_S,PYS_S_2010,PYS_S_2010,3,5,5,4,4,0.95743,3,63,3,16,63,38,0,.,0,63,.,.,.,46
2010,PYS,S,PYS_S,PYS_S_2010,PYS_S_2010,4,4,3,5,4,0.81650,0,38,38,3,63,38,0,.,0,38,.,.,.,37
2010,PYS,S,PYS_S,PYS_S_2010,PYS_S_2010,4,5,4,3,4,0.81650,16,16,38,38,63,16,0,.,0,63,.,.,.,46
2010,PYS,S,PYS_S,PYS_S_2010,PYS_S_2010,3,3,6,3,4,1.50000,0,16,38,38,63,38,0,.,0,16,.,.,.,35
2010,PYS,S,PYS_S,PYS_S_2010,PYS_S_2010,4,3,4,4,4,0.50000,16,16,63,16,16,38,0,.,0,63,.,.,.,37
2010,PYS,S,PYS_S,PYS_S_2010,PYS_S_2010,3,3,3,5,4,1.00000,0,63,16,16,63,16,0,.,0,38,.,.,.,44
2010,PYS,S,PYS_S,PYS_S_2010,PYS_S_2010,4,3,3,4,4,0.57735,16,38,38,16,63,38,0,.,0,38,.,.,.,35
2010,PYS,S,PYS_S,PYS_S_2010,PYS_S_2010,4,3,4,3,4,0.57735,16,38,16,16,16,38,0,.,0,63,.,.,.,28
2010,PYS,S,PYS_S,PYS_S_2010,PYS_S_2010,3,3,3,4,3,0.50000,0,63,38,16,38,3,0,.,0,38,.,.,.,39
2010,PYS,S,PYS_S,PYS_S_2010,PYS_S_2010,3,3,4,3,3,0.50000,16,38,16,3,16,63,0,.,0,63,.,.,.,43
2010,PYS,S,PYS_S,PYS_S_2010,PYS_S_2010,3,3,3,4,3,0.50000,3,63,3,16,38,38,0,.,0,38,.,.,.,42
2010,PYS,S,PYS_S,PYS_S_2010,PYS_S_2010,3,2,3,4,3,0.81650,0,63,16,16,3,38,0,.,0,38,.,.,.,44
2010,PYS,S,PYS_S,PYS_S_2010,PYS_S_2010,3,3,3,3,3,0.00000,16,38,38,3,38,63,0,.,0,38,.,.,.,39
2010,PYS,S,PYS_S,PYS_S_2010,PYS_S_2010,3,3,3,3,3,0.00000,38,38,16,38,63,3,0,.,0,38,.,.,.,39
2010,PYS,S,PYS_S,PYS_S_2010,PYS_S_2010,3,3,3,3,3,0.00000,0,63,0,38,38,63,0,.,0,38,.,.,.,33
2010,PYS,S,PYS_S,PYS_S_2010,PYS_S_2010,3,3,3,3,3,0.00000,0,16,38,38,63,16,0,.,0,38,.,.,.,39
2010,PYS,S,PYS_S,PYS_S_2010,PYS_S_2010,3,3,3,3,3,0.00000,3,38,16,3,16,63,0,.,16,38,.,.,.,33
2010,PYS,S,PYS_S,PYS_S_2010,PYS_S_2010,2,2,3,5,3,1.41421,38,16,16,3,16,63,0,.,3,38,.,.,.,30
2010,PYS,S,PYS_S,PYS_S_2010,PYS_S_2010,3,3,3,3,3,0.00000,16,63,3,16,38,38,0,.,0,63,.,.,.,39
2010,PYS,S,PYS_S,PYS_S_2010,PYS_S_2010,3,3,3,3,3,0.00000,16,16,38,3,0,38,0,.,0,38,.,.,.,36
2010,PYS,S,PYS_S,PYS_S_2010,PYS_S_2010,2,3,3,3,3,0.50000,38,16,16,3,63,38,0,.,3,38,.,.,.,35
2010,PYS,S,PYS_S,PYS_S_2010,PYS_S_2010,3,3,2,2,3,0.57735,16,38,38,16,16,63,0,.,0,38,.,.,.,42
2010,PYS,S,PYS_S,PYS_S_2010,PYS_S_2010,2,2,2,3,2,0.50000,38,16,16,38,63,16,0,.,3,38,.,.,.,42
2010,PYS,S,PYS_S,PYS_S_2010,PYS_S_2010,3,2,2,2,2,0.50000,3,3,38,16,63,38,0,.,0,38,.,.,.,26
2010,PYS,S,PYS_S,PYS_S_2010,PYS_S_2010,2,2,3,2,2,0.50000,16,38,38,16,63,16,0,.,0,38,.,.,.,38
2010,PYS,S,PYS_S,PYS_S_2010,PYS_S_2010,2,2,2,2,2,0.00000,16,16,38,16,38,38,0,.,0,38,.,.,.,34
2010,PYS,S,PYS_S,PYS_S_2010,PYS_S_2010,2,2,2,2,2,0.00000,0,38,0,16,3,63,0,.,16,38,.,.,.,37
2010,PYS,W,PYS_W,PYS_W_2010,PYS_W_2010,3,2,5,3,3,1.25831,0,63,0,38,16,38,0,.,0,63,.,.,.,37
2010,PYS,W,PYS_W,PYS_W_2010,PYS_W_2010,3,4,3,2,3,0.81650,3,38,3,16,38,38,0,.,3,38,.,.,.,42
2010,PYS,W,PYS_W,PYS_W_2010,PYS_W_2010,3,3,4,2,3,0.81650,16,16,16,3,38,63,0,.,16,3,.,.,.,39
2010,PYS,W,PYS_W,PYS_W_2010,PYS_W_2010,3,3,3,2,3,0.50000,16,3,38,16,38,38,0,.,3,16,.,.,.,32
2010,PYS,W,PYS_W,PYS_W_2010,PYS_W_2010,3,3,3,2,3,0.50000,3,16,38,3,38,38,0,.,38,3,.,.,.,46
2010,PYS,W,PYS_W,PYS_W_2010,PYS_W_2010,3,3,2,2,3,0.57735,3,16,38,16,63,38,0,.,3,38,.,.,.,32
2010,PYS,W,PYS_W,PYS_W_2010,PYS_W_2010,2,2,3,2,2,0.50000,38,3,3,38,38,38,0,.,16,16,.,.,.,37
2010,PYS,W,PYS_W,PYS_W_2010,PYS_W_2010,3,2,2,2,2,0.50000,3,63,16,16,3,38,0,.,0,16,.,.,.,42
2010,PYS,W,PYS_W,PYS_W_2010,PYS_W_2010,2,2,2,3,2,0.50000,0,63,16,3,16,38,0,.,3,38,.,.,.,29
2010,PYS,W,PYS_W,PYS_W_2010,PYS_W_2010,3,2,2,2,2,0.50000,0,63,3,3,16,63,0,.,16,16,.,.,.,38
2010,PYS,W,PYS_W,PYS_W_2010,PYS_W_2010,2,4,2,1,2,1.25831,3,38,16,16,38,63,0,.,38,3,.,.,.,33
2010,PYS,W,PYS_W,PYS_W_2010,PYS_W_2010,2,1,2,4,2,1.25831,3,38,16,3,38,63,0,.,3,3,.,.,.,34
2010,PYS,W,PYS_W,PYS_W_2010,PYS_W_2010,3,2,2,2,2,0.50000,3,16,16,16,38,63,0,.,38,3,.,.,.,31
2010,PYS,W,PYS_W,PYS_W_2010,PYS_W_2010,2,3,1,2,2,0.81650,16,16,16,38,16,38,0,.,16,38,.,.,.,41
2010,PYS,W,PYS_W,PYS_W_2010,PYS_W_2010,2,2,2,2,2,0.00000,16,38,3,38,3,38,0,.,16,16,.,.,.,40
2010,PYS,W,PYS_W,PYS_W_2010,PYS_W_2010,2,2,2,2,2,0.00000,3,3,38,16,16,63,0,.,3,3,.,.,.,24
2010,PYS,W,PYS_W,PYS_W_2010,PYS_W_2010,2,1,3,2,2,0.81650,16,38,3,3,38,63,0,.,16,3,.,.,.,34
2010,PYS,W,PYS_W,PYS_W_2010,PYS_W_2010,2,2,2,2,2,0.00000,3,38,16,3,16,63,0,.,38,3,.,.,.,36
2010,PYS,W,PYS_W,PYS_W_2010,PYS_W_2010,1,3,3,1,2,1.15470,0,38,16,16,38,63,0,.,16,16,.,.,.,29
2010,PYS,W,PYS_W,PYS_W_2010,PYS_W_2010,3,1,3,1,2,1.15470,3,38,3,16,38,63,0,.,38,3,.,.,.,23
2010,PYS,W,PYS_W,PYS_W_2010,PYS_W_2010,2,2,2,2,2,0.00000,16,16,16,3,38,38,0,.,38,3,.,.,.,29
2010,PYS,W,PYS_W,PYS_W_2010,PYS_W_2010,2,2,2,1,2,0.50000,16,3,16,38,38,16,0,.,38,16,.,.,.,31
2010,PYS,W,PYS_W,PYS_W_2010,PYS_W_2010,2,2,2,1,2,0.50000,16,3,38,38,16,3,0,.,38,16,.,.,.,43
2010,PYS,W,PYS_W,PYS_W_2010,PYS_W_2010,1,2,2,2,2,0.50000,16,16,16,38,16,38,0,.,16,16,.,.,.,41
2010,PYS,W,PYS_W,PYS_W_2010,PYS_W_2010,2,2,1,2,2,0.50000,38,3,16,38,3,38,0,.,38,3,.,.,.,26
2010,PYS,W,PYS_W,PYS_W_2010,PYS_W_2010,2,1,2,2,2,0.50000,16,38,16,16,16,63,0,.,16,16,.,.,.,32
2010,PYS,W,PYS_W,PYS_W_2010,PYS_W_2010,2,1,2,2,2,0.50000,38,3,16,38,16,16,0,.,16,3,.,.,.,23
2010,PYS,W,PYS_W,PYS_W_2010,PYS_W_2010,2,2,1,2,2,0.50000,0,63,16,16,3,63,0,.,16,16,.,.,.,36
2010,PYS,W,PYS_W,PYS_W_2010,PYS_W_2010,1,1,2,1,1,0.50000,3,3,16,16,38,63,0,.,16,3,.,.,.,29
2010,PYS,W,PYS_W,PYS_W_2010,PYS_W_2010,1,2,1,1,1,0.50000,3,16,16,16,38,38,0,.,63,3,.,.,.,38
2010,PYW,C,PYW_C,PYW_C_2010,PYW_C_2010,8,9,8,7,8,0.81650,0,16,3,3,63,0,63,.,0,38,.,.,.,52
2010,PYW,C,PYW_C,PYW_C_2010,PYW_C_2010,7,3,3,6,5,2.06155,0,63,3,16,16,0,38,.,0,38,.,.,.,50
2010,PYW,C,PYW_C,PYW_C_2010,PYW_C_2010,5,3,8,2,5,2.64575,3,38,16,0,63,38,0,.,0,38,.,.,.,41
2010,PYW,C,PYW_C,PYW_C_2010,PYW_C_2010,5,3,5,3,4,1.15470,3,63,16,3,63,16,3,.,0,63,.,.,.,38
2010,PYW,C,PYW_C,PYW_C_2010,PYW_C_2010,4,3,3,5,4,0.95743,3,63,16,16,38,16,0,.,0,38,.,.,.,46
2010,PYW,C,PYW_C,PYW_C_2010,PYW_C_2010,3,3,4,4,4,0.57735,0,63,0,3,16,3,38,.,0,63,.,.,.,39
2010,PYW,C,PYW_C,PYW_C_2010,PYW_C_2010,3,2,6,3,4,1.73205,0,63,0,16,38,3,16,.,3,38,.,.,.,37
2010,PYW,C,PYW_C,PYW_C_2010,PYW_C_2010,3,2,3,5,3,1.25831,16,38,3,3,63,38,0,.,3,63,.,.,.,43
2010,PYW,C,PYW_C,PYW_C_2010,PYW_C_2010,5,3,2,3,3,1.25831,0,63,16,16,38,3,0,.,0,63,.,.,.,54
2010,PYW,C,PYW_C,PYW_C_2010,PYW_C_2010,5,3,3,2,3,1.25831,16,38,16,3,63,0,0,.,0,63,.,.,.,37
2010,PYW,C,PYW_C,PYW_C_2010,PYW_C_2010,2,5,2,3,3,1.41421,3,38,3,16,63,63,0,.,16,38,.,.,.,27
2010,PYW,C,PYW_C,PYW_C_2010,PYW_C_2010,3,3,2,4,3,0.81650,0,63,3,16,63,16,0,.,0,63,.,.,.,48
2010,PYW,C,PYW_C,PYW_C_2010,PYW_C_2010,3,3,3,3,3,0.00000,16,38,3,3,63,38,0,.,3,38,.,.,.,38
2010,PYW,C,PYW_C,PYW_C_2010,PYW_C_2010,2,3,4,2,3,0.95743,63,16,3,3,38,38,0,.,0,63,.,.,.,25
2010,PYW,C,PYW_C,PYW_C_2010,PYW_C_2010,3,2,3,3,3,0.50000,0,86,0,3,3,3,0,.,0,38,.,.,.,39
2010,PYW,C,PYW_C,PYW_C_2010,PYW_C_2010,3,2,3,3,3,0.50000,38,3,16,16,38,38,0,.,16,38,.,.,.,35
2010,PYW,C,PYW_C,PYW_C_2010,PYW_C_2010,2,4,3,2,3,0.95743,0,63,3,16,16,38,16,.,3,63,.,.,.,35
2010,PYW,C,PYW_C,PYW_C_2010,PYW_C_2010,3,3,2,2,3,0.57735,16,16,16,3,63,38,0,.,3,38,.,.,.,32
2010,PYW,C,PYW_C,PYW_C_2010,PYW_C_2010,2,2,3,3,3,0.57735,16,38,16,3,38,38,0,.,3,38,.,.,.,26
2010,PYW,C,PYW_C,PYW_C_2010,PYW_C_2010,3,3,2,2,3,0.57735,3,16,16,3,63,38,0,.,3,38,.,.,.,36
2010,PYW,C,PYW_C,PYW_C_2010,PYW_C_2010,2,2,2,3,2,0.50000,16,16,38,3,63,63,0,.,3,38,.,.,.,32
2010,PYW,C,PYW_C,PYW_C_2010,PYW_C_2010,3,2,2,2,2,0.50000,16,3,38,3,63,16,0,.,0,63,.,.,.,38
2010,PYW,C,PYW_C,PYW_C_2010,PYW_C_2010,2,3,2,2,2,0.50000,16,3,38,3,63,63,0,.,3,16,.,.,.,43
2010,PYW,C,PYW_C,PYW_C_2010,PYW_C_2010,2,2,3,2,2,0.50000,3,63,0,3,38,38,0,.,0,63,.,.,.,35
2010,PYW,C,PYW_C,PYW_C_2010,PYW_C_2010,3,2,2,2,2,0.50000,3,16,3,16,63,38,0,.,3,38,.,.,.,30
2010,PYW,C,PYW_C,PYW_C_2010,PYW_C_2010,2,2,2,2,2,0.00000,3,16,16,16,38,63,0,.,3,38,.,.,.,37
2010,PYW,C,PYW_C,PYW_C_2010,PYW_C_2010,2,2,2,2,2,0.00000,3,38,38,3,63,16,0,.,3,38,.,.,.,26
2010,PYW,C,PYW_C,PYW_C_2010,PYW_C_2010,2,2,2,2,2,0.00000,38,3,16,3,63,3,0,.,16,38,.,.,.,90
2010,PYW,C,PYW_C,PYW_C_2010,PYW_C_2010,2,2,2,2,2,0.00000,16,3,38,3,63,3,0,.,16,38,.,.,.,25
2010,PYW,C,PYW_C,PYW_C_2010,PYW_C_2010,2,2,2,2,2,0.00000,16,3,16,16,63,16,0,.,3,63,.,.,.,37
2010,PYW,N,PYW_N,PYW_N_2010,PYW_N_2010,3,4,3,3,3,0.50000,0,63,16,16,16,3,0,.,0,63,.,.,.,39
2010,PYW,N,PYW_N,PYW_N_2010,PYW_N_2010,2,5,3,3,3,1.25831,0,63,0,3,38,38,0,.,0,63,.,.,.,39
2010,PYW,N,PYW_N,PYW_N_2010,PYW_N_2010,4,3,3,3,3,0.50000,0,63,16,3,16,16,0,.,0,63,.,.,.,33
2010,PYW,N,PYW_N,PYW_N_2010,PYW_N_2010,2,2,5,3,3,1.41421,0,38,3,16,38,63,0,.,0,63,.,.,.,41
2010,PYW,N,PYW_N,PYW_N_2010,PYW_N_2010,3,2,3,3,3,0.50000,3,63,16,3,16,16,3,.,0,63,.,.,.,30
2010,PYW,N,PYW_N,PYW_N_2010,PYW_N_2010,2,3,3,3,3,0.50000,0,63,16,3,38,3,0,.,0,63,.,.,.,40
2010,PYW,N,PYW_N,PYW_N_2010,PYW_N_2010,3,3,3,2,3,0.50000,3,38,38,16,38,38,0,.,0,63,.,.,.,26
2010,PYW,N,PYW_N,PYW_N_2010,PYW_N_2010,3,2,2,3,3,0.57735,0,63,0,16,16,38,0,.,3,63,.,.,.,28
2010,PYW,N,PYW_N,PYW_N_2010,PYW_N_2010,2,3,3,2,3,0.57735,3,63,16,16,16,16,0,.,3,38,.,.,.,33
2010,PYW,N,PYW_N,PYW_N_2010,PYW_N_2010,3,2,3,2,3,0.57735,3,63,16,16,16,38,0,.,3,63,.,.,.,36
2010,PYW,N,PYW_N,PYW_N_2010,PYW_N_2010,2,2,3,3,3,0.57735,3,63,16,3,16,38,0,.,0,63,.,.,.,32
2010,PYW,N,PYW_N,PYW_N_2010,PYW_N_2010,2,2,3,2,2,0.50000,3,63,16,3,16,16,0,.,0,63,.,.,.,39
2010,PYW,N,PYW_N,PYW_N_2010,PYW_N_2010,1,2,3,3,2,0.95743,16,38,38,3,16,38,0,.,16,16,.,.,.,38
2010,PYW,N,PYW_N,PYW_N_2010,PYW_N_2010,2,2,3,2,2,0.50000,3,38,16,3,16,63,0,.,3,16,.,.,.,32
2010,PYW,N,PYW_N,PYW_N_2010,PYW_N_2010,2,2,2,3,2,0.50000,0,38,16,16,16,63,0,.,3,38,.,.,.,28
2010,PYW,N,PYW_N,PYW_N_2010,PYW_N_2010,2,2,2,3,2,0.50000,0,38,38,3,38,38,0,.,3,63,.,.,.,32
2010,PYW,N,PYW_N,PYW_N_2010,PYW_N_2010,2,3,2,2,2,0.50000,0,16,38,3,63,38,0,.,3,38,.,.,.,31
2010,PYW,N,PYW_N,PYW_N_2010,PYW_N_2010,2,2,2,3,2,0.50000,16,16,16,3,38,38,0,.,16,38,.,.,.,34
2010,PYW,N,PYW_N,PYW_N_2010,PYW_N_2010,2,2,2,2,2,0.00000,3,38,38,3,38,63,0,.,3,16,.,.,.,22
2010,PYW,N,PYW_N,PYW_N_2010,PYW_N_2010,2,3,2,1,2,0.81650,0,63,16,3,38,38,0,.,3,38,.,.,.,30
2010,PYW,N,PYW_N,PYW_N_2010,PYW_N_2010,2,2,2,2,2,0.00000,0,63,3,3,63,38,0,.,0,38,.,.,.,33
2010,PYW,N,PYW_N,PYW_N_2010,PYW_N_2010,2,2,1,3,2,0.81650,0,38,16,16,38,16,0,.,3,38,.,.,.,36
2010,PYW,N,PYW_N,PYW_N_2010,PYW_N_2010,2,2,2,2,2,0.00000,16,16,16,3,38,63,0,.,0,38,.,.,.,30
2010,PYW,N,PYW_N,PYW_N_2010,PYW_N_2010,2,2,2,2,2,0.00000,0,38,38,3,38,38,0,.,0,63,.,.,.,29
2010,PYW,N,PYW_N,PYW_N_2010,PYW_N_2010,2,2,2,1,2,0.50000,3,38,38,3,16,63,0,.,3,38,.,.,.,36
2010,PYW,N,PYW_N,PYW_N_2010,PYW_N_2010,1,2,2,2,2,0.50000,0,63,16,0,38,38,0,.,0,63,.,.,.,33
2010,PYW,N,PYW_N,PYW_N_2010,PYW_N_2010,2,1,1,2,2,0.57735,16,3,16,16,38,16,0,.,38,3,.,.,.,37
2010,PYW,N,PYW_N,PYW_N_2010,PYW_N_2010,1,2,1,1,1,0.50000,16,16,16,16,38,38,0,.,16,3,.,.,.,28
2010,PYW,N,PYW_N,PYW_N_2010,PYW_N_2010,1,1,1,2,1,0.50000,3,16,16,16,16,38,0,.,38,16,.,.,.,30
2010,PYW,N,PYW_N,PYW_N_2010,PYW_N_2010,1,2,1,1,1,0.50000,3,3,3,63,3,16,0,.,16,3,.,.,.,36
2010,PYW,S,PYW_S,PYW_S_2010,PYW_S_2010,6,6,6,3,5,1.50000,3,38,3,16,63,16,0,.,0,63,.,.,.,42
2010,PYW,S,PYW_S,PYW_S_2010,PYW_S_2010,7,2,6,5,5,2.16025,3,38,16,3,63,16,0,.,0,63,.,.,.,45
2010,PYW,S,PYW_S,PYW_S_2010,PYW_S_2010,4,4,5,5,5,0.57735,0,63,16,16,38,16,0,.,0,63,.,.,.,38
2010,PYW,S,PYW_S,PYW_S_2010,PYW_S_2010,5,4,5,4,5,0.57735,0,63,3,38,0,3,0,.,0,63,.,.,.,41
2010,PYW,S,PYW_S,PYW_S_2010,PYW_S_2010,5,3,5,4,4,0.95743,16,38,16,3,38,63,0,.,0,63,.,.,.,44
2010,PYW,S,PYW_S,PYW_S_2010,PYW_S_2010,4,4,5,4,4,0.50000,38,38,3,16,16,3,3,.,0,63,.,.,.,36
2010,PYW,S,PYW_S,PYW_S_2010,PYW_S_2010,5,4,5,3,4,0.95743,63,38,3,16,63,16,0,.,0,63,.,.,.,44
2010,PYW,S,PYW_S,PYW_S_2010,PYW_S_2010,5,3,5,3,4,1.15470,3,63,3,16,16,16,0,.,0,63,.,.,.,27
2010,PYW,S,PYW_S,PYW_S_2010,PYW_S_2010,3,5,5,3,4,1.15470,0,38,3,38,38,63,0,.,3,63,.,.,.,41
2010,PYW,S,PYW_S,PYW_S_2010,PYW_S_2010,5,3,4,4,4,0.81650,63,38,3,3,3,16,0,.,0,63,.,.,.,34
2010,PYW,S,PYW_S,PYW_S_2010,PYW_S_2010,4,4,4,4,4,0.00000,16,38,3,16,38,38,0,.,0,63,.,.,.,44
2010,PYW,S,PYW_S,PYW_S_2010,PYW_S_2010,3,5,3,4,4,0.95743,63,16,0,16,38,16,0,.,3,63,.,.,.,41
2010,PYW,S,PYW_S,PYW_S_2010,PYW_S_2010,4,3,4,3,4,0.57735,63,16,16,3,16,16,0,.,3,63,.,.,.,40
2010,PYW,S,PYW_S,PYW_S_2010,PYW_S_2010,3,2,4,4,3,0.95743,3,63,3,16,16,38,0,.,0,63,.,.,.,38
2010,PYW,S,PYW_S,PYW_S_2010,PYW_S_2010,3,3,3,4,3,0.50000,16,38,16,16,3,38,0,.,0,63,.,.,.,40
2010,PYW,S,PYW_S,PYW_S_2010,PYW_S_2010,3,3,4,3,3,0.50000,3,16,16,3,3,63,0,.,0,63,.,.,.,35
2010,PYW,S,PYW_S,PYW_S_2010,PYW_S_2010,3,3,3,3,3,0.00000,3,38,38,3,16,63,0,.,0,38,.,.,.,46
2010,PYW,S,PYW_S,PYW_S_2010,PYW_S_2010,3,3,3,3,3,0.00000,3,38,0,16,63,16,0,.,0,63,.,.,.,33
2010,PYW,S,PYW_S,PYW_S_2010,PYW_S_2010,2,3,4,3,3,0.81650,38,16,16,3,16,38,3,.,0,38,.,.,.,32
2010,PYW,S,PYW_S,PYW_S_2010,PYW_S_2010,3,3,3,3,3,0.00000,16,16,38,16,38,16,0,.,0,63,.,.,.,38
2010,PYW,S,PYW_S,PYW_S_2010,PYW_S_2010,3,2,3,3,3,0.50000,3,38,16,16,16,38,0,.,0,63,.,.,.,33
2010,PYW,S,PYW_S,PYW_S_2010,PYW_S_2010,3,2,3,3,3,0.50000,16,38,16,3,63,16,0,.,0,63,.,.,.,46
2010,PYW,S,PYW_S,PYW_S_2010,PYW_S_2010,3,3,3,2,3,0.50000,3,38,3,3,38,3,0,.,0,63,.,.,.,41
2010,PYW,S,PYW_S,PYW_S_2010,PYW_S_2010,3,2,3,3,3,0.50000,38,38,3,16,16,16,0,.,0,63,.,.,.,41
2010,PYW,S,PYW_S,PYW_S_2010,PYW_S_2010,2,2,3,3,3,0.57735,38,38,3,3,38,38,0,.,3,63,.,.,.,36
2010,PYW,S,PYW_S,PYW_S_2010,PYW_S_2010,2,3,3,2,3,0.57735,3,63,3,16,16,38,0,.,3,38,.,.,.,33
2010,PYW,S,PYW_S,PYW_S_2010,PYW_S_2010,2,3,3,2,3,0.57735,38,16,3,3,38,38,0,.,0,63,.,.,.,43
2010,PYW,S,PYW_S,PYW_S_2010,PYW_S_2010,3,2,2,2,2,0.50000,3,16,16,16,63,16,0,.,3,38,.,.,.,42
2010,PYW,S,PYW_S,PYW_S_2010,PYW_S_2010,3,2,2,2,2,0.50000,0,38,38,3,63,38,0,.,0,38,.,.,.,42
2010,PYW,S,PYW_S,PYW_S_2010,PYW_S_2010,3,2,2,2,2,0.50000,3,38,38,3,3,16,0,.,0,63,.,.,.,48
2010,RCH2007,N,RCH2007_N,RCH2007_N_2010,RCH2007_N_2010,6,9,6,7,7,1.41421,0,38,3,38,63,0,0,.,0,86,.,.,.,48
2010,RCH2007,N,RCH2007_N,RCH2007_N_2010,RCH2007_N_2010,7,6,5,6,6,0.81650,0,38,16,63,3,0,0,.,0,63,.,.,.,46
2010,RCH2007,N,RCH2007_N,RCH2007_N_2010,RCH2007_N_2010,8,5,6,5,6,1.41421,0,63,3,16,38,0,0,.,0,63,.,.,.,41
2010,RCH2007,N,RCH2007_N,RCH2007_N_2010,RCH2007_N_2010,7,4,7,6,6,1.41421,0,38,0,38,3,0,38,.,0,86,.,.,.,43
2010,RCH2007,N,RCH2007_N,RCH2007_N_2010,RCH2007_N_2010,6,3,8,6,6,2.06155,0,38,0,38,0,0,38,.,0,86,.,.,.,39
2010,RCH2007,N,RCH2007_N,RCH2007_N_2010,RCH2007_N_2010,5,5,6,6,6,0.57735,0,38,0,38,16,0,3,.,0,86,.,.,.,34
2010,RCH2007,N,RCH2007_N,RCH2007_N_2010,RCH2007_N_2010,5,6,6,5,6,0.57735,0,38,0,38,38,0,16,.,0,86,.,.,.,54
2010,RCH2007,N,RCH2007_N,RCH2007_N_2010,RCH2007_N_2010,5,6,6,4,5,0.95743,0,38,0,38,16,3,0,.,0,86,.,.,.,53
2010,RCH2007,N,RCH2007_N,RCH2007_N_2010,RCH2007_N_2010,6,5,5,5,5,0.50000,0,38,0,38,38,0,0,.,0,86,.,.,.,49
2010,RCH2007,N,RCH2007_N,RCH2007_N_2010,RCH2007_N_2010,5,4,7,5,5,1.25831,0,16,0,63,38,0,16,.,0,63,.,.,.,46
2010,RCH2007,N,RCH2007_N,RCH2007_N_2010,RCH2007_N_2010,5,5,5,5,5,0.00000,0,38,3,63,38,0,0,.,0,63,.,.,.,38
2010,RCH2007,N,RCH2007_N,RCH2007_N_2010,RCH2007_N_2010,4,3,7,6,5,1.82574,0,16,0,86,3,3,16,.,0,63,.,.,.,43
2010,RCH2007,N,RCH2007_N,RCH2007_N_2010,RCH2007_N_2010,6,3,5,5,5,1.25831,0,16,0,86,3,0,0,.,0,63,.,.,.,35
2010,RCH2007,N,RCH2007_N,RCH2007_N_2010,RCH2007_N_2010,7,3,4,5,5,1.70783,3,63,3,3,63,0,0,.,0,86,.,.,.,49
2010,RCH2007,N,RCH2007_N,RCH2007_N_2010,RCH2007_N_2010,5,4,5,5,5,0.50000,0,63,0,38,38,0,0,.,0,63,.,.,.,40
2010,RCH2007,N,RCH2007_N,RCH2007_N_2010,RCH2007_N_2010,5,5,4,4,5,0.57735,0,63,0,16,16,0,0,.,0,86,.,.,.,33
2010,RCH2007,N,RCH2007_N,RCH2007_N_2010,RCH2007_N_2010,3,4,6,5,5,1.29099,3,38,16,3,63,0,0,.,0,86,.,.,.,44
2010,RCH2007,N,RCH2007_N,RCH2007_N_2010,RCH2007_N_2010,4,4,5,5,5,0.57735,0,38,0,38,3,0,0,.,0,86,.,.,.,43
2010,RCH2007,N,RCH2007_N,RCH2007_N_2010,RCH2007_N_2010,4,3,5,6,5,1.29099,0,16,3,63,38,0,0,.,0,86,.,.,.,33
2010,RCH2007,N,RCH2007_N,RCH2007_N_2010,RCH2007_N_2010,5,4,4,4,4,0.50000,0,63,16,16,63,0,0,.,0,63,.,.,.,45
2010,RCH2007,N,RCH2007_N,RCH2007_N_2010,RCH2007_N_2010,5,4,4,4,4,0.50000,0,38,3,38,16,16,0,.,0,86,.,.,.,40
2010,RCH2007,N,RCH2007_N,RCH2007_N_2010,RCH2007_N_2010,5,4,4,4,4,0.50000,0,16,0,63,3,0,16,.,0,86,.,.,.,30
2010,RCH2007,N,RCH2007_N,RCH2007_N_2010,RCH2007_N_2010,4,4,4,4,4,0.00000,0,63,16,3,63,0,0,.,0,86,.,.,.,44
2010,RCH2007,N,RCH2007_N,RCH2007_N_2010,RCH2007_N_2010,4,4,5,3,4,0.81650,0,63,3,16,63,0,0,.,0,63,.,.,.,48
2010,RCH2007,N,RCH2007_N,RCH2007_N_2010,RCH2007_N_2010,4,3,4,4,4,0.50000,0,38,38,3,38,0,3,.,0,86,.,.,.,58
2010,RCH2007,N,RCH2007_N,RCH2007_N_2010,RCH2007_N_2010,3,3,5,4,4,0.95743,0,38,16,38,63,0,0,.,0,63,.,.,.,41
2010,RCH2007,N,RCH2007_N,RCH2007_N_2010,RCH2007_N_2010,3,4,4,3,4,0.57735,0,16,0,86,3,3,0,.,0,63,.,.,.,58
2010,RCH2007,N,RCH2007_N,RCH2007_N_2010,RCH2007_N_2010,4,3,3,4,4,0.57735,0,63,3,3,16,0,16,.,0,86,.,.,.,51
2010,RCH2007,N,RCH2007_N,RCH2007_N_2010,RCH2007_N_2010,3,3,4,4,4,0.57735,0,16,38,16,38,16,0,.,0,63,.,.,.,56
2010,RCH2007,N,RCH2007_N,RCH2007_N_2010,RCH2007_N_2010,3,4,3,3,3,0.50000,0,38,0,63,3,0,0,.,0,63,.,.,.,32
2010,RCH2007,S,RCH2007_S,RCH2007_S_2010,RCH2007_S_2010,7,6,5,5,6,0.95743,0,63,0,16,38,0,0,.,0,63,.,.,.,43
2010,RCH2007,S,RCH2007_S,RCH2007_S_2010,RCH2007_S_2010,7,5,5,6,6,0.95743,0,63,0,38,38,0,16,.,0,63,.,.,.,46
2010,RCH2007,S,RCH2007_S,RCH2007_S_2010,RCH2007_S_2010,5,9,5,4,6,2.21736,0,63,0,3,38,0,38,.,0,63,.,.,.,51
2010,RCH2007,S,RCH2007_S,RCH2007_S_2010,RCH2007_S_2010,8,4,5,5,6,1.73205,0,63,3,16,38,0,0,.,0,63,.,.,.,42
2010,RCH2007,S,RCH2007_S,RCH2007_S_2010,RCH2007_S_2010,5,5,7,5,6,1.00000,0,38,3,3,63,16,0,.,0,63,.,.,.,51
2010,RCH2007,S,RCH2007_S,RCH2007_S_2010,RCH2007_S_2010,5,6,5,5,5,0.50000,0,16,0,63,16,0,0,.,0,63,.,.,.,38
2010,RCH2007,S,RCH2007_S,RCH2007_S_2010,RCH2007_S_2010,6,5,4,6,5,0.95743,0,16,16,3,63,0,3,.,3,63,.,.,.,43
2010,RCH2007,S,RCH2007_S,RCH2007_S_2010,RCH2007_S_2010,7,3,4,7,5,2.06155,3,63,0,3,63,0,3,.,0,63,.,.,.,54
2010,RCH2007,S,RCH2007_S,RCH2007_S_2010,RCH2007_S_2010,6,5,4,5,5,0.81650,0,63,16,3,38,38,0,.,0,63,.,.,.,41
2010,RCH2007,S,RCH2007_S,RCH2007_S_2010,RCH2007_S_2010,5,5,5,5,5,0.00000,16,63,3,16,63,0,0,.,0,63,.,.,.,48
2010,RCH2007,S,RCH2007_S,RCH2007_S_2010,RCH2007_S_2010,5,5,5,5,5,0.00000,0,63,0,38,16,0,0,.,0,63,.,.,.,43
2010,RCH2007,S,RCH2007_S,RCH2007_S_2010,RCH2007_S_2010,5,5,4,5,5,0.50000,0,63,0,38,38,0,16,.,0,63,.,.,.,39
2010,RCH2007,S,RCH2007_S,RCH2007_S_2010,RCH2007_S_2010,4,4,6,5,5,0.95743,0,63,0,16,63,0,0,.,0,63,.,.,.,42
2010,RCH2007,S,RCH2007_S,RCH2007_S_2010,RCH2007_S_2010,5,6,3,5,5,1.25831,0,3,0,63,16,0,16,.,0,86,.,.,.,48
2010,RCH2007,S,RCH2007_S,RCH2007_S_2010,RCH2007_S_2010,4,6,5,4,5,0.95743,0,38,16,16,16,0,0,.,0,86,.,.,.,34
2010,RCH2007,S,RCH2007_S,RCH2007_S_2010,RCH2007_S_2010,4,4,5,5,5,0.57735,0,63,0,16,63,0,16,.,0,63,.,.,.,50
2010,RCH2007,S,RCH2007_S,RCH2007_S_2010,RCH2007_S_2010,4,5,4,4,4,0.50000,0,63,16,3,16,38,0,.,0,63,.,.,.,34
2010,RCH2007,S,RCH2007_S,RCH2007_S_2010,RCH2007_S_2010,5,5,4,3,4,0.95743,0,63,0,16,38,0,0,.,0,63,.,.,.,54
2010,RCH2007,S,RCH2007_S,RCH2007_S_2010,RCH2007_S_2010,4,5,4,4,4,0.50000,0,86,0,3,16,0,0,.,0,63,.,.,.,46
2010,RCH2007,S,RCH2007_S,RCH2007_S_2010,RCH2007_S_2010,4,5,4,4,4,0.50000,3,63,0,16,63,0,0,.,0,63,.,.,.,44
2010,RCH2007,S,RCH2007_S,RCH2007_S_2010,RCH2007_S_2010,4,4,5,4,4,0.50000,16,38,3,16,16,0,0,.,0,86,.,.,.,37
2010,RCH2007,S,RCH2007_S,RCH2007_S_2010,RCH2007_S_2010,4,4,4,5,4,0.50000,0,63,0,16,38,0,3,.,0,63,.,.,.,43
2010,RCH2007,S,RCH2007_S,RCH2007_S_2010,RCH2007_S_2010,4,4,4,4,4,0.00000,3,63,0,3,38,0,0,.,0,63,.,.,.,40
2010,RCH2007,S,RCH2007_S,RCH2007_S_2010,RCH2007_S_2010,3,3,6,4,4,1.41421,3,63,0,3,38,0,0,.,0,63,.,.,.,42
2010,RCH2007,S,RCH2007_S,RCH2007_S_2010,RCH2007_S_2010,4,4,4,4,4,0.00000,0,63,3,3,63,0,0,.,0,63,.,.,.,53
2010,RCH2007,S,RCH2007_S,RCH2007_S_2010,RCH2007_S_2010,4,4,3,5,4,0.81650,0,38,0,63,0,0,3,.,0,63,.,.,.,58
2010,RCH2007,S,RCH2007_S,RCH2007_S_2010,RCH2007_S_2010,4,4,3,4,4,0.50000,0,63,0,3,63,0,0,.,0,63,.,.,.,49
2010,RCH2007,S,RCH2007_S,RCH2007_S_2010,RCH2007_S_2010,5,2,4,4,4,1.25831,3,38,16,3,38,0,0,.,0,63,.,.,.,44
2010,RCH2007,S,RCH2007_S,RCH2007_S_2010,RCH2007_S_2010,3,4,5,3,4,0.95743,0,3,0,86,3,0,0,.,3,63,.,.,.,64
2010,RCH2007,S,RCH2007_S,RCH2007_S_2010,RCH2007_S_2010,3,4,4,3,4,0.57735,0,86,0,3,38,0,3,.,0,63,.,.,.,58
2010,RCH2007,W,RCH2007_W,RCH2007_W_2010,RCH2007_W_2010,7,8,8,8,8,0.50000,0,38,0,3,63,0,0,.,0,38,.,.,.,50
2010,RCH2007,W,RCH2007_W,RCH2007_W_2010,RCH2007_W_2010,5,7,5,9,7,1.91485,0,63,0,16,63,0,0,.,0,63,.,.,.,54
2010,RCH2007,W,RCH2007_W,RCH2007_W_2010,RCH2007_W_2010,8,8,5,5,7,1.73205,0,38,0,63,38,0,3,.,0,63,.,.,.,52
2010,RCH2007,W,RCH2007_W,RCH2007_W_2010,RCH2007_W_2010,5,4,6,11,7,3.10913,3,63,3,0,38,63,0,.,0,63,.,.,.,46
2010,RCH2007,W,RCH2007_W,RCH2007_W_2010,RCH2007_W_2010,6,10,5,5,7,2.38048,0,38,0,38,63,0,3,.,0,63,.,.,.,41
2010,RCH2007,W,RCH2007_W,RCH2007_W_2010,RCH2007_W_2010,6,8,7,5,7,1.29099,0,63,3,3,38,0,3,.,0,63,.,.,.,56
2010,RCH2007,W,RCH2007_W,RCH2007_W_2010,RCH2007_W_2010,6,6,5,6,6,0.50000,0,38,16,38,38,16,0,.,0,63,.,.,.,50
2010,RCH2007,W,RCH2007_W,RCH2007_W_2010,RCH2007_W_2010,6,5,5,6,6,0.57735,0,63,3,38,63,0,0,.,0,63,.,.,.,51
2010,RCH2007,W,RCH2007_W,RCH2007_W_2010,RCH2007_W_2010,5,7,5,5,6,1.00000,0,38,0,63,38,0,3,.,0,63,.,.,.,54
2010,RCH2007,W,RCH2007_W,RCH2007_W_2010,RCH2007_W_2010,6,5,5,6,6,0.57735,0,63,0,16,16,0,0,.,0,63,.,.,.,46
2010,RCH2007,W,RCH2007_W,RCH2007_W_2010,RCH2007_W_2010,6,6,5,5,6,0.57735,0,38,0,3,63,0,0,.,0,63,.,.,.,43
2010,RCH2007,W,RCH2007_W,RCH2007_W_2010,RCH2007_W_2010,6,5,5,6,6,0.57735,0,38,0,63,38,0,0,.,0,63,.,.,.,45
2010,RCH2007,W,RCH2007_W,RCH2007_W_2010,RCH2007_W_2010,3,4,9,5,5,2.62996,0,38,0,63,16,0,0,.,0,63,.,.,.,55
2010,RCH2007,W,RCH2007_W,RCH2007_W_2010,RCH2007_W_2010,6,5,4,5,5,0.81650,0,63,3,38,3,0,0,.,0,63,.,.,.,49
2010,RCH2007,W,RCH2007_W,RCH2007_W_2010,RCH2007_W_2010,5,5,5,5,5,0.00000,0,38,0,63,0,0,0,.,0,63,.,.,.,50
2010,RCH2007,W,RCH2007_W,RCH2007_W_2010,RCH2007_W_2010,5,6,5,4,5,0.81650,16,38,16,3,63,0,0,.,0,63,.,.,.,43
2010,RCH2007,W,RCH2007_W,RCH2007_W_2010,RCH2007_W_2010,5,5,5,4,5,0.50000,0,63,3,16,63,0,0,.,0,63,.,.,.,44
2010,RCH2007,W,RCH2007_W,RCH2007_W_2010,RCH2007_W_2010,4,5,5,5,5,0.50000,0,63,0,63,0,0,0,.,0,63,.,.,.,41
2010,RCH2007,W,RCH2007_W,RCH2007_W_2010,RCH2007_W_2010,4,4,5,6,5,0.95743,0,63,3,63,0,0,0,.,0,63,.,.,.,53
2010,RCH2007,W,RCH2007_W,RCH2007_W_2010,RCH2007_W_2010,3,5,5,6,5,1.25831,0,63,3,16,38,0,0,.,0,63,.,.,.,56
2010,RCH2007,W,RCH2007_W,RCH2007_W_2010,RCH2007_W_2010,4,3,6,5,5,1.29099,0,63,0,16,38,0,16,.,0,63,.,.,.,45
2010,RCH2007,W,RCH2007_W,RCH2007_W_2010,RCH2007_W_2010,5,5,4,4,5,0.57735,0,38,16,3,63,0,0,.,0,63,.,.,.,50
2010,RCH2007,W,RCH2007_W,RCH2007_W_2010,RCH2007_W_2010,4,5,5,3,4,0.95743,0,63,3,38,63,0,0,.,0,63,.,.,.,46
2010,RCH2007,W,RCH2007_W,RCH2007_W_2010,RCH2007_W_2010,4,4,5,4,4,0.50000,0,63,0,38,63,16,0,.,0,63,.,.,.,42
2010,RCH2007,W,RCH2007_W,RCH2007_W_2010,RCH2007_W_2010,3,5,4,5,4,0.95743,0,38,0,63,3,0,16,.,0,63,.,.,.,42
2010,RCH2007,W,RCH2007_W,RCH2007_W_2010,RCH2007_W_2010,5,4,3,4,4,0.81650,0,63,0,16,38,0,3,.,0,63,.,.,.,53
2010,RCH2007,W,RCH2007_W,RCH2007_W_2010,RCH2007_W_2010,5,4,4,3,4,0.81650,16,63,0,3,38,0,0,.,0,63,.,.,.,39
2010,RCH2007,W,RCH2007_W,RCH2007_W_2010,RCH2007_W_2010,3,4,4,3,4,0.57735,16,63,3,3,63,0,0,.,0,63,.,.,.,52
2010,RCH2007,W,RCH2007_W,RCH2007_W_2010,RCH2007_W_2010,4,3,3,4,4,0.57735,3,63,3,3,16,0,0,.,0,63,.,.,.,51
2010,RCH2007,W,RCH2007_W,RCH2007_W_2010,RCH2007_W_2010,3,4,3,3,3,0.50000,3,63,0,16,16,63,0,.,0,63,.,.,.,37
2010,RIN,E,RIN_E,RIN_E_2010,RIN_E_2010,15,5,4,14,10,5.80230,0,0,0,38,38,16,0,.,0,63,.,.,.,53
2010,RIN,E,RIN_E,RIN_E_2010,RIN_E_2010,12,5,6,10,8,3.30404,0,0,0,63,38,3,0,.,0,63,.,.,.,55
2010,RIN,E,RIN_E,RIN_E_2010,RIN_E_2010,7,7,7,4,6,1.50000,63,0,3,0,63,0,0,.,0,63,.,.,.,45
2010,RIN,E,RIN_E,RIN_E_2010,RIN_E_2010,5,7,8,4,6,1.82574,63,0,3,0,16,16,0,.,0,63,.,.,.,50
2010,RIN,E,RIN_E,RIN_E_2010,RIN_E_2010,7,6,6,5,6,0.81650,16,0,16,0,38,38,16,.,16,38,.,.,.,44
2010,RIN,E,RIN_E,RIN_E_2010,RIN_E_2010,5,6,7,5,6,0.95743,63,0,16,0,38,0,0,.,0,63,.,.,.,43
2010,RIN,E,RIN_E,RIN_E_2010,RIN_E_2010,5,6,5,6,6,0.57735,63,0,16,0,63,0,0,.,0,63,.,.,.,41
2010,RIN,E,RIN_E,RIN_E_2010,RIN_E_2010,5,6,6,5,6,0.57735,63,0,3,0,63,16,0,.,0,63,.,.,.,49
2010,RIN,E,RIN_E,RIN_E_2010,RIN_E_2010,6,6,6,3,5,1.50000,63,0,16,0,38,16,0,.,0,63,.,.,.,39
2010,RIN,E,RIN_E,RIN_E_2010,RIN_E_2010,5,5,5,6,5,0.50000,63,0,3,0,38,0,0,.,0,63,.,.,.,38
2010,RIN,E,RIN_E,RIN_E_2010,RIN_E_2010,7,3,6,5,5,1.70783,63,0,16,0,38,0,0,.,0,63,.,.,.,45
2010,RIN,E,RIN_E,RIN_E_2010,RIN_E_2010,5,5,6,4,5,0.81650,86,0,3,0,3,0,0,.,0,63,.,.,.,39
2010,RIN,E,RIN_E,RIN_E_2010,RIN_E_2010,5,5,5,5,5,0.00000,63,0,3,0,16,0,16,.,3,63,.,.,.,40
2010,RIN,E,RIN_E,RIN_E_2010,RIN_E_2010,5,5,3,5,5,1.00000,63,0,0,0,63,0,0,.,0,63,.,.,.,40
2010,RIN,E,RIN_E,RIN_E_2010,RIN_E_2010,3,3,5,6,4,1.50000,63,0,16,0,3,16,0,.,0,63,.,.,.,40
2010,RIN,E,RIN_E,RIN_E_2010,RIN_E_2010,4,4,3,5,4,0.81650,63,0,16,3,38,16,3,.,0,63,.,.,.,33
2010,RIN,E,RIN_E,RIN_E_2010,RIN_E_2010,5,3,4,4,4,0.81650,63,0,3,0,38,16,0,.,0,63,.,.,.,40
2010,RIN,E,RIN_E,RIN_E_2010,RIN_E_2010,5,4,4,3,4,0.81650,63,0,3,0,38,0,0,.,0,63,.,.,.,47
2010,RIN,E,RIN_E,RIN_E_2010,RIN_E_2010,4,4,4,4,4,0.00000,63,0,16,0,38,0,0,.,0,63,.,.,.,46
2010,RIN,E,RIN_E,RIN_E_2010,RIN_E_2010,3,5,4,3,4,0.95743,63,0,3,0,16,16,16,.,0,63,.,.,.,35
2010,RIN,E,RIN_E,RIN_E_2010,RIN_E_2010,3,2,5,4,4,1.29099,86,0,3,0,16,0,0,.,0,63,.,.,.,42
2010,RIN,E,RIN_E,RIN_E_2010,RIN_E_2010,3,2,5,4,4,1.29099,63,0,0,0,38,0,3,.,3,63,.,.,.,38
2010,RIN,E,RIN_E,RIN_E_2010,RIN_E_2010,4,3,3,3,3,0.50000,38,0,38,3,38,38,0,.,0,63,.,.,.,44
2010,RIN,E,RIN_E,RIN_E_2010,RIN_E_2010,4,3,4,2,3,0.95743,63,0,38,0,3,0,0,.,0,63,.,.,.,35
2010,RIN,E,RIN_E,RIN_E_2010,RIN_E_2010,4,3,3,3,3,0.50000,86,0,3,0,3,3,0,.,3,63,.,.,.,40
2010,RIN,E,RIN_E,RIN_E_2010,RIN_E_2010,5,4,2,2,3,1.50000,63,0,16,0,38,3,16,.,0,63,.,.,.,40
2010,RIN,E,RIN_E,RIN_E_2010,RIN_E_2010,3,3,3,2,3,0.50000,38,0,16,0,63,0,0,.,3,63,.,.,.,37
2010,RIN,E,RIN_E,RIN_E_2010,RIN_E_2010,3,2,2,4,3,0.95743,63,0,16,0,16,0,3,.,3,63,.,.,.,42
2010,RIN,E,RIN_E,RIN_E_2010,RIN_E_2010,2,2,3,2,2,0.50000,63,0,3,0,16,0,0,.,3,63,.,.,.,43
2010,RIN,E,RIN_E,RIN_E_2010,RIN_E_2010,3,1,3,1,2,1.15470,38,0,38,0,16,3,0,.,16,63,.,.,.,31
2010,RIN,S,RIN_S,RIN_S_2010,RIN_S_2010,12,9,10,6,9,2.50000,3,0,3,0,63,38,0,.,16,16,.,.,.,53
2010,RIN,S,RIN_S,RIN_S_2010,RIN_S_2010,7,7,9,7,8,1.00000,16,0,16,0,38,63,0,.,0,38,.,.,.,47
2010,RIN,S,RIN_S,RIN_S_2010,RIN_S_2010,5,6,7,6,6,0.81650,63,0,16,0,16,16,0,.,0,63,.,.,.,28
2010,RIN,S,RIN_S,RIN_S_2010,RIN_S_2010,7,6,6,4,6,1.25831,63,0,16,0,16,38,0,.,0,63,.,.,.,40
2010,RIN,S,RIN_S,RIN_S_2010,RIN_S_2010,5,5,7,5,6,1.00000,63,0,3,0,3,63,0,.,0,63,.,.,.,58
2010,RIN,S,RIN_S,RIN_S_2010,RIN_S_2010,6,5,5,5,5,0.50000,3,0,38,3,38,63,0,.,0,63,.,.,.,42
2010,RIN,S,RIN_S,RIN_S_2010,RIN_S_2010,5,4,6,6,5,0.95743,63,0,16,0,63,16,0,.,0,63,.,.,.,48
2010,RIN,S,RIN_S,RIN_S_2010,RIN_S_2010,6,5,5,5,5,0.50000,16,0,16,3,38,63,0,.,0,63,.,.,.,52
2010,RIN,S,RIN_S,RIN_S_2010,RIN_S_2010,5,5,5,5,5,0.00000,63,0,3,0,16,38,0,.,0,63,.,.,.,50
2010,RIN,S,RIN_S,RIN_S_2010,RIN_S_2010,5,4,5,6,5,0.81650,63,0,3,0,16,38,0,.,0,63,.,.,.,51
2010,RIN,S,RIN_S,RIN_S_2010,RIN_S_2010,5,3,7,5,5,1.63299,38,0,38,0,16,16,0,.,3,63,.,.,.,40
2010,RIN,S,RIN_S,RIN_S_2010,RIN_S_2010,5,5,5,5,5,0.00000,38,0,38,0,38,38,0,.,0,63,.,.,.,28
2010,RIN,S,RIN_S,RIN_S_2010,RIN_S_2010,6,4,5,5,5,0.81650,16,0,38,0,63,0,0,.,0,63,.,.,.,48
2010,RIN,S,RIN_S,RIN_S_2010,RIN_S_2010,5,5,4,6,5,0.81650,38,0,38,0,38,63,0,.,0,63,.,.,.,52
2010,RIN,S,RIN_S,RIN_S_2010,RIN_S_2010,5,5,5,4,5,0.50000,16,0,38,0,38,63,0,.,0,63,.,.,.,43
2010,RIN,S,RIN_S,RIN_S_2010,RIN_S_2010,5,3,5,6,5,1.25831,63,0,3,3,38,38,0,.,0,63,.,.,.,43
2010,RIN,S,RIN_S,RIN_S_2010,RIN_S_2010,4,4,7,4,5,1.50000,63,0,16,0,16,0,0,.,3,63,.,.,.,45
2010,RIN,S,RIN_S,RIN_S_2010,RIN_S_2010,7,3,5,4,5,1.70783,38,0,38,3,16,16,0,.,0,63,.,.,.,46
2010,RIN,S,RIN_S,RIN_S_2010,RIN_S_2010,5,6,5,3,5,1.25831,38,0,38,0,16,38,0,.,0,63,.,.,.,41
2010,RIN,S,RIN_S,RIN_S_2010,RIN_S_2010,5,5,4,5,5,0.50000,38,0,16,0,63,0,0,.,0,63,.,.,.,49
2010,RIN,S,RIN_S,RIN_S_2010,RIN_S_2010,5,3,6,5,5,1.25831,38,0,16,0,63,16,0,.,0,63,.,.,.,40
2010,RIN,S,RIN_S,RIN_S_2010,RIN_S_2010,4,4,5,5,5,0.57735,63,0,16,0,16,3,0,.,3,63,.,.,.,38
2010,RIN,S,RIN_S,RIN_S_2010,RIN_S_2010,4,4,5,5,5,0.57735,63,0,3,0,16,0,0,.,3,63,.,.,.,51
2010,RIN,S,RIN_S,RIN_S_2010,RIN_S_2010,5,3,5,5,5,1.00000,63,0,16,0,16,0,0,.,0,63,.,.,.,52
2010,RIN,S,RIN_S,RIN_S_2010,RIN_S_2010,6,3,4,5,5,1.29099,38,0,38,0,63,0,0,.,0,63,.,.,.,38
2010,RIN,S,RIN_S,RIN_S_2010,RIN_S_2010,3,4,5,5,4,0.95743,63,0,16,0,63,0,0,.,0,63,.,.,.,33
2010,RIN,S,RIN_S,RIN_S_2010,RIN_S_2010,5,2,5,5,4,1.50000,63,0,16,0,16,16,0,.,0,63,.,.,.,34
2010,RIN,S,RIN_S,RIN_S_2010,RIN_S_2010,3,5,5,3,4,1.15470,38,0,63,0,38,0,0,.,0,63,.,.,.,35
2010,RIN,S,RIN_S,RIN_S_2010,RIN_S_2010,4,3,5,3,4,0.95743,38,0,38,0,38,3,0,.,3,63,.,.,.,52
2010,RIN,S,RIN_S,RIN_S_2010,RIN_S_2010,4,3,4,2,3,0.95743,16,0,63,0,38,16,0,.,0,63,.,.,.,33
2010,RIN,W,RIN_W,RIN_W_2010,RIN_W_2010,10,12,13,11,12,1.29099,0,0,16,3,63,38,0,.,16,16,.,.,.,52
2010,RIN,W,RIN_W,RIN_W_2010,RIN_W_2010,11,9,12,9,10,1.50000,0,0,16,16,63,16,0,.,38,16,.,.,.,55
2010,RIN,W,RIN_W,RIN_W_2010,RIN_W_2010,8,8,7,8,8,0.50000,38,0,3,16,38,63,0,.,3,38,.,.,.,62
2010,RIN,W,RIN_W,RIN_W_2010,RIN_W_2010,7,8,9,7,8,0.95743,16,0,16,3,38,38,0,.,3,63,.,.,.,46
2010,RIN,W,RIN_W,RIN_W_2010,RIN_W_2010,7,6,8,7,7,0.81650,3,0,16,0,38,63,0,.,38,16,.,.,.,42
2010,RIN,W,RIN_W,RIN_W_2010,RIN_W_2010,7,8,7,6,7,0.81650,0,0,38,0,38,63,0,.,3,38,.,.,.,50
2010,RIN,W,RIN_W,RIN_W_2010,RIN_W_2010,7,8,5,7,7,1.25831,0,0,3,38,86,16,0,.,16,16,.,.,.,54
2010,RIN,W,RIN_W,RIN_W_2010,RIN_W_2010,6,7,7,5,6,0.95743,0,0,38,16,38,63,0,.,0,16,.,.,.,63
2010,RIN,W,RIN_W,RIN_W_2010,RIN_W_2010,6,6,7,6,6,0.50000,3,0,38,0,63,38,0,.,0,38,.,.,.,46
2010,RIN,W,RIN_W,RIN_W_2010,RIN_W_2010,7,5,5,5,6,1.00000,16,0,38,3,63,3,0,.,0,63,.,.,.,39
2010,RIN,W,RIN_W,RIN_W_2010,RIN_W_2010,6,4,8,4,6,1.91485,63,0,3,3,38,3,0,.,0,63,.,.,.,33
2010,RIN,W,RIN_W,RIN_W_2010,RIN_W_2010,5,5,6,6,6,0.57735,63,0,16,0,38,0,3,.,0,63,.,.,.,34
2010,RIN,W,RIN_W,RIN_W_2010,RIN_W_2010,5,7,7,3,6,1.91485,63,0,16,0,38,16,16,.,0,63,.,.,.,44
2010,RIN,W,RIN_W,RIN_W_2010,RIN_W_2010,5,5,6,5,5,0.50000,38,0,16,3,38,38,0,.,0,63,.,.,.,61
2010,RIN,W,RIN_W,RIN_W_2010,RIN_W_2010,6,5,5,5,5,0.50000,16,0,38,3,38,63,0,.,3,38,.,.,.,40
2010,RIN,W,RIN_W,RIN_W_2010,RIN_W_2010,5,4,7,5,5,1.25831,3,0,3,38,38,63,0,.,0,63,.,.,.,47
2010,RIN,W,RIN_W,RIN_W_2010,RIN_W_2010,5,5,5,5,5,0.00000,38,0,16,0,38,63,0,.,3,38,.,.,.,48
2010,RIN,W,RIN_W,RIN_W_2010,RIN_W_2010,5,6,5,4,5,0.81650,16,0,16,3,16,63,0,.,3,38,.,.,.,45
2010,RIN,W,RIN_W,RIN_W_2010,RIN_W_2010,4,4,6,6,5,1.15470,16,0,38,3,38,38,0,.,0,63,.,.,.,48
2010,RIN,W,RIN_W,RIN_W_2010,RIN_W_2010,5,4,5,4,5,0.57735,63,0,16,0,16,38,0,.,0,63,.,.,.,43
2010,RIN,W,RIN_W,RIN_W_2010,RIN_W_2010,5,5,4,4,5,0.57735,38,0,38,3,38,16,3,.,0,63,.,.,.,45
2010,RIN,W,RIN_W,RIN_W_2010,RIN_W_2010,4,4,5,5,5,0.57735,38,0,38,0,38,3,0,.,0,63,.,.,.,44
2010,RIN,W,RIN_W,RIN_W_2010,RIN_W_2010,4,3,5,5,4,0.95743,63,0,38,0,16,16,0,.,0,63,.,.,.,41
2010,RIN,W,RIN_W,RIN_W_2010,RIN_W_2010,5,3,5,4,4,0.95743,3,0,38,0,63,38,0,.,0,63,.,.,.,42
2010,RIN,W,RIN_W,RIN_W_2010,RIN_W_2010,3,5,5,3,4,1.15470,38,0,38,0,16,0,0,.,0,63,.,.,.,35
2010,RIN,W,RIN_W,RIN_W_2010,RIN_W_2010,3,3,6,4,4,1.41421,63,0,16,0,3,16,0,.,0,63,.,.,.,46
2010,RIN,W,RIN_W,RIN_W_2010,RIN_W_2010,5,3,4,3,4,0.95743,38,0,38,0,38,16,0,.,0,63,.,.,.,41
2010,RIN,W,RIN_W,RIN_W_2010,RIN_W_2010,4,3,4,4,4,0.50000,63,0,16,0,3,0,0,.,0,63,.,.,.,49
2010,RIN,W,RIN_W,RIN_W_2010,RIN_W_2010,3,4,4,3,4,0.57735,63,0,38,0,3,3,0,.,0,63,.,.,.,43
2010,RIN,W,RIN_W,RIN_W_2010,RIN_W_2010,3,4,3,4,4,0.57735,63,0,16,0,16,16,16,.,0,63,.,.,.,30
2010,RIS,C,RIS_C,RIS_C_2010,RIS_C_2010,8,8,9,8,8,0.50000,38,0,16,0,63,16,16,.,0,16,.,.,.,40
2010,RIS,C,RIS_C,RIS_C_2010,RIS_C_2010,7,7,7,7,7,0.00000,0,0,38,16,63,16,0,.,0,38,.,.,.,49
2010,RIS,C,RIS_C,RIS_C_2010,RIS_C_2010,5,7,6,7,6,0.95743,0,0,63,3,38,16,0,.,3,38,.,.,.,53
2010,RIS,C,RIS_C,RIS_C_2010,RIS_C_2010,6,5,6,5,6,0.57735,38,3,16,3,63,38,0,.,3,38,.,.,.,45
2010,RIS,C,RIS_C,RIS_C_2010,RIS_C_2010,5,5,3,5,5,1.00000,3,38,38,16,63,16,0,.,0,38,.,.,.,40
2010,RIS,C,RIS_C,RIS_C_2010,RIS_C_2010,7,4,4,3,5,1.73205,0,63,3,16,16,63,0,.,0,38,.,.,.,39
2010,RIS,C,RIS_C,RIS_C_2010,RIS_C_2010,4,5,5,4,5,0.57735,38,0,16,16,16,38,0,.,0,38,.,.,.,35
2010,RIS,C,RIS_C,RIS_C_2010,RIS_C_2010,4,5,5,4,5,0.57735,38,0,38,16,63,38,0,.,0,38,.,.,.,34
2010,RIS,C,RIS_C,RIS_C_2010,RIS_C_2010,4,5,4,5,5,0.57735,38,16,0,16,38,38,0,.,0,38,.,.,.,37
2010,RIS,C,RIS_C,RIS_C_2010,RIS_C_2010,3,5,5,5,5,1.00000,38,16,3,16,38,38,16,.,0,38,.,.,.,40
2010,RIS,C,RIS_C,RIS_C_2010,RIS_C_2010,4,5,3,5,4,0.95743,16,38,3,16,38,63,0,.,0,38,.,.,.,44
2010,RIS,C,RIS_C,RIS_C_2010,RIS_C_2010,5,4,5,3,4,0.95743,16,38,38,16,63,16,0,.,0,38,.,.,.,36
2010,RIS,C,RIS_C,RIS_C_2010,RIS_C_2010,4,5,4,3,4,0.81650,38,3,38,3,63,38,0,.,3,38,.,.,.,39
2010,RIS,C,RIS_C,RIS_C_2010,RIS_C_2010,4,4,3,5,4,0.81650,38,0,38,16,16,63,0,.,0,16,.,.,.,44
2010,RIS,C,RIS_C,RIS_C_2010,RIS_C_2010,5,3,3,4,4,0.95743,3,38,16,16,16,38,3,.,0,38,.,.,.,44
2010,RIS,C,RIS_C,RIS_C_2010,RIS_C_2010,3,3,3,5,4,1.00000,3,38,3,16,63,38,0,.,0,38,.,.,.,38
2010,RIS,C,RIS_C,RIS_C_2010,RIS_C_2010,3,4,3,4,4,0.57735,0,63,3,16,3,38,0,.,0,63,.,.,.,36
2010,RIS,C,RIS_C,RIS_C_2010,RIS_C_2010,3,5,3,3,4,1.00000,16,63,16,3,63,16,0,.,0,63,.,.,.,40
2010,RIS,C,RIS_C,RIS_C_2010,RIS_C_2010,3,4,3,4,4,0.57735,38,38,3,3,63,16,0,.,3,38,.,.,.,39
2010,RIS,C,RIS_C,RIS_C_2010,RIS_C_2010,3,5,3,3,4,1.00000,63,0,3,3,38,38,0,.,3,38,.,.,.,39
2010,RIS,C,RIS_C,RIS_C_2010,RIS_C_2010,3,3,3,4,3,0.50000,38,16,16,3,16,63,0,.,0,38,.,.,.,39
2010,RIS,C,RIS_C,RIS_C_2010,RIS_C_2010,3,3,4,3,3,0.50000,3,16,38,16,38,38,0,.,0,38,.,.,.,36
2010,RIS,C,RIS_C,RIS_C_2010,RIS_C_2010,3,4,3,3,3,0.50000,16,3,16,16,63,38,0,.,3,16,.,.,.,45
2010,RIS,C,RIS_C,RIS_C_2010,RIS_C_2010,3,3,3,4,3,0.50000,38,3,38,16,16,63,0,.,0,38,.,.,.,49
2010,RIS,C,RIS_C,RIS_C_2010,RIS_C_2010,3,4,3,3,3,0.50000,63,3,3,3,38,16,0,.,0,38,.,.,.,33
2010,RIS,C,RIS_C,RIS_C_2010,RIS_C_2010,2,3,3,4,3,0.81650,63,0,16,3,16,38,0,.,16,38,.,.,.,35
2010,RIS,C,RIS_C,RIS_C_2010,RIS_C_2010,3,3,3,3,3,0.00000,63,3,16,3,16,38,0,.,0,38,.,.,.,41
2010,RIS,C,RIS_C,RIS_C_2010,RIS_C_2010,3,3,3,3,3,0.00000,38,16,3,16,38,38,0,.,0,38,.,.,.,37
2010,RIS,C,RIS_C,RIS_C_2010,RIS_C_2010,3,3,3,3,3,0.00000,38,38,3,16,16,16,3,.,0,63,.,.,.,37
2010,RIS,C,RIS_C,RIS_C_2010,RIS_C_2010,3,2,3,3,3,0.50000,0,38,3,16,16,63,0,.,0,38,.,.,.,28
2010,RIS,N,RIS_N,RIS_N_2010,RIS_N_2010,5,4,7,5,5,1.25831,38,3,38,3,63,16,0,.,0,63,.,.,.,56
2010,RIS,N,RIS_N,RIS_N_2010,RIS_N_2010,6,5,4,5,5,0.81650,16,16,3,16,63,38,0,.,0,38,.,.,.,31
2010,RIS,N,RIS_N,RIS_N_2010,RIS_N_2010,5,5,4,5,5,0.50000,3,16,63,3,3,63,0,.,0,63,.,.,.,55
2010,RIS,N,RIS_N,RIS_N_2010,RIS_N_2010,6,5,4,4,5,0.95743,0,38,16,16,38,63,16,.,0,38,.,.,.,40
2010,RIS,N,RIS_N,RIS_N_2010,RIS_N_2010,7,3,4,4,5,1.73205,3,38,3,16,63,16,0,.,0,63,.,.,.,43
2010,RIS,N,RIS_N,RIS_N_2010,RIS_N_2010,4,4,5,4,4,0.50000,16,16,38,38,63,38,0,.,0,38,.,.,.,34
2010,RIS,N,RIS_N,RIS_N_2010,RIS_N_2010,3,3,5,5,4,1.15470,16,38,16,16,38,38,0,.,0,63,.,.,.,46
2010,RIS,N,RIS_N,RIS_N_2010,RIS_N_2010,3,7,3,3,4,2.00000,38,38,16,16,38,38,0,.,0,38,.,.,.,38
2010,RIS,N,RIS_N,RIS_N_2010,RIS_N_2010,3,5,3,4,4,0.95743,3,63,0,38,38,38,0,.,3,38,.,.,.,28
2010,RIS,N,RIS_N,RIS_N_2010,RIS_N_2010,3,3,5,3,4,1.00000,3,38,16,16,16,63,0,.,0,63,.,.,.,41
2010,RIS,N,RIS_N,RIS_N_2010,RIS_N_2010,3,4,3,4,4,0.57735,16,38,3,16,38,38,3,.,0,63,.,.,.,47
2010,RIS,N,RIS_N,RIS_N_2010,RIS_N_2010,3,3,3,5,4,1.00000,63,3,16,16,38,16,0,.,3,38,.,.,.,36
2010,RIS,N,RIS_N,RIS_N_2010,RIS_N_2010,3,4,3,4,4,0.57735,0,38,38,16,63,38,0,.,3,38,.,.,.,37
2010,RIS,N,RIS_N,RIS_N_2010,RIS_N_2010,4,3,4,3,4,0.57735,16,63,16,3,38,38,0,.,0,38,.,.,.,40
2010,RIS,N,RIS_N,RIS_N_2010,RIS_N_2010,4,3,2,4,3,0.95743,38,16,16,3,63,16,0,.,0,63,.,.,.,40
2010,RIS,N,RIS_N,RIS_N_2010,RIS_N_2010,3,4,3,3,3,0.50000,38,3,16,16,16,38,0,.,3,63,.,.,.,41
2010,RIS,N,RIS_N,RIS_N_2010,RIS_N_2010,3,3,3,4,3,0.50000,16,16,63,3,16,38,0,.,0,38,.,.,.,44
2010,RIS,N,RIS_N,RIS_N_2010,RIS_N_2010,3,3,3,3,3,0.00000,16,16,63,16,16,38,0,.,0,63,.,.,.,39
2010,RIS,N,RIS_N,RIS_N_2010,RIS_N_2010,3,3,3,3,3,0.00000,16,38,16,3,16,38,0,.,0,63,.,.,.,38
2010,RIS,N,RIS_N,RIS_N_2010,RIS_N_2010,3,3,3,3,3,0.00000,38,3,16,38,16,38,0,.,0,63,.,.,.,39
2010,RIS,N,RIS_N,RIS_N_2010,RIS_N_2010,3,4,3,2,3,0.81650,0,63,16,16,16,38,0,.,0,38,.,.,.,41
2010,RIS,N,RIS_N,RIS_N_2010,RIS_N_2010,3,3,3,3,3,0.00000,0,63,0,38,38,16,0,.,0,38,.,.,.,43
2010,RIS,N,RIS_N,RIS_N_2010,RIS_N_2010,2,3,3,4,3,0.81650,16,63,3,16,16,63,0,.,0,38,.,.,.,47
2010,RIS,N,RIS_N,RIS_N_2010,RIS_N_2010,2,3,3,2,3,0.57735,16,38,3,3,16,63,0,.,3,38,.,.,.,39
2010,RIS,N,RIS_N,RIS_N_2010,RIS_N_2010,3,3,2,2,3,0.57735,16,16,0,16,38,63,0,.,3,38,.,.,.,34
2010,RIS,N,RIS_N,RIS_N_2010,RIS_N_2010,2,2,2,3,2,0.50000,38,16,3,38,3,38,3,.,16,38,.,.,.,34
2010,RIS,N,RIS_N,RIS_N_2010,RIS_N_2010,2,2,3,2,2,0.50000,3,16,3,16,16,63,0,.,16,38,.,.,.,38
2010,RIS,N,RIS_N,RIS_N_2010,RIS_N_2010,2,3,2,2,2,0.50000,38,38,16,3,16,63,0,.,3,38,.,.,.,30
2010,RIS,N,RIS_N,RIS_N_2010,RIS_N_2010,2,3,2,2,2,0.50000,3,0,38,16,16,63,3,.,3,16,.,.,.,39
2010,RIS,N,RIS_N,RIS_N_2010,RIS_N_2010,2,1,2,3,2,0.81650,3,38,38,16,16,63,0,.,3,38,.,.,.,50
2010,RIS,S,RIS_S,RIS_S_2010,RIS_S_2010,6,6,3,3,5,1.73205,0,38,3,38,38,38,0,.,3,16,.,.,.,38
2010,RIS,S,RIS_S,RIS_S_2010,RIS_S_2010,2,7,6,3,5,2.38048,0,63,3,16,16,38,0,.,0,63,.,.,.,40
2010,RIS,S,RIS_S,RIS_S_2010,RIS_S_2010,5,3,5,4,4,0.95743,3,63,3,16,38,3,16,.,3,38,.,.,.,41
2010,RIS,S,RIS_S,RIS_S_2010,RIS_S_2010,4,6,4,2,4,1.63299,3,38,16,16,63,38,0,.,3,38,.,.,.,35
2010,RIS,S,RIS_S,RIS_S_2010,RIS_S_2010,3,6,4,3,4,1.41421,0,63,0,16,16,38,16,.,0,63,.,.,.,49
2010,RIS,S,RIS_S,RIS_S_2010,RIS_S_2010,3,3,4,5,4,0.95743,3,0,38,38,63,38,3,.,0,38,.,.,.,38
2010,RIS,S,RIS_S,RIS_S_2010,RIS_S_2010,3,4,3,2,3,0.81650,3,38,16,16,38,16,3,.,3,63,.,.,.,40
2010,RIS,S,RIS_S,RIS_S_2010,RIS_S_2010,5,4,1,2,3,1.82574,38,3,16,16,38,16,0,.,3,38,.,.,.,43
2010,RIS,S,RIS_S,RIS_S_2010,RIS_S_2010,3,3,3,3,3,0.00000,38,16,16,3,38,63,0,.,16,16,.,.,.,30
2010,RIS,S,RIS_S,RIS_S_2010,RIS_S_2010,3,2,3,3,3,0.50000,38,16,38,3,16,16,0,.,0,38,.,.,.,45
2010,RIS,S,RIS_S,RIS_S_2010,RIS_S_2010,3,3,2,3,3,0.50000,16,38,3,16,38,38,0,.,3,38,.,.,.,39
2010,RIS,S,RIS_S,RIS_S_2010,RIS_S_2010,2,3,3,3,3,0.50000,63,3,0,16,38,3,0,.,3,16,.,.,.,30
2010,RIS,S,RIS_S,RIS_S_2010,RIS_S_2010,3,2,3,3,3,0.50000,38,0,38,16,16,16,0,.,0,38,.,.,.,30
2010,RIS,S,RIS_S,RIS_S_2010,RIS_S_2010,3,3,2,3,3,0.50000,63,16,16,3,38,16,0,.,3,38,.,.,.,40
2010,RIS,S,RIS_S,RIS_S_2010,RIS_S_2010,2,3,2,3,3,0.57735,63,3,0,38,3,16,0,.,3,38,.,.,.,36
2010,RIS,S,RIS_S,RIS_S_2010,RIS_S_2010,2,2,3,3,3,0.57735,63,3,16,3,3,16,0,.,3,63,.,.,.,44
2010,RIS,S,RIS_S,RIS_S_2010,RIS_S_2010,3,2,2,3,3,0.57735,38,3,16,3,16,63,0,.,3,16,.,.,.,42
2010,RIS,S,RIS_S,RIS_S_2010,RIS_S_2010,3,1,3,3,3,1.00000,63,3,3,16,38,16,0,.,16,3,.,.,.,37
2010,RIS,S,RIS_S,RIS_S_2010,RIS_S_2010,3,2,2,3,3,0.57735,63,0,16,16,3,38,0,.,3,16,.,.,.,33
2010,RIS,S,RIS_S,RIS_S_2010,RIS_S_2010,2,3,2,2,2,0.50000,38,3,38,3,38,16,0,.,3,38,.,.,.,32
2010,RIS,S,RIS_S,RIS_S_2010,RIS_S_2010,3,2,2,2,2,0.50000,0,38,3,38,16,38,0,.,16,16,.,.,.,37
2010,RIS,S,RIS_S,RIS_S_2010,RIS_S_2010,2,2,3,2,2,0.50000,63,3,38,16,3,16,0,.,3,38,.,.,.,36
2010,RIS,S,RIS_S,RIS_S_2010,RIS_S_2010,2,3,2,2,2,0.50000,38,38,38,16,38,16,0,.,3,38,.,.,.,26
2010,RIS,S,RIS_S,RIS_S_2010,RIS_S_2010,2,2,2,2,2,0.00000,38,0,38,16,38,16,0,.,0,38,.,.,.,28
2010,RIS,S,RIS_S,RIS_S_2010,RIS_S_2010,2,2,3,1,2,0.81650,38,0,16,38,16,16,0,.,16,16,.,.,.,36
2010,RIS,S,RIS_S,RIS_S_2010,RIS_S_2010,2,1,2,3,2,0.81650,16,3,16,63,3,16,0,.,3,16,.,.,.,26
2010,RIS,S,RIS_S,RIS_S_2010,RIS_S_2010,2,2,2,2,2,0.00000,16,16,38,38,16,38,0,.,3,16,.,.,.,32
2010,RIS,S,RIS_S,RIS_S_2010,RIS_S_2010,2,2,2,2,2,0.00000,0,38,3,38,16,38,0,.,3,16,.,.,.,43
2010,RIS,S,RIS_S,RIS_S_2010,RIS_S_2010,2,1,2,2,2,0.50000,3,38,3,38,3,63,0,.,16,16,.,.,.,29
2010,RIS,S,RIS_S,RIS_S_2010,RIS_S_2010,2,1,2,2,2,0.50000,16,0,16,16,3,38,0,.,63,3,.,.,.,25
2010,STE,N,STE_N,STE_N_2010,STE_N_2010,7,8,7,3,6,2.21736,3,63,0,3,63,16,0,.,3,38,.,.,.,40
2010,STE,N,STE_N,STE_N_2010,STE_N_2010,5,6,5,8,6,1.41421,0,63,16,3,63,3,0,.,0,38,.,.,.,44
2010,STE,N,STE_N,STE_N_2010,STE_N_2010,7,7,3,3,5,2.30940,0,38,3,16,38,38,0,.,0,63,.,.,.,42
2010,STE,N,STE_N,STE_N_2010,STE_N_2010,3,4,5,8,5,2.16025,0,63,3,16,38,16,0,.,0,63,.,.,.,42
2010,STE,N,STE_N,STE_N_2010,STE_N_2010,4,4,6,6,5,1.15470,0,38,3,16,16,38,0,.,0,63,.,.,.,56
2010,STE,N,STE_N,STE_N_2010,STE_N_2010,6,3,4,5,5,1.29099,3,63,3,16,38,38,0,.,3,38,.,.,.,60
2010,STE,N,STE_N,STE_N_2010,STE_N_2010,5,4,3,5,4,0.95743,0,63,3,16,3,16,0,.,0,63,.,.,.,51
2010,STE,N,STE_N,STE_N_2010,STE_N_2010,3,5,4,5,4,0.95743,0,38,16,16,38,38,0,.,0,38,.,.,.,41
2010,STE,N,STE_N,STE_N_2010,STE_N_2010,5,5,3,3,4,1.15470,16,38,0,16,63,38,0,.,0,38,.,.,.,48
2010,STE,N,STE_N,STE_N_2010,STE_N_2010,2,4,4,5,4,1.25831,3,63,3,3,16,38,0,.,0,63,.,.,.,37
2010,STE,N,STE_N,STE_N_2010,STE_N_2010,3,5,4,3,4,0.95743,16,38,0,16,63,38,0,.,0,63,.,.,.,39
2010,STE,N,STE_N,STE_N_2010,STE_N_2010,3,5,3,3,4,1.00000,16,63,0,16,63,16,0,.,0,63,.,.,.,44
2010,STE,N,STE_N,STE_N_2010,STE_N_2010,3,3,3,5,4,1.00000,3,16,0,63,38,16,0,.,0,63,.,.,.,51
2010,STE,N,STE_N,STE_N_2010,STE_N_2010,3,5,3,3,4,1.00000,16,63,0,16,38,38,0,.,0,38,.,.,.,33
2010,STE,N,STE_N,STE_N_2010,STE_N_2010,3,3,3,5,4,1.00000,0,86,3,3,16,3,0,.,0,38,.,.,.,66
2010,STE,N,STE_N,STE_N_2010,STE_N_2010,4,4,3,2,3,0.95743,16,38,3,16,16,38,0,.,0,63,.,.,.,48
2010,STE,N,STE_N,STE_N_2010,STE_N_2010,4,3,3,3,3,0.50000,0,38,0,16,16,63,0,.,0,63,.,.,.,39
2010,STE,N,STE_N,STE_N_2010,STE_N_2010,4,4,3,2,3,0.95743,38,38,16,3,38,38,0,.,0,63,.,.,.,47
2010,STE,N,STE_N,STE_N_2010,STE_N_2010,3,4,3,3,3,0.50000,0,63,3,3,16,63,0,.,0,63,.,.,.,43
2010,STE,N,STE_N,STE_N_2010,STE_N_2010,4,4,3,2,3,0.95743,0,38,38,38,16,63,0,.,0,38,.,.,.,50
2010,STE,N,STE_N,STE_N_2010,STE_N_2010,3,3,3,3,3,0.00000,0,63,3,16,16,0,0,.,0,63,.,.,.,49
2010,STE,N,STE_N,STE_N_2010,STE_N_2010,3,3,3,3,3,0.00000,0,63,0,38,38,38,0,.,0,63,.,.,.,40
2010,STE,N,STE_N,STE_N_2010,STE_N_2010,3,3,3,3,3,0.00000,0,63,38,3,16,38,0,.,0,63,.,.,.,53
2010,STE,N,STE_N,STE_N_2010,STE_N_2010,4,2,2,4,3,1.15470,3,63,0,16,38,16,0,.,0,63,.,.,.,40
2010,STE,N,STE_N,STE_N_2010,STE_N_2010,3,3,2,3,3,0.50000,3,63,3,3,38,38,0,.,0,63,.,.,.,43
2010,STE,N,STE_N,STE_N_2010,STE_N_2010,3,2,3,3,3,0.50000,3,38,38,16,16,38,0,.,0,38,.,.,.,50
2010,STE,N,STE_N,STE_N_2010,STE_N_2010,3,2,2,3,3,0.57735,0,38,3,38,38,38,0,.,0,63,.,.,.,47
2010,STE,N,STE_N,STE_N_2010,STE_N_2010,2,3,3,2,3,0.57735,0,16,16,38,16,38,0,.,0,38,.,.,.,43
2010,STE,N,STE_N,STE_N_2010,STE_N_2010,2,2,2,3,2,0.50000,38,16,0,38,38,16,0,.,0,38,.,.,.,36
2010,STE,N,STE_N,STE_N_2010,STE_N_2010,1,3,2,2,2,0.81650,38,16,3,16,16,16,0,.,0,38,.,.,.,52
2010,STE,S,STE_S,STE_S_2010,STE_S_2010,9,8,8,7,8,0.81650,0,63,16,3,63,16,0,.,0,38,.,.,.,42
2010,STE,S,STE_S,STE_S_2010,STE_S_2010,5,8,9,9,8,1.89297,0,63,3,16,63,16,3,.,0,63,.,.,.,44
2010,STE,S,STE_S,STE_S_2010,STE_S_2010,7,6,7,7,7,0.50000,0,63,3,38,63,16,0,.,0,63,.,.,.,58
2010,STE,S,STE_S,STE_S_2010,STE_S_2010,7,7,5,7,7,1.00000,0,3,38,63,16,0,0,.,0,38,.,.,.,59
2010,STE,S,STE_S,STE_S_2010,STE_S_2010,5,5,7,7,6,1.15470,0,63,16,3,63,0,0,.,0,63,.,.,.,38
2010,STE,S,STE_S,STE_S_2010,STE_S_2010,7,6,4,7,6,1.41421,0,63,3,38,63,16,0,.,0,63,.,.,.,45
2010,STE,S,STE_S,STE_S_2010,STE_S_2010,5,7,5,5,6,1.00000,0,63,16,16,63,38,3,.,0,38,.,.,.,47
2010,STE,S,STE_S,STE_S_2010,STE_S_2010,3,6,5,6,5,1.41421,0,38,16,16,63,38,0,.,0,38,.,.,.,44
2010,STE,S,STE_S,STE_S_2010,STE_S_2010,5,3,5,5,5,1.00000,0,63,0,16,63,16,0,.,0,38,.,.,.,38
2010,STE,S,STE_S,STE_S_2010,STE_S_2010,4,3,4,6,4,1.25831,38,38,3,3,63,16,0,.,0,38,.,.,.,37
2010,STE,S,STE_S,STE_S_2010,STE_S_2010,3,5,5,4,4,0.95743,3,63,3,3,38,38,0,.,0,38,.,.,.,46
2010,STE,S,STE_S,STE_S_2010,STE_S_2010,4,4,5,4,4,0.50000,0,63,3,3,38,38,0,.,0,63,.,.,.,36
2010,STE,S,STE_S,STE_S_2010,STE_S_2010,6,2,2,6,4,2.30940,16,38,3,16,63,16,0,.,0,38,.,.,.,46
2010,STE,S,STE_S,STE_S_2010,STE_S_2010,4,5,3,4,4,0.81650,0,63,16,16,38,63,0,.,0,38,.,.,.,42
2010,STE,S,STE_S,STE_S_2010,STE_S_2010,3,3,3,5,4,1.00000,0,63,3,16,16,38,0,.,0,38,.,.,.,48
2010,STE,S,STE_S,STE_S_2010,STE_S_2010,4,3,2,4,3,0.95743,38,38,3,16,38,38,0,.,3,63,.,.,.,38
2010,STE,S,STE_S,STE_S_2010,STE_S_2010,4,3,2,4,3,0.95743,16,38,16,16,38,63,0,.,3,38,.,.,.,58
2010,STE,S,STE_S,STE_S_2010,STE_S_2010,2,3,3,5,3,1.25831,0,63,3,16,16,38,3,.,0,63,.,.,.,43
2010,STE,S,STE_S,STE_S_2010,STE_S_2010,3,3,3,3,3,0.00000,0,63,0,3,38,38,0,.,3,63,.,.,.,34
2010,STE,S,STE_S,STE_S_2010,STE_S_2010,2,3,3,4,3,0.81650,16,38,3,16,63,16,0,.,0,63,.,.,.,40
2010,STE,S,STE_S,STE_S_2010,STE_S_2010,2,3,3,3,3,0.50000,3,38,0,16,63,38,0,.,0,38,.,.,.,44
2010,STE,S,STE_S,STE_S_2010,STE_S_2010,3,3,2,3,3,0.50000,16,38,38,16,16,38,0,.,0,63,.,.,.,42
2010,STE,S,STE_S,STE_S_2010,STE_S_2010,3,2,3,2,3,0.57735,16,16,3,16,63,16,0,.,0,63,.,.,.,36
2010,STE,S,STE_S,STE_S_2010,STE_S_2010,2,3,3,2,3,0.57735,3,63,3,16,16,63,0,.,3,63,.,.,.,37
2010,STE,S,STE_S,STE_S_2010,STE_S_2010,2,4,2,2,3,1.00000,0,38,3,16,16,63,16,.,3,38,.,.,.,51
2010,STE,S,STE_S,STE_S_2010,STE_S_2010,2,4,3,1,3,1.29099,3,38,16,16,38,16,0,.,0,63,.,.,.,49
2010,STE,S,STE_S,STE_S_2010,STE_S_2010,3,2,2,2,2,0.50000,3,38,3,38,38,38,0,.,0,38,.,.,.,47
2010,STE,S,STE_S,STE_S_2010,STE_S_2010,2,3,3,1,2,0.95743,38,38,0,38,38,16,0,.,0,38,.,.,.,41
2010,STE,S,STE_S,STE_S_2010,STE_S_2010,2,3,2,2,2,0.50000,3,38,3,16,38,38,0,.,3,63,.,.,.,35
2010,STE,S,STE_S,STE_S_2010,STE_S_2010,2,2,2,2,2,0.00000,0,38,16,38,16,63,0,.,3,38,.,.,.,34
2010,STE,W,STE_W,STE_W_2010,STE_W_2010,7,8,8,5,7,1.41421,0,63,3,3,63,3,0,.,0,38,.,.,.,53
2010,STE,W,STE_W,STE_W_2010,STE_W_2010,7,6,5,5,6,0.95743,0,86,3,3,63,0,0,.,0,38,.,.,.,61
2010,STE,W,STE_W,STE_W_2010,STE_W_2010,4,5,7,6,6,1.29099,0,63,3,16,38,38,0,.,0,63,.,.,.,46
2010,STE,W,STE_W,STE_W_2010,STE_W_2010,3,7,6,6,6,1.73205,3,38,16,38,63,16,0,.,0,38,.,.,.,40
2010,STE,W,STE_W,STE_W_2010,STE_W_2010,5,6,7,3,5,1.70783,0,63,3,3,63,0,0,.,0,63,.,.,.,51
2010,STE,W,STE_W,STE_W_2010,STE_W_2010,6,6,3,3,5,1.73205,0,63,16,16,63,38,0,.,0,63,.,.,.,34
2010,STE,W,STE_W,STE_W_2010,STE_W_2010,3,4,4,4,4,0.50000,0,86,3,3,38,16,0,.,0,63,.,.,.,45
2010,STE,W,STE_W,STE_W_2010,STE_W_2010,5,3,3,3,4,1.00000,0,63,38,0,16,16,0,.,0,63,.,.,.,45
2010,STE,W,STE_W,STE_W_2010,STE_W_2010,4,3,3,3,3,0.50000,3,38,16,38,16,63,0,.,0,63,.,.,.,51
2010,STE,W,STE_W,STE_W_2010,STE_W_2010,3,3,2,5,3,1.25831,0,63,16,16,38,38,0,.,0,63,.,.,.,43
2010,STE,W,STE_W,STE_W_2010,STE_W_2010,3,5,3,2,3,1.25831,3,16,16,38,63,16,0,.,16,38,.,.,.,29
2010,STE,W,STE_W,STE_W_2010,STE_W_2010,3,2,4,3,3,0.81650,0,38,3,16,63,16,0,.,0,38,.,.,.,39
2010,STE,W,STE_W,STE_W_2010,STE_W_2010,3,3,3,3,3,0.00000,16,38,3,16,16,16,0,.,0,63,.,.,.,40
2010,STE,W,STE_W,STE_W_2010,STE_W_2010,3,3,3,3,3,0.00000,3,38,0,38,63,16,0,.,3,38,.,.,.,47
2010,STE,W,STE_W,STE_W_2010,STE_W_2010,3,3,2,3,3,0.50000,0,63,3,3,38,16,0,.,0,63,.,.,.,42
2010,STE,W,STE_W,STE_W_2010,STE_W_2010,2,2,5,2,3,1.50000,3,16,16,38,38,16,0,.,0,38,.,.,.,52
2010,STE,W,STE_W,STE_W_2010,STE_W_2010,4,2,2,2,3,1.00000,0,63,16,16,38,16,0,.,0,63,.,.,.,44
2010,STE,W,STE_W,STE_W_2010,STE_W_2010,2,2,3,3,3,0.57735,63,3,3,16,16,16,0,.,16,38,.,.,.,32
2010,STE,W,STE_W,STE_W_2010,STE_W_2010,2,2,3,3,3,0.57735,38,3,16,38,38,16,0,.,16,38,.,.,.,42
2010,STE,W,STE_W,STE_W_2010,STE_W_2010,3,2,3,2,3,0.57735,0,38,3,38,63,16,0,.,3,38,.,.,.,32
2010,STE,W,STE_W,STE_W_2010,STE_W_2010,3,2,2,3,3,0.57735,16,38,3,38,38,16,0,.,3,38,.,.,.,41
2010,STE,W,STE_W,STE_W_2010,STE_W_2010,3,3,2,2,3,0.57735,3,16,3,63,3,16,0,.,3,63,.,.,.,44
2010,STE,W,STE_W,STE_W_2010,STE_W_2010,4,2,2,2,3,1.00000,16,16,0,63,38,16,0,.,3,38,.,.,.,53
2010,STE,W,STE_W,STE_W_2010,STE_W_2010,3,2,2,2,2,0.50000,38,16,3,3,16,38,0,.,16,38,.,.,.,39
2010,STE,W,STE_W,STE_W_2010,STE_W_2010,2,2,3,2,2,0.50000,16,38,16,38,38,3,0,.,16,63,.,.,.,43
2010,STE,W,STE_W,STE_W_2010,STE_W_2010,2,2,2,2,2,0.00000,16,16,16,38,16,16,0,.,0,63,.,.,.,38
2010,STE,W,STE_W,STE_W_2010,STE_W_2010,2,2,2,2,2,0.00000,38,3,16,3,63,16,0,.,0,38,.,.,.,38
2010,STE,W,STE_W,STE_W_2010,STE_W_2010,2,2,2,2,2,0.00000,38,3,16,38,63,0,0,.,16,38,.,.,.,33
2010,STE,W,STE_W,STE_W_2010,STE_W_2010,2,1,2,2,2,0.50000,38,16,16,38,3,16,0,.,16,38,.,.,.,37
2010,STE,W,STE_W,STE_W_2010,STE_W_2010,1,2,1,1,1,0.50000,16,3,16,38,3,16,0,.,38,38,.,.,.,22
2009,GIL,C,GIL_C,GIL_C_2009,GIL_C_2009,11,8,9,11,9.75,1.50000,0,86,.,3,86,3,0,.,0,63,.,.,.,.
2009,GIL,C,GIL_C,GIL_C_2009,GIL_C_2009,9,10,7,9,8.75,1.25831,0,63,.,16,38,0,0,.,0,38,.,.,.,.
2009,GIL,C,GIL_C,GIL_C_2009,GIL_C_2009,9,6,10,9,8.5,1.73205,0,63,.,38,63,16,0,.,0,16,.,.,.,.
2009,GIL,C,GIL_C,GIL_C_2009,GIL_C_2009,10,7,9,7,8.25,1.50000,0,63,.,0,63,16,0,.,16,0,.,.,.,.
2009,GIL,C,GIL_C,GIL_C_2009,GIL_C_2009,11,7,7,6,7.75,2.21736,0,63,.,38,63,16,0,.,0,16,.,.,.,.
2009,GIL,C,GIL_C,GIL_C_2009,GIL_C_2009,3,3,4,20,7.5,8.34666,0,86,.,16,16,0,0,.,0,16,.,.,.,.
2009,GIL,C,GIL_C,GIL_C_2009,GIL_C_2009,9,7,7,7,7.5,1.00000,0,63,.,38,38,16,38,.,0,16,.,.,.,.
2009,GIL,C,GIL_C,GIL_C_2009,GIL_C_2009,7,6,8,7,7,0.81650,0,63,.,63,63,16,0,.,0,16,.,.,.,.
2009,GIL,C,GIL_C,GIL_C_2009,GIL_C_2009,7,5,10,5,6.75,2.36291,0,63,.,3,63,0,3,.,0,63,.,.,.,.
2009,GIL,C,GIL_C,GIL_C_2009,GIL_C_2009,8,6,5,5,6,1.41421,0,38,.,63,38,63,0,.,38,0,.,.,.,.
2009,GIL,C,GIL_C,GIL_C_2009,GIL_C_2009,3,9,4,6,5.5,2.64575,0,86,.,3,38,16,0,.,0,63,.,.,.,.
2009,GIL,C,GIL_C,GIL_C_2009,GIL_C_2009,3,7,4,8,5.5,2.38048,0,86,.,0,38,0,0,.,0,16,.,.,.,.
2009,GIL,C,GIL_C,GIL_C_2009,GIL_C_2009,7,4,6,3,5,1.82574,3,38,.,16,63,3,0,.,0,38,.,.,.,.
2009,GIL,C,GIL_C,GIL_C_2009,GIL_C_2009,7,2,7,2,4.5,2.88675,0,38,.,38,38,16,0,.,0,16,.,.,.,.
2009,GIL,C,GIL_C,GIL_C_2009,GIL_C_2009,5,5,4,3,4.25,0.95743,0,86,.,38,16,16,0,.,0,16,.,.,.,.
2009,GIL,C,GIL_C,GIL_C_2009,GIL_C_2009,5,3,5,3,4,1.15470,0,86,.,3,16,38,0,.,0,38,.,.,.,.
2009,GIL,C,GIL_C,GIL_C_2009,GIL_C_2009,3,4,3,6,4,1.41421,0,63,.,3,38,38,0,.,0,38,.,.,.,.
2009,GIL,C,GIL_C,GIL_C_2009,GIL_C_2009,6,3,3,4,4,1.41421,0,86,.,0,38,3,0,.,0,16,.,.,.,.
2009,GIL,C,GIL_C,GIL_C_2009,GIL_C_2009,3,5,3,4,3.75,0.95743,0,63,.,0,63,16,0,.,0,16,.,.,.,.
2009,GIL,C,GIL_C,GIL_C_2009,GIL_C_2009,6,3,2,2,3.25,1.89297,0,63,.,3,63,3,0,.,0,63,.,.,.,.
2009,GIL,C,GIL_C,GIL_C_2009,GIL_C_2009,2,3,4,4,3.25,0.95743,0,86,.,3,16,16,0,.,0,3,.,.,.,.
2009,GIL,C,GIL_C,GIL_C_2009,GIL_C_2009,3,2,2,4,2.75,0.95743,0,38,.,38,63,3,0,.,0,38,.,.,.,.
2009,GIL,C,GIL_C,GIL_C_2009,GIL_C_2009,1,1,1,8,2.75,3.50000,3,38,.,38,38,38,0,.,3,16,.,.,.,.
2009,GIL,C,GIL_C,GIL_C_2009,GIL_C_2009,3,3,3,1,2.5,1.00000,0,63,.,63,38,16,0,.,16,16,.,.,.,.
2009,GIL,C,GIL_C,GIL_C_2009,GIL_C_2009,2,2,2,3,2.25,0.50000,0,63,.,0,16,38,0,.,16,16,.,.,.,.
2009,GIL,C,GIL_C,GIL_C_2009,GIL_C_2009,2,2,3,1,2,0.81650,0,63,.,3,3,38,0,.,3,38,.,.,.,.
2009,GIL,C,GIL_C,GIL_C_2009,GIL_C_2009,1,1,3,1,1.5,1.00000,0,38,.,63,16,63,0,.,16,0,.,.,.,.
2009,GIL,C,GIL_C,GIL_C_2009,GIL_C_2009,1,1,2,1,1.25,0.50000,0,3,.,63,3,38,0,.,16,3,.,.,.,.
2009,GIL,C,GIL_C,GIL_C_2009,GIL_C_2009,1,1,1,1,1,0.00000,0,38,.,38,38,16,0,.,3,3,.,.,.,.
2009,GIL,C,GIL_C,GIL_C_2009,GIL_C_2009,1,1,1,1,1,0.00000,0,16,.,63,3,38,0,.,3,16,.,.,.,.
2009,GIL,N,GIL_N,GIL_N_2009,GIL_N_2009,8,10,5,6,7.25,2.21736,0,63,.,38,38,0,0,.,38,16,.,.,.,.
2009,GIL,N,GIL_N,GIL_N_2009,GIL_N_2009,5,8,9,3,6.25,2.75379,0,38,.,38,38,38,0,.,0,38,.,.,.,.
2009,GIL,N,GIL_N,GIL_N_2009,GIL_N_2009,2,10,5,6,5.75,3.30404,0,63,.,63,38,0,0,.,16,0,.,.,.,.
2009,GIL,N,GIL_N,GIL_N_2009,GIL_N_2009,5,7,5,3,5,1.63299,0,63,.,16,38,3,0,.,0,63,.,.,.,.
2009,GIL,N,GIL_N,GIL_N_2009,GIL_N_2009,3,9,3,4,4.75,2.87228,0,63,.,16,3,16,0,.,0,63,.,.,.,.
2009,GIL,N,GIL_N,GIL_N_2009,GIL_N_2009,5,5,5,4,4.75,0.50000,0,38,.,38,38,0,0,.,0,63,.,.,.,.
2009,GIL,N,GIL_N,GIL_N_2009,GIL_N_2009,7,3,3,6,4.75,2.06155,3,86,.,3,16,3,0,.,0,63,.,.,.,.
2009,GIL,N,GIL_N,GIL_N_2009,GIL_N_2009,3,3,8,3,4.25,2.50000,0,63,.,3,38,16,0,.,3,38,.,.,.,.
2009,GIL,N,GIL_N,GIL_N_2009,GIL_N_2009,4,4,5,3,4,0.81650,0,86,.,3,16,3,0,.,0,38,.,.,.,.
2009,GIL,N,GIL_N,GIL_N_2009,GIL_N_2009,3,5,3,4,3.75,0.95743,0,86,.,16,16,0,0,.,0,3,.,.,.,.
2009,GIL,N,GIL_N,GIL_N_2009,GIL_N_2009,3,3,3,5,3.5,1.00000,0,63,.,0,16,38,0,.,0,16,.,.,.,.
2009,GIL,N,GIL_N,GIL_N_2009,GIL_N_2009,3,4,2,5,3.5,1.29099,0,16,.,63,38,63,0,.,16,0,.,.,.,.
2009,GIL,N,GIL_N,GIL_N_2009,GIL_N_2009,2,4,3,3,3,0.81650,0,63,.,16,38,38,0,.,3,38,.,.,.,.
2009,GIL,N,GIL_N,GIL_N_2009,GIL_N_2009,3,2,3,3,2.75,0.50000,0,86,.,3,38,3,0,.,0,38,.,.,.,.
2009,GIL,N,GIL_N,GIL_N_2009,GIL_N_2009,2,2,3,3,2.5,0.57735,0,63,.,16,16,3,0,.,0,63,.,.,.,.
2009,GIL,N,GIL_N,GIL_N_2009,GIL_N_2009,1,7,1,1,2.5,3.00000,0,38,.,38,16,3,0,.,16,0,.,.,.,.
2009,GIL,N,GIL_N,GIL_N_2009,GIL_N_2009,3,2,1,3,2.25,0.95743,0,38,.,38,16,16,0,.,0,38,.,.,.,.
2009,GIL,N,GIL_N,GIL_N_2009,GIL_N_2009,2,2,2,2,2,0.00000,0,63,.,16,16,16,0,.,3,16,.,.,.,.
2009,GIL,N,GIL_N,GIL_N_2009,GIL_N_2009,1,4,1,2,2,1.41421,0,63,.,63,63,38,0,.,0,16,.,.,.,.
2009,GIL,N,GIL_N,GIL_N_2009,GIL_N_2009,2,2,2,2,2,0.00000,0,38,.,38,16,38,0,.,3,3,.,.,.,.
2009,GIL,N,GIL_N,GIL_N_2009,GIL_N_2009,2,2,1,2,1.75,0.50000,0,38,.,38,3,38,0,.,3,16,.,.,.,.
2009,GIL,N,GIL_N,GIL_N_2009,GIL_N_2009,2,1,2,2,1.75,0.50000,3,38,.,38,3,38,0,.,3,3,.,.,.,.
2009,GIL,N,GIL_N,GIL_N_2009,GIL_N_2009,2,1,1,2,1.5,0.57735,3,38,.,38,16,38,0,.,3,16,.,.,.,.
2009,GIL,N,GIL_N,GIL_N_2009,GIL_N_2009,1,1,1,1,1,0.00000,0,16,.,63,63,38,0,.,38,0,.,.,.,.
2009,GIL,N,GIL_N,GIL_N_2009,GIL_N_2009,1,1,1,1,1,0.00000,0,16,.,63,16,63,0,.,16,0,.,.,.,.
2009,GIL,N,GIL_N,GIL_N_2009,GIL_N_2009,1,1,1,1,1,0.00000,0,38,.,63,16,63,0,.,16,0,.,.,.,.
2009,GIL,N,GIL_N,GIL_N_2009,GIL_N_2009,1,1,1,1,1,0.00000,0,16,.,63,38,38,0,.,16,16,.,.,.,.
2009,GIL,N,GIL_N,GIL_N_2009,GIL_N_2009,1,1,1,1,1,0.00000,0,16,.,63,38,63,0,.,16,0,.,.,.,.
2009,GIL,N,GIL_N,GIL_N_2009,GIL_N_2009,1,1,1,1,1,0.00000,0,16,.,86,38,63,0,.,38,0,.,.,.,.
2009,GIL,S,GIL_S,GIL_S_2009,GIL_S_2009,12,20,20,4,14,7.65942,0,63,.,16,38,0,0,.,0,38,.,.,.,.
2009,GIL,S,GIL_S,GIL_S_2009,GIL_S_2009,11,8,10,9,9.5,1.29099,0,86,.,16,63,0,0,.,0,38,.,.,.,.
2009,GIL,S,GIL_S,GIL_S_2009,GIL_S_2009,5,11,6,11,8.25,3.20156,0,86,.,16,38,0,0,.,0,38,.,.,.,.
2009,GIL,S,GIL_S,GIL_S_2009,GIL_S_2009,8,7,7,10,8,1.41421,0,86,.,0,38,0,0,.,0,16,.,.,.,.
2009,GIL,S,GIL_S,GIL_S_2009,GIL_S_2009,11,4,7,6,7,2.94392,0,63,.,16,63,0,0,.,0,38,.,.,.,.
2009,GIL,S,GIL_S,GIL_S_2009,GIL_S_2009,8,5,6,7,6.5,1.29099,0,63,.,16,63,16,0,.,3,38,.,.,.,.
2009,GIL,S,GIL_S,GIL_S_2009,GIL_S_2009,8,6,7,3,6,2.16025,0,98,.,0,0,0,0,.,0,16,.,.,.,.
2009,GIL,S,GIL_S,GIL_S_2009,GIL_S_2009,6,5,4,5,5,0.81650,0,86,.,3,3,3,0,.,0,63,.,.,.,.
2009,GIL,S,GIL_S,GIL_S_2009,GIL_S_2009,5,5,4,5,4.75,0.50000,0,86,.,0,38,16,0,.,0,38,.,.,.,.
2009,GIL,S,GIL_S,GIL_S_2009,GIL_S_2009,7,3,5,4,4.75,1.70783,0,86,.,16,16,3,0,.,0,63,.,.,.,.
2009,GIL,S,GIL_S,GIL_S_2009,GIL_S_2009,5,4,4,5,4.5,0.57735,0,86,.,3,3,3,0,.,0,63,.,.,.,.
2009,GIL,S,GIL_S,GIL_S_2009,GIL_S_2009,3,4,4,6,4.25,1.25831,0,86,.,3,3,0,0,.,0,63,.,.,.,.
2009,GIL,S,GIL_S,GIL_S_2009,GIL_S_2009,4,4,3,5,4,0.81650,0,86,.,16,3,3,0,.,0,63,.,.,.,.
2009,GIL,S,GIL_S,GIL_S_2009,GIL_S_2009,5,3,5,3,4,1.15470,0,86,.,3,3,3,0,.,0,63,.,.,.,.
2009,GIL,S,GIL_S,GIL_S_2009,GIL_S_2009,3,3,4,5,3.75,0.95743,0,86,.,3,0,0,0,.,0,0,.,.,.,.
2009,GIL,S,GIL_S,GIL_S_2009,GIL_S_2009,3,3,3,5,3.5,1.00000,0,86,.,0,3,0,0,.,0,86,.,.,.,.
2009,GIL,S,GIL_S,GIL_S_2009,GIL_S_2009,4,4,3,3,3.5,0.57735,0,63,.,3,38,3,0,.,0,63,.,.,.,.
2009,GIL,S,GIL_S,GIL_S_2009,GIL_S_2009,4,3,4,3,3.5,0.57735,0,86,.,3,3,0,0,.,3,63,.,.,.,.
2009,GIL,S,GIL_S,GIL_S_2009,GIL_S_2009,3,5,3,3,3.5,1.00000,0,86,.,3,16,3,0,.,0,63,.,.,.,.
2009,GIL,S,GIL_S,GIL_S_2009,GIL_S_2009,3,3,4,3,3.25,0.50000,0,86,.,3,3,0,0,.,0,63,.,.,.,.
2009,GIL,S,GIL_S,GIL_S_2009,GIL_S_2009,2,3,2,5,3,1.41421,0,63,.,38,16,38,0,.,16,16,.,.,.,.
2009,GIL,S,GIL_S,GIL_S_2009,GIL_S_2009,3,3,3,3,3,0.00000,0,63,.,16,3,3,0,.,0,63,.,.,.,.
2009,GIL,S,GIL_S,GIL_S_2009,GIL_S_2009,2,2,2,4,2.5,1.00000,0,63,.,3,3,38,0,.,0,38,.,.,.,.
2009,GIL,S,GIL_S,GIL_S_2009,GIL_S_2009,2,2,3,2,2.25,0.50000,0,38,.,38,16,63,0,.,0,16,.,.,.,.
2009,GIL,S,GIL_S,GIL_S_2009,GIL_S_2009,2,2,2,2,2,0.00000,0,63,.,16,3,38,0,.,16,38,.,.,.,.
2009,GIL,S,GIL_S,GIL_S_2009,GIL_S_2009,1,2,2,3,2,0.81650,0,38,.,63,38,63,0,.,16,3,.,.,.,.
2009,GIL,S,GIL_S,GIL_S_2009,GIL_S_2009,2,1,2,2,1.75,0.50000,0,38,.,38,16,38,0,.,3,16,.,.,.,.
2009,GIL,S,GIL_S,GIL_S_2009,GIL_S_2009,2,2,1,2,1.75,0.50000,0,63,.,3,16,3,0,.,3,63,.,.,.,.
2009,GIL,S,GIL_S,GIL_S_2009,GIL_S_2009,1,3,1,1,1.5,1.00000,0,63,.,16,16,63,0,.,16,16,.,.,.,.
2009,GIL,S,GIL_S,GIL_S_2009,GIL_S_2009,1,2,1,1,1.25,0.50000,0,63,.,16,16,38,0,.,3,16,.,.,.,.
2009,GIL,S,GIL_S,GIL_S_2009,GIL_S_2009,1,1,1,1,1,0.00000,0,16,.,63,16,63,0,.,63,0,.,.,.,.
2009,KLN,C,KLN_C,KLN_C_2009,KLN_C_2009,6,5,5,5,5.25,0.50000,63,38,.,16,63,38,0,.,16,16,.,.,.,.
2009,KLN,C,KLN_C,KLN_C_2009,KLN_C_2009,5,5,2,4,4,1.41421,0,38,.,38,38,86,0,.,0,16,.,.,.,.
2009,KLN,C,KLN_C,KLN_C_2009,KLN_C_2009,5,3,3,4,3.75,0.95743,63,3,.,0,38,3,0,.,0,38,.,.,.,.
2009,KLN,C,KLN_C,KLN_C_2009,KLN_C_2009,3,5,3,3,3.5,1.00000,38,38,.,3,63,3,0,.,0,38,.,.,.,.
2009,KLN,C,KLN_C,KLN_C_2009,KLN_C_2009,3,3,5,3,3.5,1.00000,63,0,.,16,16,16,0,.,63,3,.,.,.,.
2009,KLN,C,KLN_C,KLN_C_2009,KLN_C_2009,4,3,4,3,3.5,0.57735,16,63,.,16,16,16,0,.,0,63,.,.,.,.
2009,KLN,C,KLN_C,KLN_C_2009,KLN_C_2009,3,5,3,3,3.5,1.00000,86,16,.,0,38,3,0,.,38,0,.,.,.,.
2009,KLN,C,KLN_C,KLN_C_2009,KLN_C_2009,3,5,2,3,3.25,1.25831,38,38,.,3,38,16,0,.,0,38,.,.,.,.
2009,KLN,C,KLN_C,KLN_C_2009,KLN_C_2009,5,2,2,4,3.25,1.50000,3,16,.,16,38,16,0,.,3,16,.,.,.,.
2009,KLN,C,KLN_C,KLN_C_2009,KLN_C_2009,5,3,2,3,3.25,1.25831,16,38,.,16,38,63,0,.,38,16,.,.,.,.
2009,KLN,C,KLN_C,KLN_C_2009,KLN_C_2009,3,4,2,3,3,0.81650,3,16,.,16,38,16,0,.,63,0,.,.,.,.
2009,KLN,C,KLN_C,KLN_C_2009,KLN_C_2009,3,3,2,4,3,0.81650,16,38,.,3,16,3,0,.,3,16,.,.,.,.
2009,KLN,C,KLN_C,KLN_C_2009,KLN_C_2009,3,2,2,5,3,1.41421,3,38,.,3,38,38,0,.,0,16,.,.,.,.
2009,KLN,C,KLN_C,KLN_C_2009,KLN_C_2009,3,3,3,3,3,0.00000,63,3,.,0,16,0,0,.,63,16,.,.,.,.
2009,KLN,C,KLN_C,KLN_C_2009,KLN_C_2009,3,2,3,4,3,0.81650,16,38,.,3,38,38,0,.,0,38,.,.,.,.
2009,KLN,C,KLN_C,KLN_C_2009,KLN_C_2009,4,3,2,2,2.75,0.95743,38,38,.,3,38,3,0,.,16,16,.,.,.,.
2009,KLN,C,KLN_C,KLN_C_2009,KLN_C_2009,3,3,3,2,2.75,0.50000,63,3,.,3,16,0,0,.,3,38,.,.,.,.
2009,KLN,C,KLN_C,KLN_C_2009,KLN_C_2009,3,2,4,2,2.75,0.95743,0,38,.,16,16,63,0,.,0,16,.,.,.,.
2009,KLN,C,KLN_C,KLN_C_2009,KLN_C_2009,3,3,2,3,2.75,0.50000,86,3,.,0,16,3,0,.,0,38,.,.,.,.
2009,KLN,C,KLN_C,KLN_C_2009,KLN_C_2009,2,3,4,2,2.75,0.95743,16,3,.,3,38,16,0,.,16,3,.,.,.,.
2009,KLN,C,KLN_C,KLN_C_2009,KLN_C_2009,2,3,2,3,2.5,0.57735,63,16,.,16,38,0,0,.,38,16,.,.,.,.
2009,KLN,C,KLN_C,KLN_C_2009,KLN_C_2009,3,2,2,3,2.5,0.57735,38,38,.,16,38,63,0,.,38,16,.,.,.,.
2009,KLN,C,KLN_C,KLN_C_2009,KLN_C_2009,3,2,2,2,2.25,0.50000,63,38,.,16,16,38,0,.,38,16,.,.,.,.
2009,KLN,C,KLN_C,KLN_C_2009,KLN_C_2009,3,2,2,2,2.25,0.50000,16,16,.,16,16,3,0,.,3,38,.,.,.,.
2009,KLN,C,KLN_C,KLN_C_2009,KLN_C_2009,2,2,3,2,2.25,0.50000,0,63,.,16,16,63,0,.,0,3,.,.,.,.
2009,KLN,C,KLN_C,KLN_C_2009,KLN_C_2009,1,2,2,3,2,0.81650,38,38,.,16,63,63,0,.,16,16,.,.,.,.
2009,KLN,C,KLN_C,KLN_C_2009,KLN_C_2009,1,2,2,2,1.75,0.50000,0,38,.,38,38,63,0,.,3,16,.,.,.,.
2009,KLN,C,KLN_C,KLN_C_2009,KLN_C_2009,1,2,2,2,1.75,0.50000,38,38,.,16,16,63,0,.,0,16,.,.,.,.
2009,KLN,C,KLN_C,KLN_C_2009,KLN_C_2009,1,2,2,1,1.5,0.57735,16,16,.,3,3,3,0,.,63,3,.,.,.,.
2009,KLN,C,KLN_C,KLN_C_2009,KLN_C_2009,1,2,1,2,1.5,0.57735,63,3,.,3,16,16,0,.,63,0,.,.,.,.
2009,KLN,E,KLN_E,KLN_E_2009,KLN_E_2009,8,7,9,11,8.75,1.70783,0,16,.,16,63,16,0,.,0,63,.,.,.,.
2009,KLN,E,KLN_E,KLN_E_2009,KLN_E_2009,7,8,3,7,6.25,2.21736,0,38,.,3,38,38,0,.,3,38,.,.,.,.
2009,KLN,E,KLN_E,KLN_E_2009,KLN_E_2009,4,7,7,7,6.25,1.50000,0,3,.,3,86,16,0,.,3,38,.,.,.,.
2009,KLN,E,KLN_E,KLN_E_2009,KLN_E_2009,3,6,5,4,4.5,1.29099,16,16,.,3,63,3,0,.,3,38,.,.,.,.
2009,KLN,E,KLN_E,KLN_E_2009,KLN_E_2009,4,5,4,3,4,0.81650,0,63,.,16,3,63,0,.,0,38,.,.,.,.
2009,KLN,E,KLN_E,KLN_E_2009,KLN_E_2009,5,3,5,3,4,1.15470,3,38,.,38,16,0,0,.,0,63,.,.,.,.
2009,KLN,E,KLN_E,KLN_E_2009,KLN_E_2009,4,5,4,3,4,0.81650,63,16,.,3,16,16,0,.,0,63,.,.,.,.
2009,KLN,E,KLN_E,KLN_E_2009,KLN_E_2009,3,5,3,4,3.75,0.95743,38,38,.,38,38,63,0,.,0,38,.,.,.,.
2009,KLN,E,KLN_E,KLN_E_2009,KLN_E_2009,5,3,3,3,3.5,1.00000,0,38,.,38,38,63,0,.,0,16,.,.,.,.
2009,KLN,E,KLN_E,KLN_E_2009,KLN_E_2009,5,5,3,1,3.5,1.91485,0,63,.,16,38,38,0,.,0,38,.,.,.,.
2009,KLN,E,KLN_E,KLN_E_2009,KLN_E_2009,7,3,2,2,3.5,2.38048,0,16,.,3,38,63,0,.,3,38,.,.,.,.
2009,KLN,E,KLN_E,KLN_E_2009,KLN_E_2009,4,4,3,3,3.5,0.57735,0,63,.,16,16,16,0,.,0,63,.,.,.,.
2009,KLN,E,KLN_E,KLN_E_2009,KLN_E_2009,6,3,2,3,3.5,1.73205,38,38,.,3,16,38,0,.,0,38,.,.,.,.
2009,KLN,E,KLN_E,KLN_E_2009,KLN_E_2009,4,2,4,4,3.5,1.00000,16,38,.,3,16,63,0,.,0,38,.,.,.,.
2009,KLN,E,KLN_E,KLN_E_2009,KLN_E_2009,3,4,2,5,3.5,1.29099,16,16,.,16,38,38,0,.,0,63,.,.,.,.
2009,KLN,E,KLN_E,KLN_E_2009,KLN_E_2009,3,4,3,4,3.5,0.57735,38,38,.,3,16,38,0,.,0,16,.,.,.,.
2009,KLN,E,KLN_E,KLN_E_2009,KLN_E_2009,3,3,4,3,3.25,0.50000,38,38,.,38,16,0,0,.,0,63,.,.,.,.
2009,KLN,E,KLN_E,KLN_E_2009,KLN_E_2009,5,3,2,3,3.25,1.25831,38,38,.,38,16,63,0,.,0,16,.,.,.,.
2009,KLN,E,KLN_E,KLN_E_2009,KLN_E_2009,4,3,4,2,3.25,0.95743,3,86,.,3,3,0,0,.,0,63,.,.,.,.
2009,KLN,E,KLN_E,KLN_E_2009,KLN_E_2009,3,4,3,3,3.25,0.50000,0,38,.,3,16,38,0,.,0,16,.,.,.,.
2009,KLN,E,KLN_E,KLN_E_2009,KLN_E_2009,6,2,3,2,3.25,1.89297,0,3,.,16,38,63,0,.,0,38,.,.,.,.
2009,KLN,E,KLN_E,KLN_E_2009,KLN_E_2009,3,3,3,3,3,0.00000,63,3,.,3,16,16,0,.,16,16,.,.,.,.
2009,KLN,E,KLN_E,KLN_E_2009,KLN_E_2009,3,3,4,2,3,0.81650,3,3,.,38,38,16,0,.,3,63,.,.,.,.
2009,KLN,E,KLN_E,KLN_E_2009,KLN_E_2009,3,3,2,3,2.75,0.50000,3,63,.,3,16,38,0,.,0,38,.,.,.,.
2009,KLN,E,KLN_E,KLN_E_2009,KLN_E_2009,4,2,2,3,2.75,0.95743,63,16,.,3,16,0,0,.,0,63,.,.,.,.
2009,KLN,E,KLN_E,KLN_E_2009,KLN_E_2009,2,2,3,3,2.5,0.57735,0,38,.,38,63,63,0,.,0,38,.,.,.,.
2009,KLN,E,KLN_E,KLN_E_2009,KLN_E_2009,2,3,3,2,2.5,0.57735,63,16,.,3,16,16,0,.,3,38,.,.,.,.
2009,KLN,E,KLN_E,KLN_E_2009,KLN_E_2009,2,3,2,2,2.25,0.50000,0,3,.,38,38,38,0,.,16,16,.,.,.,.
2009,KLN,E,KLN_E,KLN_E_2009,KLN_E_2009,2,1,2,2,1.75,0.50000,0,3,.,3,38,63,0,.,0,16,.,.,.,.
2009,KLN,E,KLN_E,KLN_E_2009,KLN_E_2009,1,1,1,1,1,0.00000,0,16,.,16,38,86,0,.,0,3,.,.,.,.
2009,KLN,W,KLN_W,KLN_W_2009,KLN_W_2009,5,3,5,4,4.25,0.95743,38,38,.,16,38,38,0,.,0,16,.,.,.,.
2009,KLN,W,KLN_W,KLN_W_2009,KLN_W_2009,4,5,3,5,4.25,0.95743,86,3,.,0,16,0,0,.,0,38,.,.,.,.
2009,KLN,W,KLN_W,KLN_W_2009,KLN_W_2009,5,3,7,2,4.25,2.21736,0,63,.,3,63,3,0,.,0,38,.,.,.,.
2009,KLN,W,KLN_W,KLN_W_2009,KLN_W_2009,4,4,5,3,4,0.81650,63,3,.,3,38,3,0,.,0,38,.,.,.,.
2009,KLN,W,KLN_W,KLN_W_2009,KLN_W_2009,6,3,3,4,4,1.41421,0,38,.,16,63,16,0,.,0,38,.,.,.,.
2009,KLN,W,KLN_W,KLN_W_2009,KLN_W_2009,5,3,4,3,3.75,0.95743,16,16,.,16,38,63,0,.,0,16,.,.,.,.
2009,KLN,W,KLN_W,KLN_W_2009,KLN_W_2009,5,3,4,3,3.75,0.95743,0,38,.,3,63,38,0,.,0,38,.,.,.,.
2009,KLN,W,KLN_W,KLN_W_2009,KLN_W_2009,4,4,3,3,3.5,0.57735,38,16,.,16,38,16,0,.,0,38,.,.,.,.
2009,KLN,W,KLN_W,KLN_W_2009,KLN_W_2009,3,4,3,4,3.5,0.57735,63,3,.,3,16,3,0,.,0,38,.,.,.,.
2009,KLN,W,KLN_W,KLN_W_2009,KLN_W_2009,3,3,3,4,3.25,0.50000,63,0,.,0,16,0,0,.,16,16,.,.,.,.
2009,KLN,W,KLN_W,KLN_W_2009,KLN_W_2009,3,4,3,3,3.25,0.50000,38,63,.,16,16,0,0,.,0,38,.,.,.,.
2009,KLN,W,KLN_W,KLN_W_2009,KLN_W_2009,5,2,3,3,3.25,1.25831,38,38,.,3,38,3,0,.,0,38,.,.,.,.
2009,KLN,W,KLN_W,KLN_W_2009,KLN_W_2009,3,3,3,3,3,0.00000,63,16,.,16,38,16,0,.,38,16,.,.,.,.
2009,KLN,W,KLN_W,KLN_W_2009,KLN_W_2009,3,3,3,3,3,0.00000,86,0,.,3,3,0,0,.,3,38,.,.,.,.
2009,KLN,W,KLN_W,KLN_W_2009,KLN_W_2009,3,4,3,2,3,0.81650,0,16,.,38,16,63,0,.,0,16,.,.,.,.
2009,KLN,W,KLN_W,KLN_W_2009,KLN_W_2009,3,2,3,4,3,0.81650,16,63,.,3,16,38,0,.,0,38,.,.,.,.
2009,KLN,W,KLN_W,KLN_W_2009,KLN_W_2009,3,3,3,3,3,0.00000,0,63,.,3,3,63,0,.,0,38,.,.,.,.
2009,KLN,W,KLN_W,KLN_W_2009,KLN_W_2009,3,3,3,3,3,0.00000,3,63,.,3,38,16,0,.,0,38,.,.,.,.
2009,KLN,W,KLN_W,KLN_W_2009,KLN_W_2009,3,3,3,2,2.75,0.50000,0,63,.,16,63,16,0,.,38,16,.,.,.,.
2009,KLN,W,KLN_W,KLN_W_2009,KLN_W_2009,3,3,2,3,2.75,0.50000,38,63,.,0,38,38,0,.,38,3,.,.,.,.
2009,KLN,W,KLN_W,KLN_W_2009,KLN_W_2009,4,1,2,3,2.5,1.29099,0,63,.,3,16,63,0,.,16,16,.,.,.,.
2009,KLN,W,KLN_W,KLN_W_2009,KLN_W_2009,2,3,3,2,2.5,0.57735,0,63,.,16,38,38,0,.,0,16,.,.,.,.
2009,KLN,W,KLN_W,KLN_W_2009,KLN_W_2009,2,2,2,3,2.25,0.50000,16,38,.,16,63,38,0,.,16,16,.,.,.,.
2009,KLN,W,KLN_W,KLN_W_2009,KLN_W_2009,2,2,2,2,2,0.00000,63,16,.,16,38,38,0,.,16,16,.,.,.,.
2009,KLN,W,KLN_W,KLN_W_2009,KLN_W_2009,2,2,2,2,2,0.00000,0,63,.,0,38,16,0,.,38,16,.,.,.,.
2009,KLN,W,KLN_W,KLN_W_2009,KLN_W_2009,2,2,2,2,2,0.00000,63,16,.,3,38,0,0,.,38,16,.,.,.,.
2009,KLN,W,KLN_W,KLN_W_2009,KLN_W_2009,2,2,2,1,1.75,0.50000,16,16,.,16,38,16,0,.,3,16,.,.,.,.
2009,KLN,W,KLN_W,KLN_W_2009,KLN_W_2009,2,2,1,1,1.5,0.57735,0,16,.,16,38,38,0,.,3,3,.,.,.,.
2009,KLN,W,KLN_W,KLN_W_2009,KLN_W_2009,1,1,1,2,1.25,0.50000,16,63,.,16,38,63,0,.,38,3,.,.,.,.
2009,KLN,W,KLN_W,KLN_W_2009,KLN_W_2009,1,1,2,1,1.25,0.50000,16,38,.,3,38,63,0,.,16,3,.,.,.,.
2009,KLT,E,KLT_E,KLT_E_2009,KLT_E_2009,11,11,12,10,11,0.81650,0,0,.,3,98,3,0,.,16,0,.,.,.,.
2009,KLT,E,KLT_E,KLT_E_2009,KLT_E_2009,11,9,11,8,9.75,1.50000,0,0,.,63,86,0,0,.,38,0,.,.,.,.
2009,KLT,E,KLT_E,KLT_E_2009,KLT_E_2009,9,10,9,9,9.25,0.50000,86,0,.,16,38,16,0,.,38,0,.,.,.,.
2009,KLT,E,KLT_E,KLT_E_2009,KLT_E_2009,8,9,11,8,9,1.41421,63,0,.,3,63,3,0,.,16,16,.,.,.,.
2009,KLT,E,KLT_E,KLT_E_2009,KLT_E_2009,9,9,8,7,8.25,0.95743,0,0,.,63,63,3,0,.,63,0,.,.,.,.
2009,KLT,E,KLT_E,KLT_E_2009,KLT_E_2009,9,7,7,7,7.5,1.00000,38,16,.,3,86,0,0,.,38,0,.,.,.,.
2009,KLT,E,KLT_E,KLT_E_2009,KLT_E_2009,7,7,6,7,6.75,0.50000,86,0,.,3,38,38,0,.,38,0,.,.,.,.
2009,KLT,E,KLT_E,KLT_E_2009,KLT_E_2009,6,7,7,6,6.5,0.57735,63,0,.,3,38,0,0,.,16,3,.,.,.,.
2009,KLT,E,KLT_E,KLT_E_2009,KLT_E_2009,5,6,6,9,6.5,1.73205,63,0,.,16,16,63,0,.,16,3,.,.,.,.
2009,KLT,E,KLT_E,KLT_E_2009,KLT_E_2009,7,7,6,6,6.5,0.57735,86,0,.,0,63,3,0,.,38,3,.,.,.,.
2009,KLT,E,KLT_E,KLT_E_2009,KLT_E_2009,6,7,5,7,6.25,0.95743,38,0,.,3,38,38,0,.,3,3,.,.,.,.
2009,KLT,E,KLT_E,KLT_E_2009,KLT_E_2009,6,8,6,5,6.25,1.25831,38,0,.,3,63,16,0,.,38,3,.,.,.,.
2009,KLT,E,KLT_E,KLT_E_2009,KLT_E_2009,5,7,6,6,6,0.81650,38,0,.,3,38,63,0,.,3,3,.,.,.,.
2009,KLT,E,KLT_E,KLT_E_2009,KLT_E_2009,6,5,6,6,5.75,0.50000,0,0,.,86,0,0,0,.,16,16,.,.,.,.
2009,KLT,E,KLT_E,KLT_E_2009,KLT_E_2009,6,6,5,6,5.75,0.50000,63,0,.,3,38,16,0,.,16,3,.,.,.,.
2009,KLT,E,KLT_E,KLT_E_2009,KLT_E_2009,5,5,6,7,5.75,0.95743,0,0,.,38,63,16,0,.,16,0,.,.,.,.
2009,KLT,E,KLT_E,KLT_E_2009,KLT_E_2009,5,5,6,6,5.5,0.57735,38,0,.,16,63,63,0,.,38,0,.,.,.,.
2009,KLT,E,KLT_E,KLT_E_2009,KLT_E_2009,7,4,4,7,5.5,1.73205,0,16,.,63,63,0,0,.,16,3,.,.,.,.
2009,KLT,E,KLT_E,KLT_E_2009,KLT_E_2009,5,6,5,5,5.25,0.50000,0,0,.,0,86,16,0,.,38,0,.,.,.,.
2009,KLT,E,KLT_E,KLT_E_2009,KLT_E_2009,5,3,7,5,5,1.63299,63,0,.,16,38,16,0,.,3,16,.,.,.,.
2009,KLT,E,KLT_E,KLT_E_2009,KLT_E_2009,5,5,5,5,5,0.00000,63,3,.,3,16,3,0,.,38,3,.,.,.,.
2009,KLT,E,KLT_E,KLT_E_2009,KLT_E_2009,5,5,5,5,5,0.00000,0,0,.,86,16,0,0,.,0,38,.,.,.,.
2009,KLT,E,KLT_E,KLT_E_2009,KLT_E_2009,4,5,5,6,5,0.81650,86,0,.,3,63,16,0,.,63,3,.,.,.,.
2009,KLT,E,KLT_E,KLT_E_2009,KLT_E_2009,5,4,5,4,4.5,0.57735,63,0,.,3,3,3,0,.,38,3,.,.,.,.
2009,KLT,E,KLT_E,KLT_E_2009,KLT_E_2009,5,5,4,1,3.75,1.89297,63,0,.,0,3,3,0,.,63,0,.,.,.,.
2009,KLT,E,KLT_E,KLT_E_2009,KLT_E_2009,4,4,3,4,3.75,0.50000,0,0,.,63,63,3,3,.,3,3,.,.,.,.
2009,KLT,E,KLT_E,KLT_E_2009,KLT_E_2009,5,5,2,3,3.75,1.50000,63,0,.,3,38,16,0,.,38,3,.,.,.,.
2009,KLT,E,KLT_E,KLT_E_2009,KLT_E_2009,4,3,3,3,3.25,0.50000,0,0,.,3,86,16,0,.,63,0,.,.,.,.
2009,KLT,E,KLT_E,KLT_E_2009,KLT_E_2009,3,3,3,3,3,0.00000,0,0,.,38,63,3,0,.,38,3,.,.,.,.
2009,KLT,E,KLT_E,KLT_E_2009,KLT_E_2009,3,3,2,4,3,0.81650,38,3,.,38,38,38,0,.,38,16,.,.,.,.
2009,KLT,S,KLT_S,KLT_S_2009,KLT_S_2009,8,10,9,9,9,0.81650,38,3,.,16,63,0,3,.,3,16,.,.,.,.
2009,KLT,S,KLT_S,KLT_S_2009,KLT_S_2009,8,9,9,9,8.75,0.50000,63,3,.,3,63,0,0,.,3,16,.,.,.,.
2009,KLT,S,KLT_S,KLT_S_2009,KLT_S_2009,9,9,8,9,8.75,0.50000,38,3,.,3,63,3,0,.,3,16,.,.,.,.
2009,KLT,S,KLT_S,KLT_S_2009,KLT_S_2009,7,9,8,7,7.75,0.95743,0,0,.,86,38,3,0,.,0,16,.,.,.,.
2009,KLT,S,KLT_S,KLT_S_2009,KLT_S_2009,9,5,5,8,6.75,2.06155,63,0,.,3,38,63,0,.,38,3,.,.,.,.
2009,KLT,S,KLT_S,KLT_S_2009,KLT_S_2009,6,7,7,6,6.5,0.57735,86,0,.,0,38,38,0,.,16,16,.,.,.,.
2009,KLT,S,KLT_S,KLT_S_2009,KLT_S_2009,6,7,6,7,6.5,0.57735,86,0,.,0,38,16,0,.,16,0,.,.,.,.
2009,KLT,S,KLT_S,KLT_S_2009,KLT_S_2009,6,7,6,7,6.5,0.57735,16,0,.,16,86,16,0,.,16,0,.,.,.,.
2009,KLT,S,KLT_S,KLT_S_2009,KLT_S_2009,5,7,6,7,6.25,0.95743,63,0,.,0,63,38,0,.,63,0,.,.,.,.
2009,KLT,S,KLT_S,KLT_S_2009,KLT_S_2009,3,7,6,7,5.75,1.89297,0,0,.,63,63,0,0,.,38,16,.,.,.,.
2009,KLT,S,KLT_S,KLT_S_2009,KLT_S_2009,6,5,6,5,5.5,0.57735,38,0,.,63,63,16,0,.,38,0,.,.,.,.
2009,KLT,S,KLT_S,KLT_S_2009,KLT_S_2009,5,6,6,5,5.5,0.57735,86,0,.,3,16,3,0,.,16,0,.,.,.,.
2009,KLT,S,KLT_S,KLT_S_2009,KLT_S_2009,4,5,7,5,5.25,1.25831,63,0,.,38,38,38,0,.,16,16,.,.,.,.
2009,KLT,S,KLT_S,KLT_S_2009,KLT_S_2009,5,5,5,6,5.25,0.50000,63,3,.,3,16,16,0,.,38,3,.,.,.,.
2009,KLT,S,KLT_S,KLT_S_2009,KLT_S_2009,4,7,4,6,5.25,1.50000,63,16,.,0,16,0,0,.,38,0,.,.,.,.
2009,KLT,S,KLT_S,KLT_S_2009,KLT_S_2009,4,6,6,5,5.25,0.95743,3,0,.,38,63,16,0,.,16,3,.,.,.,.
2009,KLT,S,KLT_S,KLT_S_2009,KLT_S_2009,5,5,7,4,5.25,1.25831,63,0,.,3,63,3,0,.,16,3,.,.,.,.
2009,KLT,S,KLT_S,KLT_S_2009,KLT_S_2009,5,5,5,5,5,0.00000,63,0,.,3,38,3,0,.,63,3,.,.,.,.
2009,KLT,S,KLT_S,KLT_S_2009,KLT_S_2009,4,5,6,5,5,0.81650,0,0,.,98,3,0,0,.,0,63,.,.,.,.
2009,KLT,S,KLT_S,KLT_S_2009,KLT_S_2009,4,5,5,5,4.75,0.50000,86,3,.,0,38,1,0,.,38,0,.,.,.,.
2009,KLT,S,KLT_S,KLT_S_2009,KLT_S_2009,5,4,5,4,4.5,0.57735,86,3,.,0,3,3,0,.,16,16,.,.,.,.
2009,KLT,S,KLT_S,KLT_S_2009,KLT_S_2009,4,5,4,4,4.25,0.50000,0,0,.,86,16,3,0,.,0,16,.,.,.,.
2009,KLT,S,KLT_S,KLT_S_2009,KLT_S_2009,4,4,5,4,4.25,0.50000,86,0,.,0,63,3,0,.,38,0,.,.,.,.
2009,KLT,S,KLT_S,KLT_S_2009,KLT_S_2009,4,4,4,5,4.25,0.50000,63,0,.,16,63,3,0,.,16,0,.,.,.,.
2009,KLT,S,KLT_S,KLT_S_2009,KLT_S_2009,5,3,5,3,4,1.15470,16,0,.,16,63,16,0,.,16,16,.,.,.,.
2009,KLT,S,KLT_S,KLT_S_2009,KLT_S_2009,4,3,4,5,4,0.81650,63,0,.,0,16,38,0,.,63,0,.,.,.,.
2009,KLT,S,KLT_S,KLT_S_2009,KLT_S_2009,4,4,4,3,3.75,0.50000,16,0,.,16,86,16,0,.,38,0,.,.,.,.
2009,KLT,S,KLT_S,KLT_S_2009,KLT_S_2009,3,3,4,3,3.25,0.50000,0,0,.,63,38,63,0,.,38,0,.,.,.,.
2009,KLT,S,KLT_S,KLT_S_2009,KLT_S_2009,3,3,3,3,3,0.00000,16,0,.,16,86,38,0,.,0,3,.,.,.,.
2009,KLT,S,KLT_S,KLT_S_2009,KLT_S_2009,3,3,2,4,3,0.81650,63,0,.,38,38,16,0,.,16,0,.,.,.,.
2009,KLT,W,KLT_W,KLT_W_2009,KLT_W_2009,9,9,9,9,9,0.00000,63,0,.,0,86,16,0,.,16,0,.,.,.,.
2009,KLT,W,KLT_W,KLT_W_2009,KLT_W_2009,9,8,9,7,8.25,0.95743,38,0,.,3,86,0,0,.,16,3,.,.,.,.
2009,KLT,W,KLT_W,KLT_W_2009,KLT_W_2009,8,7,8,10,8.25,1.25831,63,0,.,0,86,16,0,.,16,0,.,.,.,.
2009,KLT,W,KLT_W,KLT_W_2009,KLT_W_2009,7,7,7,9,7.5,1.00000,63,0,.,0,38,3,0,.,38,0,.,.,.,.
2009,KLT,W,KLT_W,KLT_W_2009,KLT_W_2009,9,7,7,7,7.5,1.00000,38,0,.,16,63,16,0,.,16,3,.,.,.,.
2009,KLT,W,KLT_W,KLT_W_2009,KLT_W_2009,8,7,7,8,7.5,0.57735,0,0,.,63,63,16,0,.,16,38,.,.,.,.
2009,KLT,W,KLT_W,KLT_W_2009,KLT_W_2009,8,7,8,7,7.5,0.57735,63,0,.,3,63,3,0,.,16,0,.,.,.,.
2009,KLT,W,KLT_W,KLT_W_2009,KLT_W_2009,8,7,6,8,7.25,0.95743,86,0,.,0,38,38,0,.,16,3,.,.,.,.
2009,KLT,W,KLT_W,KLT_W_2009,KLT_W_2009,8,7,8,6,7.25,0.95743,16,0,.,16,86,16,0,.,38,16,.,.,.,.
2009,KLT,W,KLT_W,KLT_W_2009,KLT_W_2009,9,6,6,7,7,1.41421,63,0,.,3,38,16,0,.,3,16,.,.,.,.
2009,KLT,W,KLT_W,KLT_W_2009,KLT_W_2009,7,7,7,7,7,0.00000,63,0,.,3,63,3,0,.,63,0,.,.,.,.
2009,KLT,W,KLT_W,KLT_W_2009,KLT_W_2009,6,7,7,7,6.75,0.50000,63,0,.,3,63,3,0,.,16,3,.,.,.,.
2009,KLT,W,KLT_W,KLT_W_2009,KLT_W_2009,7,6,7,7,6.75,0.50000,0,16,.,63,63,16,0,.,16,16,.,.,.,.
2009,KLT,W,KLT_W,KLT_W_2009,KLT_W_2009,6,7,7,6,6.5,0.57735,38,0,.,3,86,16,0,.,16,3,.,.,.,.
2009,KLT,W,KLT_W,KLT_W_2009,KLT_W_2009,7,6,7,6,6.5,0.57735,63,86,.,3,38,3,0,.,63,0,.,.,.,.
2009,KLT,W,KLT_W,KLT_W_2009,KLT_W_2009,6,8,6,6,6.5,1.00000,63,0,.,3,63,3,0,.,38,0,.,.,.,.
2009,KLT,W,KLT_W,KLT_W_2009,KLT_W_2009,6,6,6,7,6.25,0.50000,38,3,.,3,63,0,0,.,38,3,.,.,.,.
2009,KLT,W,KLT_W,KLT_W_2009,KLT_W_2009,6,7,6,6,6.25,0.50000,63,0,.,16,86,16,0,.,63,0,.,.,.,.
2009,KLT,W,KLT_W,KLT_W_2009,KLT_W_2009,7,5,6,6,6,0.81650,86,0,.,3,16,16,0,.,38,16,.,.,.,.
2009,KLT,W,KLT_W,KLT_W_2009,KLT_W_2009,5,6,6,6,5.75,0.50000,63,0,.,3,63,16,0,.,38,0,.,.,.,.
2009,KLT,W,KLT_W,KLT_W_2009,KLT_W_2009,3,7,5,7,5.5,1.91485,38,3,.,0,63,3,0,.,63,0,.,.,.,.
2009,KLT,W,KLT_W,KLT_W_2009,KLT_W_2009,5,6,5,5,5.25,0.50000,16,0,.,38,86,3,0,.,16,0,.,.,.,.
2009,KLT,W,KLT_W,KLT_W_2009,KLT_W_2009,5,5,6,5,5.25,0.50000,63,0,.,16,63,16,0,.,38,0,.,.,.,.
2009,KLT,W,KLT_W,KLT_W_2009,KLT_W_2009,5,5,4,5,4.75,0.50000,86,0,.,3,3,16,0,.,16,16,.,.,.,.
2009,KLT,W,KLT_W,KLT_W_2009,KLT_W_2009,6,5,5,3,4.75,1.25831,86,3,.,3,3,0,0,.,16,3,.,.,.,.
2009,KLT,W,KLT_W,KLT_W_2009,KLT_W_2009,5,5,5,4,4.75,0.50000,86,3,.,3,3,0,0,.,16,3,.,.,.,.
2009,KLT,W,KLT_W,KLT_W_2009,KLT_W_2009,5,4,5,4,4.5,0.57735,63,0,.,3,38,16,0,.,16,3,.,.,.,.
2009,KLT,W,KLT_W,KLT_W_2009,KLT_W_2009,4,5,4,4,4.25,0.50000,86,0,.,0,16,16,0,.,16,0,.,.,.,.
2009,KLT,W,KLT_W,KLT_W_2009,KLT_W_2009,3,5,3,4,3.75,0.95743,63,0,.,16,63,16,0,.,63,0,.,.,.,.
2009,KLT,W,KLT_W,KLT_W_2009,KLT_W_2009,3,3,3,3,3,0.00000,63,3,.,3,3,0,0,.,16,3,.,.,.,.
2009,LTR,C,LTR_C,LTR_C_2009,LTR_C_2009,9,8,9,6,8,1.41421,16,3,.,38,63,0,16,.,3,3,.,.,.,.
2009,LTR,C,LTR_C,LTR_C_2009,LTR_C_2009,8,8,9,6,7.75,1.25831,16,0,.,86,86,0,16,.,38,38,.,.,.,.
2009,LTR,C,LTR_C,LTR_C_2009,LTR_C_2009,6,9,7,9,7.75,1.50000,63,16,.,38,63,38,16,.,3,38,.,.,.,.
2009,LTR,C,LTR_C,LTR_C_2009,LTR_C_2009,7,7,5,7,6.5,1.00000,86,0,.,38,38,3,3,.,3,38,.,.,.,.
2009,LTR,C,LTR_C,LTR_C_2009,LTR_C_2009,6,7,4,8,6.25,1.70783,0,86,.,16,16,16,0,.,38,0,.,.,.,.
2009,LTR,C,LTR_C,LTR_C_2009,LTR_C_2009,6,5,5,5,5.25,0.50000,16,63,.,16,38,16,16,.,63,3,.,.,.,.
2009,LTR,C,LTR_C,LTR_C_2009,LTR_C_2009,6,5,5,5,5.25,0.50000,0,86,.,38,3,3,0,.,38,16,.,.,.,.
2009,LTR,C,LTR_C,LTR_C_2009,LTR_C_2009,6,5,5,5,5.25,0.50000,86,16,.,16,38,0,0,.,38,38,.,.,.,.
2009,LTR,C,LTR_C,LTR_C_2009,LTR_C_2009,3,7,4,4,4.5,1.73205,63,0,.,38,16,16,0,.,0,63,.,.,.,.
2009,LTR,C,LTR_C,LTR_C_2009,LTR_C_2009,5,3,5,5,4.5,1.00000,63,3,.,63,63,16,0,.,16,38,.,.,.,.
2009,LTR,C,LTR_C,LTR_C_2009,LTR_C_2009,5,5,4,3,4.25,0.95743,38,16,.,38,16,3,38,.,0,16,.,.,.,.
2009,LTR,C,LTR_C,LTR_C_2009,LTR_C_2009,5,4,5,3,4.25,0.95743,0,3,.,63,63,0,0,.,38,3,.,.,.,.
2009,LTR,C,LTR_C,LTR_C_2009,LTR_C_2009,4,3,3,5,3.75,0.95743,63,3,.,38,38,3,0,.,0,16,.,.,.,.
2009,LTR,C,LTR_C,LTR_C_2009,LTR_C_2009,4,4,3,3,3.5,0.57735,86,0,.,16,38,16,0,.,38,16,.,.,.,.
2009,LTR,C,LTR_C,LTR_C_2009,LTR_C_2009,3,5,4,2,3.5,1.29099,0,63,.,16,16,16,0,.,0,38,.,.,.,.
2009,LTR,C,LTR_C,LTR_C_2009,LTR_C_2009,3,3,3,4,3.25,0.50000,63,0,.,3,16,16,0,.,3,16,.,.,.,.
2009,LTR,C,LTR_C,LTR_C_2009,LTR_C_2009,3,4,3,3,3.25,0.50000,0,63,.,38,3,16,0,.,0,38,.,.,.,.
2009,LTR,C,LTR_C,LTR_C_2009,LTR_C_2009,3,3,3,4,3.25,0.50000,0,63,.,16,16,0,0,.,0,38,.,.,.,.
2009,LTR,C,LTR_C,LTR_C_2009,LTR_C_2009,3,3,3,3,3,0.00000,0,63,.,16,16,86,3,.,0,38,.,.,.,.
2009,LTR,C,LTR_C,LTR_C_2009,LTR_C_2009,2,3,4,3,3,0.81650,0,3,.,38,63,3,16,.,16,3,.,.,.,.
2009,LTR,C,LTR_C,LTR_C_2009,LTR_C_2009,3,4,2,2,2.75,0.95743,0,63,.,16,3,38,3,.,86,3,.,.,.,.
2009,LTR,C,LTR_C,LTR_C_2009,LTR_C_2009,2,3,2,4,2.75,0.95743,0,63,.,16,38,38,16,.,3,38,.,.,.,.
2009,LTR,C,LTR_C,LTR_C_2009,LTR_C_2009,3,3,2,3,2.75,0.50000,63,38,.,3,3,3,0,.,0,38,.,.,.,.
2009,LTR,C,LTR_C,LTR_C_2009,LTR_C_2009,1,3,1,5,2.5,1.91485,0,38,.,38,16,38,0,.,3,38,.,.,.,.
2009,LTR,C,LTR_C,LTR_C_2009,LTR_C_2009,3,3,1,2,2.25,0.95743,38,63,.,16,38,16,0,.,63,16,.,.,.,.
2009,LTR,C,LTR_C,LTR_C_2009,LTR_C_2009,2,2,2,3,2.25,0.50000,0,63,.,16,16,16,0,.,16,16,.,.,.,.
2009,LTR,C,LTR_C,LTR_C_2009,LTR_C_2009,2,2,3,2,2.25,0.50000,3,63,.,16,38,0,0,.,3,16,.,.,.,.
2009,LTR,C,LTR_C,LTR_C_2009,LTR_C_2009,2,2,1,3,2,0.81650,0,63,.,16,38,16,0,.,63,0,.,.,.,.
2009,LTR,C,LTR_C,LTR_C_2009,LTR_C_2009,2,2,2,2,2,0.00000,3,0,.,63,38,16,0,.,63,38,.,.,.,.
2009,LTR,C,LTR_C,LTR_C_2009,LTR_C_2009,2,2,2,2,2,0.00000,38,3,.,16,38,3,0,.,38,3,.,.,.,.
2009,LTR,E,LTR_E,LTR_E_2009,LTR_E_2009,8,5,7,9,7.25,1.70783,0,3,.,38,86,0,3,.,0,3,.,.,.,.
2009,LTR,E,LTR_E,LTR_E_2009,LTR_E_2009,6,7,4,6,5.75,1.25831,3,63,.,16,63,38,0,.,16,3,.,.,.,.
2009,LTR,E,LTR_E,LTR_E_2009,LTR_E_2009,6,4,5,7,5.5,1.29099,0,86,.,38,38,38,0,.,38,16,.,.,.,.
2009,LTR,E,LTR_E,LTR_E_2009,LTR_E_2009,5,5,4,7,5.25,1.25831,0,63,.,38,38,38,0,.,16,38,.,.,.,.
2009,LTR,E,LTR_E,LTR_E_2009,LTR_E_2009,8,6,3,4,5.25,2.21736,0,16,.,63,63,38,0,.,16,16,.,.,.,.
2009,LTR,E,LTR_E,LTR_E_2009,LTR_E_2009,6,4,5,5,5,0.81650,0,63,.,16,3,38,0,.,16,38,.,.,.,.
2009,LTR,E,LTR_E,LTR_E_2009,LTR_E_2009,5,6,4,4,4.75,0.95743,38,16,.,38,16,0,0,.,0,38,.,.,.,.
2009,LTR,E,LTR_E,LTR_E_2009,LTR_E_2009,2,11,4,2,4.75,4.27200,0,86,.,38,38,38,0,.,3,16,.,.,.,.
2009,LTR,E,LTR_E,LTR_E_2009,LTR_E_2009,5,3,4,7,4.75,1.70783,0,63,.,38,38,38,0,.,16,38,.,.,.,.
2009,LTR,E,LTR_E,LTR_E_2009,LTR_E_2009,5,4,3,4,4,0.81650,0,16,.,63,16,0,16,.,0,38,.,.,.,.
2009,LTR,E,LTR_E,LTR_E_2009,LTR_E_2009,5,2,4,3,3.5,1.29099,0,86,.,16,38,38,0,.,16,16,.,.,.,.
2009,LTR,E,LTR_E,LTR_E_2009,LTR_E_2009,3,5,4,2,3.5,1.29099,0,86,.,38,16,16,0,.,16,38,.,.,.,.
2009,LTR,E,LTR_E,LTR_E_2009,LTR_E_2009,4,2,3,4,3.25,0.95743,0,63,.,38,38,38,0,.,38,16,.,.,.,.
2009,LTR,E,LTR_E,LTR_E_2009,LTR_E_2009,4,2,4,3,3.25,0.95743,3,63,.,16,38,16,0,.,86,0,.,.,.,.
2009,LTR,E,LTR_E,LTR_E_2009,LTR_E_2009,3,3,3,3,3,0.00000,0,63,.,16,38,0,0,.,0,16,.,.,.,.
2009,LTR,E,LTR_E,LTR_E_2009,LTR_E_2009,3,3,3,3,3,0.00000,0,38,.,38,38,3,0,.,0,16,.,.,.,.
2009,LTR,E,LTR_E,LTR_E_2009,LTR_E_2009,2,4,2,4,3,1.15470,0,16,.,86,38,3,0,.,38,16,.,.,.,.
2009,LTR,E,LTR_E,LTR_E_2009,LTR_E_2009,3,2,3,3,2.75,0.50000,0,63,.,16,16,16,0,.,3,16,.,.,.,.
2009,LTR,E,LTR_E,LTR_E_2009,LTR_E_2009,3,3,3,2,2.75,0.50000,3,16,.,16,86,3,0,.,3,16,.,.,.,.
2009,LTR,E,LTR_E,LTR_E_2009,LTR_E_2009,3,2,3,3,2.75,0.50000,3,3,.,63,16,3,0,.,0,16,.,.,.,.
2009,LTR,E,LTR_E,LTR_E_2009,LTR_E_2009,2,3,2,3,2.5,0.57735,3,16,.,63,38,38,0,.,0,38,.,.,.,.
2009,LTR,E,LTR_E,LTR_E_2009,LTR_E_2009,2,3,3,2,2.5,0.57735,0,86,.,16,16,63,0,.,16,3,.,.,.,.
2009,LTR,E,LTR_E,LTR_E_2009,LTR_E_2009,5,2,1,1,2.25,1.89297,0,16,.,38,16,86,0,.,63,16,.,.,.,.
2009,LTR,E,LTR_E,LTR_E_2009,LTR_E_2009,3,2,2,2,2.25,0.50000,16,16,.,16,38,16,0,.,3,38,.,.,.,.
2009,LTR,E,LTR_E,LTR_E_2009,LTR_E_2009,2,2,2,2,2,0.00000,3,38,.,16,16,16,0,.,16,3,.,.,.,.
2009,LTR,E,LTR_E,LTR_E_2009,LTR_E_2009,2,2,2,2,2,0.00000,3,63,.,38,3,16,0,.,3,38,.,.,.,.
2009,LTR,E,LTR_E,LTR_E_2009,LTR_E_2009,2,2,3,1,2,0.81650,0,3,.,63,63,3,0,.,3,38,.,.,.,.
2009,LTR,E,LTR_E,LTR_E_2009,LTR_E_2009,3,1,2,1,1.75,0.95743,3,3,.,63,16,3,0,.,16,3,.,.,.,.
2009,LTR,E,LTR_E,LTR_E_2009,LTR_E_2009,2,2,1,2,1.75,0.50000,0,63,.,16,16,16,0,.,16,3,.,.,.,.
2009,LTR,E,LTR_E,LTR_E_2009,LTR_E_2009,1,2,2,1,1.5,0.57735,0,86,.,16,16,38,0,.,16,38,.,.,.,.
2009,LTR,W,LTR_W,LTR_W_2009,LTR_W_2009,7,9,7,5,7,1.63299,38,3,.,16,38,0,16,.,0,38,.,.,.,.
2009,LTR,W,LTR_W,LTR_W_2009,LTR_W_2009,6,6,8,4,6,1.63299,0,98,.,0,0,0,0,.,0,38,.,.,.,.
2009,LTR,W,LTR_W,LTR_W_2009,LTR_W_2009,7,5,6,5,5.75,0.95743,63,0,.,63,63,3,0,.,16,16,.,.,.,.
2009,LTR,W,LTR_W,LTR_W_2009,LTR_W_2009,6,6,5,5,5.5,0.57735,63,16,.,3,38,0,3,.,0,38,.,.,.,.
2009,LTR,W,LTR_W,LTR_W_2009,LTR_W_2009,5,5,6,6,5.5,0.57735,63,0,.,38,63,3,0,.,63,16,.,.,.,.
2009,LTR,W,LTR_W,LTR_W_2009,LTR_W_2009,5,6,6,4,5.25,0.95743,86,0,.,38,38,0,16,.,16,38,.,.,.,.
2009,LTR,W,LTR_W,LTR_W_2009,LTR_W_2009,8,3,4,5,5,2.16025,0,63,.,16,63,0,16,.,16,38,.,.,.,.
2009,LTR,W,LTR_W,LTR_W_2009,LTR_W_2009,4,6,4,4,4.5,1.00000,38,63,.,38,16,0,0,.,0,38,.,.,.,.
2009,LTR,W,LTR_W,LTR_W_2009,LTR_W_2009,3,5,5,4,4.25,0.95743,63,16,.,16,3,3,3,.,0,38,.,.,.,.
2009,LTR,W,LTR_W,LTR_W_2009,LTR_W_2009,5,4,4,4,4.25,0.50000,63,16,.,3,63,3,0,.,0,38,.,.,.,.
2009,LTR,W,LTR_W,LTR_W_2009,LTR_W_2009,5,4,5,3,4.25,0.95743,16,38,.,16,3,38,0,.,0,38,.,.,.,.
2009,LTR,W,LTR_W,LTR_W_2009,LTR_W_2009,5,5,4,3,4.25,0.95743,86,3,.,38,38,16,0,.,63,16,.,.,.,.
2009,LTR,W,LTR_W,LTR_W_2009,LTR_W_2009,3,5,5,3,4,1.15470,63,16,.,3,38,3,3,.,3,16,.,.,.,.
2009,LTR,W,LTR_W,LTR_W_2009,LTR_W_2009,4,5,4,3,4,0.81650,86,0,.,38,16,38,16,.,16,38,.,.,.,.
2009,LTR,W,LTR_W,LTR_W_2009,LTR_W_2009,4,4,3,4,3.75,0.50000,86,0,.,38,38,16,0,.,38,16,.,.,.,.
2009,LTR,W,LTR_W,LTR_W_2009,LTR_W_2009,4,4,3,4,3.75,0.50000,3,38,.,38,16,3,3,.,3,38,.,.,.,.
2009,LTR,W,LTR_W,LTR_W_2009,LTR_W_2009,3,3,4,4,3.5,0.57735,38,38,.,16,38,0,3,.,0,38,.,.,.,.
2009,LTR,W,LTR_W,LTR_W_2009,LTR_W_2009,3,3,3,5,3.5,1.00000,86,3,.,3,16,3,0,.,3,38,.,.,.,.
2009,LTR,W,LTR_W,LTR_W_2009,LTR_W_2009,4,4,3,3,3.5,0.57735,63,16,.,38,63,38,0,.,16,38,.,.,.,.
2009,LTR,W,LTR_W,LTR_W_2009,LTR_W_2009,3,4,3,4,3.5,0.57735,38,63,.,38,38,16,0,.,38,38,.,.,.,.
2009,LTR,W,LTR_W,LTR_W_2009,LTR_W_2009,4,3,4,3,3.5,0.57735,63,0,.,38,38,63,0,.,16,38,.,.,.,.
2009,LTR,W,LTR_W,LTR_W_2009,LTR_W_2009,4,3,3,3,3.25,0.50000,38,38,.,3,38,3,3,.,3,16,.,.,.,.
2009,LTR,W,LTR_W,LTR_W_2009,LTR_W_2009,3,3,3,3,3,0.00000,63,3,.,3,38,16,0,.,3,16,.,.,.,.
2009,LTR,W,LTR_W,LTR_W_2009,LTR_W_2009,3,3,3,3,3,0.00000,63,3,.,16,38,3,0,.,38,3,.,.,.,.
2009,LTR,W,LTR_W,LTR_W_2009,LTR_W_2009,3,3,3,3,3,0.00000,3,38,.,63,16,3,0,.,3,38,.,.,.,.
2009,LTR,W,LTR_W,LTR_W_2009,LTR_W_2009,3,3,3,2,2.75,0.50000,63,3,.,3,3,16,0,.,16,3,.,.,.,.
2009,LTR,W,LTR_W,LTR_W_2009,LTR_W_2009,3,3,2,3,2.75,0.50000,63,3,.,3,16,16,0,.,38,3,.,.,.,.
2009,LTR,W,LTR_W,LTR_W_2009,LTR_W_2009,4,2,2,2,2.5,1.00000,16,63,.,38,38,16,0,.,38,38,.,.,.,.
2009,LTR,W,LTR_W,LTR_W_2009,LTR_W_2009,2,3,2,2,2.25,0.50000,63,38,.,3,16,3,0,.,3,16,.,.,.,.
2009,LTR,W,LTR_W,LTR_W_2009,LTR_W_2009,2,2,2,2,2,0.00000,38,0,.,38,38,63,0,.,63,16,.,.,.,.
2009,PAW,E,PAW_E,PAW_E_2009,PAW_E_2009,8,9,8,10,8.75,0.95743,38,0,.,38,38,0,63,.,0,63,.,.,.,.
2009,PAW,E,PAW_E,PAW_E_2009,PAW_E_2009,8,11,7,8,8.5,1.73205,63,0,.,38,63,0,3,.,0,63,.,.,.,.
2009,PAW,E,PAW_E,PAW_E_2009,PAW_E_2009,9,7,6,11,8.25,2.21736,16,0,.,16,63,0,38,.,0,38,.,.,.,.
2009,PAW,E,PAW_E,PAW_E_2009,PAW_E_2009,9,7,8,8,8,0.81650,38,0,.,63,63,16,16,.,0,63,.,.,.,.
2009,PAW,E,PAW_E,PAW_E_2009,PAW_E_2009,7,8,9,8,8,0.81650,38,0,.,38,63,0,0,.,0,63,.,.,.,.
2009,PAW,E,PAW_E,PAW_E_2009,PAW_E_2009,8,8,7,9,8,0.81650,63,0,.,3,63,0,3,.,0,63,.,.,.,.
2009,PAW,E,PAW_E,PAW_E_2009,PAW_E_2009,8,8,8,7,7.75,0.50000,38,0,.,63,63,0,38,.,0,63,.,.,.,.
2009,PAW,E,PAW_E,PAW_E_2009,PAW_E_2009,6,9,8,6,7.25,1.50000,63,0,.,16,38,0,38,.,0,86,.,.,.,.
2009,PAW,E,PAW_E,PAW_E_2009,PAW_E_2009,9,5,9,5,7,2.30940,38,0,.,38,38,0,16,.,0,63,.,.,.,.
2009,PAW,E,PAW_E,PAW_E_2009,PAW_E_2009,6,7,6,9,7,1.41421,38,0,.,63,38,0,38,.,0,63,.,.,.,.
2009,PAW,E,PAW_E,PAW_E_2009,PAW_E_2009,7,8,7,6,7,0.81650,86,0,.,3,16,3,3,.,0,86,.,.,.,.
2009,PAW,E,PAW_E,PAW_E_2009,PAW_E_2009,8,6,7,6,6.75,0.95743,3,0,.,38,63,0,16,.,0,63,.,.,.,.
2009,PAW,E,PAW_E,PAW_E_2009,PAW_E_2009,5,8,8,6,6.75,1.50000,38,0,.,3,38,0,38,.,0,86,.,.,.,.
2009,PAW,E,PAW_E,PAW_E_2009,PAW_E_2009,6,7,7,6,6.5,0.57735,3,0,.,16,63,0,16,.,0,63,.,.,.,.
2009,PAW,E,PAW_E,PAW_E_2009,PAW_E_2009,6,8,6,6,6.5,1.00000,38,0,.,38,63,0,38,.,0,38,.,.,.,.
2009,PAW,E,PAW_E,PAW_E_2009,PAW_E_2009,5,7,7,7,6.5,1.00000,63,0,.,16,16,3,16,.,0,63,.,.,.,.
2009,PAW,E,PAW_E,PAW_E_2009,PAW_E_2009,7,6,6,6,6.25,0.50000,63,0,.,38,63,16,0,.,0,63,.,.,.,.
2009,PAW,E,PAW_E,PAW_E_2009,PAW_E_2009,6,7,5,7,6.25,0.95743,38,0,.,16,63,0,16,.,3,63,.,.,.,.
2009,PAW,E,PAW_E,PAW_E_2009,PAW_E_2009,7,5,6,7,6.25,0.95743,63,0,.,38,38,0,16,.,0,86,.,.,.,.
2009,PAW,E,PAW_E,PAW_E_2009,PAW_E_2009,6,7,6,6,6.25,0.50000,16,0,.,38,63,0,16,.,0,63,.,.,.,.
2009,PAW,E,PAW_E,PAW_E_2009,PAW_E_2009,7,7,6,5,6.25,0.95743,3,0,.,38,63,3,16,.,0,63,.,.,.,.
2009,PAW,E,PAW_E,PAW_E_2009,PAW_E_2009,6,4,8,6,6,1.63299,63,0,.,38,38,0,0,.,0,86,.,.,.,.
2009,PAW,E,PAW_E,PAW_E_2009,PAW_E_2009,6,5,6,7,6,0.81650,38,0,.,63,38,16,0,.,0,86,.,.,.,.
2009,PAW,E,PAW_E,PAW_E_2009,PAW_E_2009,6,6,5,5,5.5,0.57735,38,0,.,16,63,0,0,.,0,63,.,.,.,.
2009,PAW,E,PAW_E,PAW_E_2009,PAW_E_2009,6,5,6,5,5.5,0.57735,86,0,.,16,63,0,16,.,0,63,.,.,.,.
2009,PAW,E,PAW_E,PAW_E_2009,PAW_E_2009,6,5,5,6,5.5,0.57735,16,0,.,38,63,16,16,.,0,38,.,.,.,.
2009,PAW,E,PAW_E,PAW_E_2009,PAW_E_2009,6,5,5,6,5.5,0.57735,86,0,.,3,16,0,3,.,0,63,.,.,.,.
2009,PAW,E,PAW_E,PAW_E_2009,PAW_E_2009,7,4,4,6,5.25,1.50000,38,0,.,63,63,0,0,.,0,38,.,.,.,.
2009,PAW,E,PAW_E,PAW_E_2009,PAW_E_2009,5,5,4,3,4.25,0.95743,3,0,.,63,63,0,3,.,0,63,.,.,.,.
2009,PAW,E,PAW_E,PAW_E_2009,PAW_E_2009,5,4,4,3,4,0.81650,86,0,.,3,16,0,0,.,0,63,.,.,.,.
2009,PAW,S,PAW_S,PAW_S_2009,PAW_S_2009,14,11,12,10,11.75,1.70783,98,0,.,0,86,0,0,.,86,0,.,.,.,.
2009,PAW,S,PAW_S,PAW_S_2009,PAW_S_2009,11,9,11,11,10.5,1.00000,38,0,.,38,98,0,0,.,16,38,.,.,.,.
2009,PAW,S,PAW_S,PAW_S_2009,PAW_S_2009,9,11,10,10,10,0.81650,16,0,.,0,86,0,16,.,0,38,.,.,.,.
2009,PAW,S,PAW_S,PAW_S_2009,PAW_S_2009,9,10,9,9,9.25,0.50000,38,0,.,38,86,0,0,.,0,38,.,.,.,.
2009,PAW,S,PAW_S,PAW_S_2009,PAW_S_2009,10,7,8,10,8.75,1.50000,38,0,.,38,63,0,38,.,0,63,.,.,.,.
2009,PAW,S,PAW_S,PAW_S_2009,PAW_S_2009,10,8,9,7,8.5,1.29099,63,0,.,63,63,0,16,.,0,63,.,.,.,.
2009,PAW,S,PAW_S,PAW_S_2009,PAW_S_2009,8,9,9,7,8.25,0.95743,38,0,.,38,86,0,0,.,16,38,.,.,.,.
2009,PAW,S,PAW_S,PAW_S_2009,PAW_S_2009,9,8,7,8,8,0.81650,63,0,.,38,63,16,0,.,0,63,.,.,.,.
2009,PAW,S,PAW_S,PAW_S_2009,PAW_S_2009,7,7,8,8,7.5,0.57735,3,3,.,16,63,0,3,.,0,38,.,.,.,.
2009,PAW,S,PAW_S,PAW_S_2009,PAW_S_2009,6,9,8,7,7.5,1.29099,38,0,.,63,86,0,0,.,0,63,.,.,.,.
2009,PAW,S,PAW_S,PAW_S_2009,PAW_S_2009,7,8,7,7,7.25,0.50000,16,0,.,63,63,0,0,.,0,16,.,.,.,.
2009,PAW,S,PAW_S,PAW_S_2009,PAW_S_2009,7,8,6,8,7.25,0.95743,86,0,.,38,63,0,0,.,0,63,.,.,.,.
2009,PAW,S,PAW_S,PAW_S_2009,PAW_S_2009,7,6,6,8,6.75,0.95743,86,0,.,0,86,0,0,.,0,63,.,.,.,.
2009,PAW,S,PAW_S,PAW_S_2009,PAW_S_2009,7,6,6,6,6.25,0.50000,63,0,.,0,63,0,0,.,16,38,.,.,.,.
2009,PAW,S,PAW_S,PAW_S_2009,PAW_S_2009,6,6,6,6,6,0.00000,98,0,.,0,16,0,0,.,0,86,.,.,.,.
2009,PAW,S,PAW_S,PAW_S_2009,PAW_S_2009,4,7,7,6,6,1.41421,63,0,.,0,86,0,0,.,0,63,.,.,.,.
2009,PAW,S,PAW_S,PAW_S_2009,PAW_S_2009,5,6,7,6,6,0.81650,38,0,.,63,63,0,16,.,0,63,.,.,.,.
2009,PAW,S,PAW_S,PAW_S_2009,PAW_S_2009,4,7,7,6,6,1.41421,38,0,.,63,63,3,38,.,0,63,.,.,.,.
2009,PAW,S,PAW_S,PAW_S_2009,PAW_S_2009,6,5,5,6,5.5,0.57735,86,0,.,0,63,0,16,.,0,86,.,.,.,.
2009,PAW,S,PAW_S,PAW_S_2009,PAW_S_2009,7,6,6,3,5.5,1.73205,86,0,.,0,63,0,0,.,3,63,.,.,.,.
2009,PAW,S,PAW_S,PAW_S_2009,PAW_S_2009,5,5,6,5,5.25,0.50000,63,0,.,63,38,0,38,.,0,63,.,.,.,.
2009,PAW,S,PAW_S,PAW_S_2009,PAW_S_2009,5,5,5,5,5,0.00000,86,0,.,0,63,0,0,.,0,86,.,.,.,.
2009,PAW,S,PAW_S,PAW_S_2009,PAW_S_2009,5,4,5,6,5,0.81650,86,0,.,0,38,0,0,.,3,38,.,.,.,.
2009,PAW,S,PAW_S,PAW_S_2009,PAW_S_2009,5,5,6,4,5,0.81650,98,0,.,0,38,0,16,.,0,63,.,.,.,.
2009,PAW,S,PAW_S,PAW_S_2009,PAW_S_2009,6,4,4,6,5,1.15470,63,0,.,63,63,0,0,.,0,63,.,.,.,.
2009,PAW,S,PAW_S,PAW_S_2009,PAW_S_2009,4,4,4,6,4.5,1.00000,98,0,.,0,38,0,3,.,63,3,.,.,.,.
2009,PAW,S,PAW_S,PAW_S_2009,PAW_S_2009,3,6,4,5,4.5,1.29099,98,0,.,0,38,0,0,.,3,63,.,.,.,.
2009,PAW,S,PAW_S,PAW_S_2009,PAW_S_2009,3,7,4,3,4.25,1.89297,63,0,.,0,86,0,0,.,0,63,.,.,.,.
2009,PAW,S,PAW_S,PAW_S_2009,PAW_S_2009,3,5,5,4,4.25,0.95743,98,0,.,16,38,0,16,.,0,63,.,.,.,.
2009,PAW,S,PAW_S,PAW_S_2009,PAW_S_2009,5,2,3,4,3.5,1.29099,86,0,.,0,38,0,0,.,3,63,.,.,.,.
2009,PAW,W,PAW_W,PAW_W_2009,PAW_W_2009,9,8,11,8,9,1.41421,38,0,.,0,86,0,0,.,0,86,.,.,.,.
2009,PAW,W,PAW_W,PAW_W_2009,PAW_W_2009,9,9,10,8,9,0.81650,86,0,.,0,3,0,0,.,3,63,.,.,.,.
2009,PAW,W,PAW_W,PAW_W_2009,PAW_W_2009,7,9,7,8,7.75,0.95743,16,0,.,0,63,0,0,.,0,63,.,.,.,.
2009,PAW,W,PAW_W,PAW_W_2009,PAW_W_2009,9,7,8,7,7.75,0.95743,86,0,.,0,16,0,0,.,3,98,.,.,.,.
2009,PAW,W,PAW_W,PAW_W_2009,PAW_W_2009,6,6,11,7,7.5,2.38048,16,0,.,0,16,38,63,.,38,38,.,.,.,.
2009,PAW,W,PAW_W,PAW_W_2009,PAW_W_2009,8,7,9,6,7.5,1.29099,3,0,.,0,86,3,3,.,3,38,.,.,.,.
2009,PAW,W,PAW_W,PAW_W_2009,PAW_W_2009,6,8,8,6,7,1.15470,98,0,.,0,63,0,3,.,16,38,.,.,.,.
2009,PAW,W,PAW_W,PAW_W_2009,PAW_W_2009,7,7,8,6,7,0.81650,86,0,.,0,86,0,0,.,0,86,.,.,.,.
2009,PAW,W,PAW_W,PAW_W_2009,PAW_W_2009,7,4,6,9,6.5,2.08167,86,0,.,0,38,0,3,.,16,63,.,.,.,.
2009,PAW,W,PAW_W,PAW_W_2009,PAW_W_2009,8,6,6,6,6.5,1.00000,16,0,.,0,86,0,0,.,16,38,.,.,.,.
2009,PAW,W,PAW_W,PAW_W_2009,PAW_W_2009,6,6,6,8,6.5,1.00000,98,0,.,16,63,0,16,.,0,38,.,.,.,.
2009,PAW,W,PAW_W,PAW_W_2009,PAW_W_2009,6,6,6,8,6.5,1.00000,38,0,.,0,86,0,3,.,3,63,.,.,.,.
2009,PAW,W,PAW_W,PAW_W_2009,PAW_W_2009,6,7,6,7,6.5,0.57735,86,0,.,0,16,0,0,.,0,63,.,.,.,.
2009,PAW,W,PAW_W,PAW_W_2009,PAW_W_2009,6,4,6,9,6.25,2.06155,38,0,.,0,86,0,0,.,0,63,.,.,.,.
2009,PAW,W,PAW_W,PAW_W_2009,PAW_W_2009,7,6,6,6,6.25,0.50000,16,0,.,0,38,0,0,.,0,0,.,.,.,.
2009,PAW,W,PAW_W,PAW_W_2009,PAW_W_2009,6,6,6,6,6,0.00000,98,0,.,0,16,0,3,.,0,86,.,.,.,.
2009,PAW,W,PAW_W,PAW_W_2009,PAW_W_2009,5,7,6,6,6,0.81650,63,0,.,16,63,0,16,.,3,38,.,.,.,.
2009,PAW,W,PAW_W,PAW_W_2009,PAW_W_2009,5,6,6,6,5.75,0.50000,38,0,.,0,38,0,0,.,0,98,.,.,.,.
2009,PAW,W,PAW_W,PAW_W_2009,PAW_W_2009,2,7,6,6,5.25,2.21736,63,0,.,0,16,0,3,.,0,86,.,.,.,.
2009,PAW,W,PAW_W,PAW_W_2009,PAW_W_2009,6,5,4,6,5.25,0.95743,63,0,.,16,3,0,3,.,0,63,.,.,.,.
2009,PAW,W,PAW_W,PAW_W_2009,PAW_W_2009,5,5,6,4,5,0.81650,63,0,.,0,63,0,0,.,3,98,.,.,.,.
2009,PAW,W,PAW_W,PAW_W_2009,PAW_W_2009,5,4,4,6,4.75,0.95743,98,0,.,0,38,0,0,.,3,86,.,.,.,.
2009,PAW,W,PAW_W,PAW_W_2009,PAW_W_2009,5,5,4,5,4.75,0.50000,86,0,.,0,38,38,38,.,0,63,.,.,.,.
2009,PAW,W,PAW_W,PAW_W_2009,PAW_W_2009,4,4,6,4,4.5,1.00000,86,0,.,0,38,0,0,.,0,38,.,.,.,.
2009,PAW,W,PAW_W,PAW_W_2009,PAW_W_2009,4,6,4,4,4.5,1.00000,86,0,.,0,38,0,38,.,3,63,.,.,.,.
2009,PAW,W,PAW_W,PAW_W_2009,PAW_W_2009,5,5,4,4,4.5,0.57735,86,0,.,0,63,0,0,.,0,63,.,.,.,.
2009,PAW,W,PAW_W,PAW_W_2009,PAW_W_2009,5,3,3,3,3.5,1.00000,3,0,.,63,38,0,3,.,0,63,.,.,.,.
2009,PAW,W,PAW_W,PAW_W_2009,PAW_W_2009,2,4,3,3,3,0.81650,98,0,.,0,38,0,0,.,3,38,.,.,.,.
2009,PAW,W,PAW_W,PAW_W_2009,PAW_W_2009,2,2,2,2,2,0.00000,98,0,.,16,63,0,3,.,16,38,.,.,.,.
2009,PAW,W,PAW_W,PAW_W_2009,PAW_W_2009,2,2,2,2,2,0.00000,16,86,.,0,63,3,0,.,0,63,.,.,.,.
2009,PYN,N,PYN_N,PYN_N_2009,PYN_N_2009,10,8,10,9,9.25,0.95743,0,38,.,3,38,0,63,.,0,63,.,.,.,.
2009,PYN,N,PYN_N,PYN_N_2009,PYN_N_2009,6,10,9,7,8,1.82574,0,63,.,86,63,0,0,.,0,63,.,.,.,.
2009,PYN,N,PYN_N,PYN_N_2009,PYN_N_2009,5,5,6,11,6.75,2.87228,0,86,.,3,38,16,0,.,0,63,.,.,.,.
2009,PYN,N,PYN_N,PYN_N_2009,PYN_N_2009,7,6,5,6,6,0.81650,3,86,.,38,63,0,0,.,0,63,.,.,.,.
2009,PYN,N,PYN_N,PYN_N_2009,PYN_N_2009,5,5,7,6,5.75,0.95743,16,16,.,86,0,0,0,.,0,38,.,.,.,.
2009,PYN,N,PYN_N,PYN_N_2009,PYN_N_2009,7,4,6,5,5.5,1.29099,16,63,.,16,38,0,0,.,0,63,.,.,.,.
2009,PYN,N,PYN_N,PYN_N_2009,PYN_N_2009,5,5,4,6,5,0.81650,16,38,.,3,63,3,0,.,0,63,.,.,.,.
2009,PYN,N,PYN_N,PYN_N_2009,PYN_N_2009,4,4,5,6,4.75,0.95743,38,63,.,16,3,38,16,.,0,38,.,.,.,.
2009,PYN,N,PYN_N,PYN_N_2009,PYN_N_2009,5,4,5,5,4.75,0.50000,38,63,.,63,38,16,0,.,0,63,.,.,.,.
2009,PYN,N,PYN_N,PYN_N_2009,PYN_N_2009,6,5,5,3,4.75,1.25831,16,63,.,38,38,38,0,.,0,38,.,.,.,.
2009,PYN,N,PYN_N,PYN_N_2009,PYN_N_2009,5,5,3,5,4.5,1.00000,3,63,.,38,63,38,0,.,0,38,.,.,.,.
2009,PYN,N,PYN_N,PYN_N_2009,PYN_N_2009,5,3,6,4,4.5,1.29099,0,86,.,16,3,16,0,.,0,63,.,.,.,.
2009,PYN,N,PYN_N,PYN_N_2009,PYN_N_2009,6,4,4,4,4.5,1.00000,0,86,.,16,38,0,0,.,0,63,.,.,.,.
2009,PYN,N,PYN_N,PYN_N_2009,PYN_N_2009,4,4,5,4,4.25,0.50000,16,86,.,38,3,38,0,.,0,63,.,.,.,.
2009,PYN,N,PYN_N,PYN_N_2009,PYN_N_2009,4,4,3,6,4.25,1.25831,63,38,.,38,38,38,0,.,0,38,.,.,.,.
2009,PYN,N,PYN_N,PYN_N_2009,PYN_N_2009,3,5,3,5,4,1.15470,0,38,.,3,63,16,0,.,0,38,.,.,.,.
2009,PYN,N,PYN_N,PYN_N_2009,PYN_N_2009,4,3,5,3,3.75,0.95743,3,38,.,16,38,38,0,.,0,38,.,.,.,.
2009,PYN,N,PYN_N,PYN_N_2009,PYN_N_2009,3,5,5,2,3.75,1.50000,0,16,.,16,0,0,0,.,3,38,.,.,.,.
2009,PYN,N,PYN_N,PYN_N_2009,PYN_N_2009,3,4,4,3,3.5,0.57735,38,16,.,38,3,63,0,.,0,38,.,.,.,.
2009,PYN,N,PYN_N,PYN_N_2009,PYN_N_2009,3,3,3,3,3,0.00000,0,63,.,3,3,16,0,.,0,63,.,.,.,.
2009,PYN,N,PYN_N,PYN_N_2009,PYN_N_2009,3,2,3,3,2.75,0.50000,0,86,.,16,38,63,0,.,0,63,.,.,.,.
2009,PYN,N,PYN_N,PYN_N_2009,PYN_N_2009,2,3,2,3,2.5,0.57735,0,16,.,3,3,63,0,.,3,16,.,.,.,.
2009,PYN,N,PYN_N,PYN_N_2009,PYN_N_2009,3,2,2,3,2.5,0.57735,0,38,.,3,38,38,0,.,0,16,.,.,.,.
2009,PYN,N,PYN_N,PYN_N_2009,PYN_N_2009,3,2,2,3,2.5,0.57735,3,38,.,0,16,38,0,.,0,63,.,.,.,.
2009,PYN,N,PYN_N,PYN_N_2009,PYN_N_2009,2,3,2,3,2.5,0.57735,3,38,.,16,16,38,0,.,0,38,.,.,.,.
2009,PYN,N,PYN_N,PYN_N_2009,PYN_N_2009,2,3,3,2,2.5,0.57735,3,38,.,3,16,63,0,.,0,16,.,.,.,.
2009,PYN,N,PYN_N,PYN_N_2009,PYN_N_2009,3,2,2,3,2.5,0.57735,3,38,.,16,3,38,0,.,0,38,.,.,.,.
2009,PYN,N,PYN_N,PYN_N_2009,PYN_N_2009,3,2,3,2,2.5,0.57735,38,38,.,3,16,16,0,.,0,38,.,.,.,.
2009,PYN,N,PYN_N,PYN_N_2009,PYN_N_2009,2,2,2,2,2,0.00000,0,63,.,3,16,38,0,.,0,38,.,.,.,.
2009,PYN,N,PYN_N,PYN_N_2009,PYN_N_2009,2,2,2,2,2,0.00000,16,38,.,3,16,38,0,.,0,38,.,.,.,.
2009,PYN,S,PYN_S,PYN_S_2009,PYN_S_2009,6,3,3,1,3.25,2.06155,3,38,.,16,16,38,0,.,16,3,.,.,.,.
2009,PYN,S,PYN_S,PYN_S_2009,PYN_S_2009,3,3,2,3,2.75,0.50000,3,3,.,38,38,38,0,.,0,3,.,.,.,.
2009,PYN,S,PYN_S,PYN_S_2009,PYN_S_2009,1,3,2,3,2.25,0.95743,38,63,.,0,38,63,0,.,63,0,.,.,.,.
2009,PYN,S,PYN_S,PYN_S_2009,PYN_S_2009,1,4,3,1,2.25,1.50000,3,16,.,38,16,3,0,.,38,0,.,.,.,.
2009,PYN,S,PYN_S,PYN_S_2009,PYN_S_2009,2,2,2,2,2,0.00000,3,38,.,3,16,63,0,.,16,0,.,.,.,.
2009,PYN,S,PYN_S,PYN_S_2009,PYN_S_2009,2,1,2,2,1.75,0.50000,0,63,.,16,16,86,0,.,16,0,.,.,.,.
2009,PYN,S,PYN_S,PYN_S_2009,PYN_S_2009,1,1,2,2,1.5,0.57735,0,63,.,16,38,63,0,.,63,0,.,.,.,.
2009,PYN,S,PYN_S,PYN_S_2009,PYN_S_2009,1,1,3,1,1.5,1.00000,3,86,.,16,38,38,0,.,63,0,.,.,.,.
2009,PYN,S,PYN_S,PYN_S_2009,PYN_S_2009,1,2,1,2,1.5,0.57735,16,38,.,16,3,16,0,.,38,0,.,.,.,.
2009,PYN,S,PYN_S,PYN_S_2009,PYN_S_2009,1,2,1,2,1.5,0.57735,38,16,.,3,3,16,0,.,16,0,.,.,.,.
2009,PYN,S,PYN_S,PYN_S_2009,PYN_S_2009,1,1,1,2,1.25,0.50000,0,86,.,16,38,38,0,.,0,38,.,.,.,.
2009,PYN,S,PYN_S,PYN_S_2009,PYN_S_2009,1,1,1,2,1.25,0.50000,16,63,.,16,3,63,0,.,63,0,.,.,.,.
2009,PYN,S,PYN_S,PYN_S_2009,PYN_S_2009,1,1,2,1,1.25,0.50000,16,3,.,3,16,63,0,.,3,3,.,.,.,.
2009,PYN,S,PYN_S,PYN_S_2009,PYN_S_2009,1,1,1,2,1.25,0.50000,16,38,.,3,3,38,0,.,38,0,.,.,.,.
2009,PYN,S,PYN_S,PYN_S_2009,PYN_S_2009,2,1,1,1,1.25,0.50000,3,63,.,3,16,38,3,.,3,16,.,.,.,.
2009,PYN,S,PYN_S,PYN_S_2009,PYN_S_2009,1,1,1,1,1,0.00000,3,38,.,38,3,86,0,.,16,0,.,.,.,.
2009,PYN,S,PYN_S,PYN_S_2009,PYN_S_2009,1,1,1,1,1,0.00000,0,16,.,63,3,63,0,.,16,0,.,.,.,.
2009,PYN,S,PYN_S,PYN_S_2009,PYN_S_2009,1,1,1,1,1,0.00000,0,63,.,16,38,38,0,.,63,0,.,.,.,.
2009,PYN,S,PYN_S,PYN_S_2009,PYN_S_2009,1,1,1,1,1,0.00000,16,38,.,16,3,86,0,.,63,0,.,.,.,.
2009,PYN,S,PYN_S,PYN_S_2009,PYN_S_2009,1,1,1,1,1,0.00000,16,63,.,16,3,63,0,.,63,0,.,.,.,.
2009,PYN,S,PYN_S,PYN_S_2009,PYN_S_2009,1,1,1,1,1,0.00000,16,63,.,16,3,63,0,.,86,0,.,.,.,.
2009,PYN,S,PYN_S,PYN_S_2009,PYN_S_2009,1,1,1,1,1,0.00000,0,63,.,38,3,63,0,.,16,0,.,.,.,.
2009,PYN,S,PYN_S,PYN_S_2009,PYN_S_2009,1,1,1,1,1,0.00000,16,63,.,16,16,38,0,.,63,0,.,.,.,.
2009,PYN,S,PYN_S,PYN_S_2009,PYN_S_2009,1,1,1,1,1,0.00000,16,63,.,38,16,63,0,.,16,0,.,.,.,.
2009,PYN,S,PYN_S,PYN_S_2009,PYN_S_2009,1,1,1,1,1,0.00000,3,16,.,16,16,63,0,.,3,0,.,.,.,.
2009,PYN,S,PYN_S,PYN_S_2009,PYN_S_2009,1,1,1,1,1,0.00000,3,38,.,86,3,63,0,.,38,0,.,.,.,.
2009,PYN,S,PYN_S,PYN_S_2009,PYN_S_2009,1,1,1,1,1,0.00000,3,63,.,3,16,16,0,.,63,0,.,.,.,.
2009,PYN,S,PYN_S,PYN_S_2009,PYN_S_2009,1,1,1,1,1,0.00000,16,38,.,16,3,16,0,.,16,0,.,.,.,.
2009,PYN,S,PYN_S,PYN_S_2009,PYN_S_2009,1,1,1,1,1,0.00000,0,38,.,3,16,38,0,.,16,3,.,.,.,.
2009,PYN,S,PYN_S,PYN_S_2009,PYN_S_2009,1,1,1,1,1,0.00000,3,16,.,16,16,38,0,.,16,0,.,.,.,.
2009,PYN,W,PYN_W,PYN_W_2009,PYN_W_2009,5,4,5,5,4.75,0.50000,0,86,.,38,63,3,0,.,0,38,.,.,.,.
2009,PYN,W,PYN_W,PYN_W_2009,PYN_W_2009,4,5,5,5,4.75,0.50000,16,38,.,38,38,16,38,.,0,63,.,.,.,.
2009,PYN,W,PYN_W,PYN_W_2009,PYN_W_2009,5,5,5,4,4.75,0.50000,0,86,.,16,16,0,38,.,0,63,.,.,.,.
2009,PYN,W,PYN_W,PYN_W_2009,PYN_W_2009,5,4,5,5,4.75,0.50000,0,38,.,16,38,3,16,.,0,38,.,.,.,.
2009,PYN,W,PYN_W,PYN_W_2009,PYN_W_2009,4,3,4,4,3.75,0.50000,3,38,.,86,16,38,0,.,0,38,.,.,.,.
2009,PYN,W,PYN_W,PYN_W_2009,PYN_W_2009,4,4,3,3,3.5,0.57735,16,38,.,86,38,3,0,.,0,63,.,.,.,.
2009,PYN,W,PYN_W,PYN_W_2009,PYN_W_2009,3,3,4,4,3.5,0.57735,16,16,.,38,16,38,0,.,0,38,.,.,.,.
2009,PYN,W,PYN_W,PYN_W_2009,PYN_W_2009,4,3,2,5,3.5,1.29099,3,63,.,38,38,38,0,.,0,63,.,.,.,.
2009,PYN,W,PYN_W,PYN_W_2009,PYN_W_2009,3,3,2,5,3.25,1.25831,16,16,.,86,38,16,0,.,0,63,.,.,.,.
2009,PYN,W,PYN_W,PYN_W_2009,PYN_W_2009,3,3,4,3,3.25,0.50000,16,16,.,38,16,3,16,.,38,3,.,.,.,.
2009,PYN,W,PYN_W,PYN_W_2009,PYN_W_2009,3,3,3,4,3.25,0.50000,0,63,.,16,16,3,0,.,0,38,.,.,.,.
2009,PYN,W,PYN_W,PYN_W_2009,PYN_W_2009,2,4,2,4,3,1.15470,16,63,.,63,16,38,0,.,38,38,.,.,.,.
2009,PYN,W,PYN_W,PYN_W_2009,PYN_W_2009,3,3,3,3,3,0.00000,16,38,.,38,16,16,0,.,16,16,.,.,.,.
2009,PYN,W,PYN_W,PYN_W_2009,PYN_W_2009,4,3,3,2,3,0.81650,16,63,.,38,38,16,0,.,0,63,.,.,.,.
2009,PYN,W,PYN_W,PYN_W_2009,PYN_W_2009,4,1,3,4,3,1.41421,16,63,.,16,38,16,0,.,16,63,.,.,.,.
2009,PYN,W,PYN_W,PYN_W_2009,PYN_W_2009,3,3,3,3,3,0.00000,3,38,.,63,16,38,0,.,16,38,.,.,.,.
2009,PYN,W,PYN_W,PYN_W_2009,PYN_W_2009,4,2,3,3,3,0.81650,0,63,.,16,38,3,0,.,0,38,.,.,.,.
2009,PYN,W,PYN_W,PYN_W_2009,PYN_W_2009,3,3,3,2,2.75,0.50000,38,16,.,38,38,16,3,.,16,38,.,.,.,.
2009,PYN,W,PYN_W,PYN_W_2009,PYN_W_2009,3,3,2,3,2.75,0.50000,3,38,.,38,63,38,0,.,3,16,.,.,.,.
2009,PYN,W,PYN_W,PYN_W_2009,PYN_W_2009,2,3,2,3,2.5,0.57735,3,38,.,3,16,16,0,.,3,16,.,.,.,.
2009,PYN,W,PYN_W,PYN_W_2009,PYN_W_2009,3,1,3,2,2.25,0.95743,0,16,.,3,16,16,0,.,0,16,.,.,.,.
2009,PYN,W,PYN_W,PYN_W_2009,PYN_W_2009,2,3,2,2,2.25,0.50000,3,38,.,16,38,3,0,.,0,16,.,.,.,.
2009,PYN,W,PYN_W,PYN_W_2009,PYN_W_2009,2,2,2,3,2.25,0.50000,3,16,.,3,16,38,0,.,3,16,.,.,.,.
2009,PYN,W,PYN_W,PYN_W_2009,PYN_W_2009,2,2,2,2,2,0.00000,16,16,.,3,3,16,0,.,16,3,.,.,.,.
2009,PYN,W,PYN_W,PYN_W_2009,PYN_W_2009,2,2,2,2,2,0.00000,16,16,.,0,38,16,0,.,3,16,.,.,.,.
2009,PYN,W,PYN_W,PYN_W_2009,PYN_W_2009,2,2,2,2,2,0.00000,3,16,.,3,3,63,0,.,3,3,.,.,.,.
2009,PYN,W,PYN_W,PYN_W_2009,PYN_W_2009,2,2,2,2,2,0.00000,3,63,.,3,16,38,0,.,0,38,.,.,.,.
2009,PYN,W,PYN_W,PYN_W_2009,PYN_W_2009,1,1,1,2,1.25,0.50000,3,16,.,3,3,16,0,.,16,16,.,.,.,.
2009,PYN,W,PYN_W,PYN_W_2009,PYN_W_2009,1,1,1,1,1,0.00000,0,16,.,3,16,16,0,.,3,16,.,.,.,.
2009,PYN,W,PYN_W,PYN_W_2009,PYN_W_2009,1,1,1,1,1,0.00000,16,3,.,3,16,16,0,.,38,0,.,.,.,.
2009,PYS,N,PYS_N,PYS_N_2009,PYS_N_2009,7,6,5,7,6.25,0.95743,0,16,.,0,86,3,0,.,3,3,.,.,.,.
2009,PYS,N,PYS_N,PYS_N_2009,PYS_N_2009,6,3,5,4,4.5,1.29099,0,16,.,3,38,3,16,.,0,3,.,.,.,.
2009,PYS,N,PYS_N,PYS_N_2009,PYS_N_2009,3,3,3,3,3,0.00000,0,38,.,0,86,16,0,.,16,3,.,.,.,.
2009,PYS,N,PYS_N,PYS_N_2009,PYS_N_2009,3,2,2,3,2.5,0.57735,3,38,.,3,38,16,3,.,3,16,.,.,.,.
2009,PYS,N,PYS_N,PYS_N_2009,PYS_N_2009,2,2,2,3,2.25,0.50000,0,16,.,38,38,16,0,.,38,3,.,.,.,.
2009,PYS,N,PYS_N,PYS_N_2009,PYS_N_2009,2,3,2,2,2.25,0.50000,3,16,.,3,38,38,0,.,16,3,.,.,.,.
2009,PYS,N,PYS_N,PYS_N_2009,PYS_N_2009,2,2,1,3,2,0.81650,3,38,.,38,16,63,0,.,63,0,.,.,.,.
2009,PYS,N,PYS_N,PYS_N_2009,PYS_N_2009,2,2,2,2,2,0.00000,0,63,.,38,63,63,0,.,38,0,.,.,.,.
2009,PYS,N,PYS_N,PYS_N_2009,PYS_N_2009,1,2,2,3,2,0.81650,0,38,.,63,16,0,0,.,63,3,.,.,.,.
2009,PYS,N,PYS_N,PYS_N_2009,PYS_N_2009,2,2,2,2,2,0.00000,3,38,.,0,63,16,0,.,38,3,.,.,.,.
2009,PYS,N,PYS_N,PYS_N_2009,PYS_N_2009,2,2,2,2,2,0.00000,3,38,.,3,38,63,0,.,3,3,.,.,.,.
2009,PYS,N,PYS_N,PYS_N_2009,PYS_N_2009,2,2,2,2,2,0.00000,3,38,.,3,38,38,0,.,3,16,.,.,.,.
2009,PYS,N,PYS_N,PYS_N_2009,PYS_N_2009,2,2,2,2,2,0.00000,0,38,.,16,63,3,0,.,3,16,.,.,.,.
2009,PYS,N,PYS_N,PYS_N_2009,PYS_N_2009,2,2,2,2,2,0.00000,16,16,.,3,38,16,0,.,3,16,.,.,.,.
2009,PYS,N,PYS_N,PYS_N_2009,PYS_N_2009,2,2,1,2,1.75,0.50000,38,38,.,0,38,38,0,.,3,3,.,.,.,.
2009,PYS,N,PYS_N,PYS_N_2009,PYS_N_2009,2,2,1,1,1.5,0.57735,3,16,.,38,63,86,0,.,38,0,.,.,.,.
2009,PYS,N,PYS_N,PYS_N_2009,PYS_N_2009,2,1,2,1,1.5,0.57735,3,63,.,16,38,63,0,.,63,3,.,.,.,.
2009,PYS,N,PYS_N,PYS_N_2009,PYS_N_2009,1,2,2,1,1.5,0.57735,0,63,.,16,38,3,0,.,16,16,.,.,.,.
2009,PYS,N,PYS_N,PYS_N_2009,PYS_N_2009,1,1,1,2,1.25,0.50000,0,63,.,16,38,86,0,.,16,16,.,.,.,.
2009,PYS,N,PYS_N,PYS_N_2009,PYS_N_2009,1,2,1,1,1.25,0.50000,38,38,.,63,16,38,0,.,38,0,.,.,.,.
2009,PYS,N,PYS_N,PYS_N_2009,PYS_N_2009,2,1,1,1,1.25,0.50000,16,63,.,16,38,63,0,.,63,0,.,.,.,.
2009,PYS,N,PYS_N,PYS_N_2009,PYS_N_2009,1,1,2,1,1.25,0.50000,16,63,.,3,16,38,0,.,16,0,.,.,.,.
2009,PYS,N,PYS_N,PYS_N_2009,PYS_N_2009,1,2,1,1,1.25,0.50000,16,38,.,3,16,63,0,.,3,3,.,.,.,.
2009,PYS,N,PYS_N,PYS_N_2009,PYS_N_2009,1,1,1,1,1,0.00000,3,38,.,38,38,63,0,.,16,0,.,.,.,.
2009,PYS,N,PYS_N,PYS_N_2009,PYS_N_2009,1,1,1,1,1,0.00000,3,38,.,38,16,86,0,.,16,0,.,.,.,.
2009,PYS,N,PYS_N,PYS_N_2009,PYS_N_2009,1,1,1,1,1,0.00000,16,16,.,63,3,16,0,.,38,0,.,.,.,.
2009,PYS,N,PYS_N,PYS_N_2009,PYS_N_2009,1,1,1,1,1,0.00000,3,16,.,63,16,63,0,.,38,0,.,.,.,.
2009,PYS,N,PYS_N,PYS_N_2009,PYS_N_2009,1,1,1,1,1,0.00000,16,16,.,16,38,38,0,.,86,3,.,.,.,.
2009,PYS,N,PYS_N,PYS_N_2009,PYS_N_2009,1,1,1,1,1,0.00000,16,63,.,16,16,63,0,.,38,0,.,.,.,.
2009,PYS,N,PYS_N,PYS_N_2009,PYS_N_2009,1,1,1,1,1,0.00000,3,16,.,38,16,38,0,.,86,0,.,.,.,.
2009,PYS,S,PYS_S,PYS_S_2009,PYS_S_2009,7,6,4,6,5.75,1.25831,0,38,.,63,63,3,3,.,0,63,.,.,.,.
2009,PYS,S,PYS_S,PYS_S_2009,PYS_S_2009,4,5,5,6,5,0.81650,0,63,.,38,38,38,0,.,16,16,.,.,.,.
2009,PYS,S,PYS_S,PYS_S_2009,PYS_S_2009,5,4,3,5,4.25,0.95743,16,38,.,63,63,63,0,.,16,0,.,.,.,.
2009,PYS,S,PYS_S,PYS_S_2009,PYS_S_2009,4,4,3,6,4.25,1.25831,0,86,.,16,16,16,0,.,16,16,.,.,.,.
2009,PYS,S,PYS_S,PYS_S_2009,PYS_S_2009,5,2,3,4,3.5,1.29099,3,63,.,16,16,38,0,.,0,63,.,.,.,.
2009,PYS,S,PYS_S,PYS_S_2009,PYS_S_2009,1,5,4,4,3.5,1.73205,3,38,.,38,38,16,0,.,63,0,.,.,.,.
2009,PYS,S,PYS_S,PYS_S_2009,PYS_S_2009,3,3,4,3,3.25,0.50000,16,38,.,63,63,16,0,.,16,0,.,.,.,.
2009,PYS,S,PYS_S,PYS_S_2009,PYS_S_2009,3,4,3,3,3.25,0.50000,0,63,.,38,63,16,0,.,0,63,.,.,.,.
2009,PYS,S,PYS_S,PYS_S_2009,PYS_S_2009,5,2,3,1,2.75,1.70783,0,16,.,16,38,16,0,.,3,3,.,.,.,.
2009,PYS,S,PYS_S,PYS_S_2009,PYS_S_2009,3,2,3,3,2.75,0.50000,63,38,.,38,63,63,0,.,16,0,.,.,.,.
2009,PYS,S,PYS_S,PYS_S_2009,PYS_S_2009,2,3,4,2,2.75,0.95743,3,16,.,63,63,63,0,.,16,3,.,.,.,.
2009,PYS,S,PYS_S,PYS_S_2009,PYS_S_2009,3,3,2,2,2.5,0.57735,0,63,.,16,63,38,0,.,38,3,.,.,.,.
2009,PYS,S,PYS_S,PYS_S_2009,PYS_S_2009,2,2,4,2,2.5,1.00000,16,38,.,38,63,38,0,.,38,0,.,.,.,.
2009,PYS,S,PYS_S,PYS_S_2009,PYS_S_2009,2,2,2,3,2.25,0.50000,3,16,.,3,38,16,3,.,16,3,.,.,.,.
2009,PYS,S,PYS_S,PYS_S_2009,PYS_S_2009,2,2,2,3,2.25,0.50000,16,63,.,16,63,63,0,.,38,3,.,.,.,.
2009,PYS,S,PYS_S,PYS_S_2009,PYS_S_2009,4,2,1,2,2.25,1.25831,16,38,.,3,16,63,0,.,86,0,.,.,.,.
2009,PYS,S,PYS_S,PYS_S_2009,PYS_S_2009,2,3,1,2,2,0.81650,3,38,.,3,16,38,0,.,3,3,.,.,.,.
2009,PYS,S,PYS_S,PYS_S_2009,PYS_S_2009,2,2,2,2,2,0.00000,16,16,.,3,16,38,0,.,38,3,.,.,.,.
2009,PYS,S,PYS_S,PYS_S_2009,PYS_S_2009,2,2,2,2,2,0.00000,16,38,.,3,63,38,0,.,38,0,.,.,.,.
2009,PYS,S,PYS_S,PYS_S_2009,PYS_S_2009,1,2,2,2,1.75,0.50000,3,16,.,16,38,16,0,.,38,0,.,.,.,.
2009,PYS,S,PYS_S,PYS_S_2009,PYS_S_2009,2,1,2,2,1.75,0.50000,0,38,.,3,16,38,0,.,16,3,.,.,.,.
2009,PYS,S,PYS_S,PYS_S_2009,PYS_S_2009,2,2,2,1,1.75,0.50000,0,38,.,16,3,38,0,.,16,3,.,.,.,.
2009,PYS,S,PYS_S,PYS_S_2009,PYS_S_2009,1,2,1,2,1.5,0.57735,16,16,.,38,86,38,0,.,38,0,.,.,.,.
2009,PYS,S,PYS_S,PYS_S_2009,PYS_S_2009,1,1,1,1,1,0.00000,0,38,.,16,16,38,0,.,16,3,.,.,.,.
2009,PYS,S,PYS_S,PYS_S_2009,PYS_S_2009,1,1,1,1,1,0.00000,3,16,.,3,3,38,3,.,16,3,.,.,.,.
2009,PYS,S,PYS_S,PYS_S_2009,PYS_S_2009,1,1,1,1,1,0.00000,3,16,.,3,16,16,0,.,63,3,.,.,.,.
2009,PYS,S,PYS_S,PYS_S_2009,PYS_S_2009,1,1,1,1,1,0.00000,0,38,.,16,3,63,1,.,16,3,.,.,.,.
2009,PYS,S,PYS_S,PYS_S_2009,PYS_S_2009,1,1,1,1,1,0.00000,3,16,.,3,16,38,0,.,3,3,.,.,.,.
2009,PYS,S,PYS_S,PYS_S_2009,PYS_S_2009,1,1,1,1,1,0.00000,0,16,.,3,16,38,0,.,38,0,.,.,.,.
2009,PYS,S,PYS_S,PYS_S_2009,PYS_S_2009,1,1,1,1,1,0.00000,3,16,.,16,3,63,0,.,16,3,.,.,.,.
2009,PYS,W,PYS_W,PYS_W_2009,PYS_W_2009,4,8,6,3,5.25,2.21736,16,63,.,16,16,63,0,.,0,63,.,.,.,.
2009,PYS,W,PYS_W,PYS_W_2009,PYS_W_2009,4,5,5,4,4.5,0.57735,3,63,.,63,16,16,0,.,0,63,.,.,.,.
2009,PYS,W,PYS_W,PYS_W_2009,PYS_W_2009,4,5,4,5,4.5,0.57735,0,86,.,16,0,16,0,.,0,86,.,.,.,.
2009,PYS,W,PYS_W,PYS_W_2009,PYS_W_2009,3,4,4,5,4,0.81650,0,86,.,16,16,38,0,.,0,63,.,.,.,.
2009,PYS,W,PYS_W,PYS_W_2009,PYS_W_2009,5,3,4,3,3.75,0.95743,16,63,.,38,38,63,0,.,0,63,.,.,.,.
2009,PYS,W,PYS_W,PYS_W_2009,PYS_W_2009,3,4,3,4,3.5,0.57735,0,63,.,38,16,38,16,.,0,38,.,.,.,.
2009,PYS,W,PYS_W,PYS_W_2009,PYS_W_2009,3,4,3,3,3.25,0.50000,3,16,.,3,38,16,0,.,0,38,.,.,.,.
2009,PYS,W,PYS_W,PYS_W_2009,PYS_W_2009,3,3,3,3,3,0.00000,3,16,.,3,16,16,0,.,0,63,.,.,.,.
2009,PYS,W,PYS_W,PYS_W_2009,PYS_W_2009,2,5,2,3,3,1.41421,38,3,.,3,16,38,0,.,3,16,.,.,.,.
2009,PYS,W,PYS_W,PYS_W_2009,PYS_W_2009,3,3,3,3,3,0.00000,16,16,.,3,63,38,0,.,0,16,.,.,.,.
2009,PYS,W,PYS_W,PYS_W_2009,PYS_W_2009,3,3,2,3,2.75,0.50000,0,63,.,3,16,16,0,.,0,16,.,.,.,.
2009,PYS,W,PYS_W,PYS_W_2009,PYS_W_2009,5,2,2,2,2.75,1.50000,0,16,.,38,63,63,0,.,38,3,.,.,.,.
2009,PYS,W,PYS_W,PYS_W_2009,PYS_W_2009,2,4,2,2,2.5,1.00000,3,16,.,16,38,38,0,.,38,3,.,.,.,.
2009,PYS,W,PYS_W,PYS_W_2009,PYS_W_2009,2,3,2,3,2.5,0.57735,3,63,.,3,16,16,0,.,0,38,.,.,.,.
2009,PYS,W,PYS_W,PYS_W_2009,PYS_W_2009,3,2,2,2,2.25,0.50000,3,16,.,3,38,3,0,.,0,38,.,.,.,.
2009,PYS,W,PYS_W,PYS_W_2009,PYS_W_2009,2,3,2,2,2.25,0.50000,16,63,.,38,16,63,0,.,0,63,.,.,.,.
2009,PYS,W,PYS_W,PYS_W_2009,PYS_W_2009,2,3,2,2,2.25,0.50000,0,38,.,63,16,63,0,.,3,16,.,.,.,.
2009,PYS,W,PYS_W,PYS_W_2009,PYS_W_2009,1,3,2,2,2,0.81650,16,38,.,16,16,63,0,.,63,3,.,.,.,.
2009,PYS,W,PYS_W,PYS_W_2009,PYS_W_2009,1,2,2,2,1.75,0.50000,3,16,.,3,38,16,0,.,3,38,.,.,.,.
2009,PYS,W,PYS_W,PYS_W_2009,PYS_W_2009,2,2,1,2,1.75,0.50000,0,16,.,3,63,63,0,.,3,3,.,.,.,.
2009,PYS,W,PYS_W,PYS_W_2009,PYS_W_2009,2,2,1,2,1.75,0.50000,3,16,.,3,63,38,0,.,16,3,.,.,.,.
2009,PYS,W,PYS_W,PYS_W_2009,PYS_W_2009,2,2,2,1,1.75,0.50000,16,16,.,0,38,16,0,.,0,38,.,.,.,.
2009,PYS,W,PYS_W,PYS_W_2009,PYS_W_2009,1,2,2,1,1.5,0.57735,0,38,.,16,38,63,0,.,16,3,.,.,.,.
2009,PYS,W,PYS_W,PYS_W_2009,PYS_W_2009,1,2,2,1,1.5,0.57735,16,16,.,3,16,16,0,.,38,3,.,.,.,.
2009,PYS,W,PYS_W,PYS_W_2009,PYS_W_2009,1,2,1,2,1.5,0.57735,16,38,.,16,16,63,0,.,63,3,.,.,.,.
2009,PYS,W,PYS_W,PYS_W_2009,PYS_W_2009,3,1,1,1,1.5,1.00000,16,16,.,3,16,63,0,.,86,3,.,.,.,.
2009,PYS,W,PYS_W,PYS_W_2009,PYS_W_2009,1,2,2,1,1.5,0.57735,16,63,.,3,38,38,0,.,86,3,.,.,.,.
2009,PYS,W,PYS_W,PYS_W_2009,PYS_W_2009,2,1,1,1,1.25,0.50000,3,38,.,16,3,16,3,.,38,3,.,.,.,.
2009,PYS,W,PYS_W,PYS_W_2009,PYS_W_2009,1,1,1,2,1.25,0.50000,3,63,.,0,16,38,0,.,16,3,.,.,.,.
2009,PYS,W,PYS_W,PYS_W_2009,PYS_W_2009,1,2,1,1,1.25,0.50000,16,16,.,38,63,38,0,.,63,0,.,.,.,.
2009,PYW,C,PYW_C,PYW_C_2009,PYW_C_2009,7,7,5,7,6.5,1.00000,3,86,.,38,16,0,38,.,16,16,.,.,.,.
2009,PYW,C,PYW_C,PYW_C_2009,PYW_C_2009,9,6,6,4,6.25,2.06155,3,63,.,38,38,0,63,.,3,16,.,.,.,.
2009,PYW,C,PYW_C,PYW_C_2009,PYW_C_2009,6,7,6,5,6,0.81650,16,86,.,16,38,0,0,.,0,38,.,.,.,.
2009,PYW,C,PYW_C,PYW_C_2009,PYW_C_2009,7,3,9,5,6,2.58199,0,16,.,3,86,16,0,.,3,16,.,.,.,.
2009,PYW,C,PYW_C,PYW_C_2009,PYW_C_2009,5,4,6,5,5,0.81650,16,38,.,38,86,38,0,.,3,0,.,.,.,.
2009,PYW,C,PYW_C,PYW_C_2009,PYW_C_2009,3,6,4,4,4.25,1.25831,63,63,.,16,38,3,0,.,63,3,.,.,.,.
2009,PYW,C,PYW_C,PYW_C_2009,PYW_C_2009,5,4,5,3,4.25,0.95743,38,38,.,38,63,38,0,.,3,3,.,.,.,.
2009,PYW,C,PYW_C,PYW_C_2009,PYW_C_2009,3,4,4,4,3.75,0.50000,16,38,.,63,63,3,3,.,16,3,.,.,.,.
2009,PYW,C,PYW_C,PYW_C_2009,PYW_C_2009,3,4,4,4,3.75,0.50000,16,38,.,63,63,3,3,.,16,3,.,.,.,.
2009,PYW,C,PYW_C,PYW_C_2009,PYW_C_2009,4,2,2,4,3,1.15470,63,16,.,38,16,38,0,.,38,0,.,.,.,.
2009,PYW,C,PYW_C,PYW_C_2009,PYW_C_2009,2,3,3,3,2.75,0.50000,0,38,.,3,38,3,16,.,16,16,.,.,.,.
2009,PYW,C,PYW_C,PYW_C_2009,PYW_C_2009,3,2,4,2,2.75,0.95743,63,16,.,16,63,38,0,.,38,0,.,.,.,.
2009,PYW,C,PYW_C,PYW_C_2009,PYW_C_2009,2,3,3,3,2.75,0.50000,63,16,.,38,38,38,0,.,63,0,.,.,.,.
2009,PYW,C,PYW_C,PYW_C_2009,PYW_C_2009,2,2,3,2,2.25,0.50000,16,38,.,3,38,16,0,.,16,3,.,.,.,.
2009,PYW,C,PYW_C,PYW_C_2009,PYW_C_2009,1,2,3,3,2.25,0.95743,0,38,.,16,3,86,0,.,0,38,.,.,.,.
2009,PYW,C,PYW_C,PYW_C_2009,PYW_C_2009,1,3,2,2,2,0.81650,16,16,.,63,16,16,16,.,16,16,.,.,.,.
2009,PYW,C,PYW_C,PYW_C_2009,PYW_C_2009,2,2,2,2,2,0.00000,3,16,.,3,38,38,0,.,38,3,.,.,.,.
2009,PYW,C,PYW_C,PYW_C_2009,PYW_C_2009,2,2,2,2,2,0.00000,16,38,.,3,38,16,0,.,16,16,.,.,.,.
2009,PYW,C,PYW_C,PYW_C_2009,PYW_C_2009,2,2,2,2,2,0.00000,16,38,.,3,38,16,0,.,16,3,.,.,.,.
2009,PYW,C,PYW_C,PYW_C_2009,PYW_C_2009,2,2,2,2,2,0.00000,3,16,.,3,63,3,0,.,38,3,.,.,.,.
2009,PYW,C,PYW_C,PYW_C_2009,PYW_C_2009,2,2,2,2,2,0.00000,16,16,.,3,38,38,0,.,3,3,.,.,.,.
2009,PYW,C,PYW_C,PYW_C_2009,PYW_C_2009,2,2,2,2,2,0.00000,0,63,.,3,3,3,0,.,3,16,.,.,.,.
2009,PYW,C,PYW_C,PYW_C_2009,PYW_C_2009,2,2,2,2,2,0.00000,3,38,.,3,63,16,0,.,38,3,.,.,.,.
2009,PYW,C,PYW_C,PYW_C_2009,PYW_C_2009,1,2,2,2,1.75,0.50000,16,16,.,3,63,16,0,.,63,0,.,.,.,.
2009,PYW,C,PYW_C,PYW_C_2009,PYW_C_2009,2,2,2,1,1.75,0.50000,16,16,.,3,38,3,3,.,63,0,.,.,.,.
2009,PYW,C,PYW_C,PYW_C_2009,PYW_C_2009,1,2,2,2,1.75,0.50000,3,38,.,16,16,38,0,.,86,3,.,.,.,.
2009,PYW,C,PYW_C,PYW_C_2009,PYW_C_2009,1,1,2,2,1.5,0.57735,3,38,.,3,38,38,0,.,38,3,.,.,.,.
2009,PYW,C,PYW_C,PYW_C_2009,PYW_C_2009,1,2,1,2,1.5,0.57735,3,38,.,3,38,16,0,.,63,0,.,.,.,.
2009,PYW,C,PYW_C,PYW_C_2009,PYW_C_2009,1,1,2,1,1.25,0.50000,16,16,.,3,38,3,0,.,86,0,.,.,.,.
2009,PYW,C,PYW_C,PYW_C_2009,PYW_C_2009,1,1,1,1,1,0.00000,3,16,.,38,3,63,0,.,38,0,.,.,.,.
2009,PYW,N,PYW_N,PYW_N_2009,PYW_N_2009,4,8,4,3,4.75,2.21736,3,63,.,16,63,3,0,.,0,16,.,.,.,.
2009,PYW,N,PYW_N,PYW_N_2009,PYW_N_2009,2,5,3,3,3.25,1.25831,0,38,.,16,38,3,16,.,16,16,.,.,.,.
2009,PYW,N,PYW_N,PYW_N_2009,PYW_N_2009,4,2,3,3,3,0.81650,16,38,.,3,16,3,0,.,0,16,.,.,.,.
2009,PYW,N,PYW_N,PYW_N_2009,PYW_N_2009,3,3,2,3,2.75,0.50000,0,38,.,3,63,3,0,.,3,3,.,.,.,.
2009,PYW,N,PYW_N,PYW_N_2009,PYW_N_2009,2,3,3,3,2.75,0.50000,0,38,.,3,38,16,0,.,16,16,.,.,.,.
2009,PYW,N,PYW_N,PYW_N_2009,PYW_N_2009,2,2,4,3,2.75,0.95743,0,16,.,3,38,16,0,.,0,16,.,.,.,.
2009,PYW,N,PYW_N,PYW_N_2009,PYW_N_2009,2,3,4,2,2.75,0.95743,0,63,.,3,16,3,0,.,3,16,.,.,.,.
2009,PYW,N,PYW_N,PYW_N_2009,PYW_N_2009,2,2,3,3,2.5,0.57735,0,63,.,3,16,3,3,.,3,16,.,.,.,.
2009,PYW,N,PYW_N,PYW_N_2009,PYW_N_2009,2,3,2,3,2.5,0.57735,3,38,.,16,16,16,0,.,0,38,.,.,.,.
2009,PYW,N,PYW_N,PYW_N_2009,PYW_N_2009,2,2,3,2,2.25,0.50000,3,38,.,3,38,3,0,.,38,3,.,.,.,.
2009,PYW,N,PYW_N,PYW_N_2009,PYW_N_2009,2,2,3,2,2.25,0.50000,0,16,.,3,63,3,0,.,63,0,.,.,.,.
2009,PYW,N,PYW_N,PYW_N_2009,PYW_N_2009,2,2,2,2,2,0.00000,3,38,.,3,63,16,0,.,16,3,.,.,.,.
2009,PYW,N,PYW_N,PYW_N_2009,PYW_N_2009,2,2,2,2,2,0.00000,3,38,.,3,38,16,0,.,3,16,.,.,.,.
2009,PYW,N,PYW_N,PYW_N_2009,PYW_N_2009,2,2,2,2,2,0.00000,3,63,.,3,16,16,3,.,16,16,.,.,.,.
2009,PYW,N,PYW_N,PYW_N_2009,PYW_N_2009,2,2,1,3,2,0.81650,3,63,.,3,16,16,3,.,3,16,.,.,.,.
2009,PYW,N,PYW_N,PYW_N_2009,PYW_N_2009,2,2,2,2,2,0.00000,0,63,.,0,3,38,0,.,3,38,.,.,.,.
2009,PYW,N,PYW_N,PYW_N_2009,PYW_N_2009,2,2,2,2,2,0.00000,3,38,.,1,3,38,0,.,38,3,.,.,.,.
2009,PYW,N,PYW_N,PYW_N_2009,PYW_N_2009,2,2,2,2,2,0.00000,3,38,.,3,16,16,3,.,3,3,.,.,.,.
2009,PYW,N,PYW_N,PYW_N_2009,PYW_N_2009,2,1,2,2,1.75,0.50000,0,38,.,3,16,16,0,.,38,0,.,.,.,.
2009,PYW,N,PYW_N,PYW_N_2009,PYW_N_2009,2,2,1,2,1.75,0.50000,0,38,.,3,38,38,0,.,38,0,.,.,.,.
2009,PYW,N,PYW_N,PYW_N_2009,PYW_N_2009,1,2,2,2,1.75,0.50000,3,16,.,3,16,38,0,.,16,3,.,.,.,.
2009,PYW,N,PYW_N,PYW_N_2009,PYW_N_2009,1,2,1,2,1.5,0.57735,0,63,.,3,3,16,0,.,16,3,.,.,.,.
2009,PYW,N,PYW_N,PYW_N_2009,PYW_N_2009,1,1,2,2,1.5,0.57735,0,63,.,3,16,16,0,.,16,16,.,.,.,.
2009,PYW,N,PYW_N,PYW_N_2009,PYW_N_2009,2,1,1,1,1.25,0.50000,3,38,.,3,16,16,0,.,63,3,.,.,.,.
2009,PYW,N,PYW_N,PYW_N_2009,PYW_N_2009,2,1,1,1,1.25,0.50000,3,38,.,3,16,16,0,.,63,0,.,.,.,.
2009,PYW,N,PYW_N,PYW_N_2009,PYW_N_2009,1,2,1,1,1.25,0.50000,3,63,.,3,3,63,0,.,3,16,.,.,.,.
2009,PYW,N,PYW_N,PYW_N_2009,PYW_N_2009,1,1,2,1,1.25,0.50000,3,38,.,3,3,63,0,.,16,3,.,.,.,.
2009,PYW,N,PYW_N,PYW_N_2009,PYW_N_2009,1,1,1,1,1,0.00000,3,38,.,3,16,38,0,.,63,3,.,.,.,.
2009,PYW,N,PYW_N,PYW_N_2009,PYW_N_2009,1,1,1,1,1,0.00000,16,38,.,3,16,38,0,.,16,3,.,.,.,.
2009,PYW,N,PYW_N,PYW_N_2009,PYW_N_2009,1,1,1,1,1,0.00000,3,16,.,3,3,38,0,.,86,0,.,.,.,.
2009,PYW,S,PYW_S,PYW_S_2009,PYW_S_2009,7,6,9,7,7.25,1.25831,0,86,.,38,16,0,0,.,0,63,.,.,.,.
2009,PYW,S,PYW_S,PYW_S_2009,PYW_S_2009,7,5,6,6,6,0.81650,38,38,.,16,63,16,0,.,0,63,.,.,.,.
2009,PYW,S,PYW_S,PYW_S_2009,PYW_S_2009,4,4,6,5,4.75,0.95743,0,63,.,38,63,3,0,.,0,38,.,.,.,.
2009,PYW,S,PYW_S,PYW_S_2009,PYW_S_2009,6,4,4,5,4.75,0.95743,16,38,.,38,38,63,0,.,3,16,.,.,.,.
2009,PYW,S,PYW_S,PYW_S_2009,PYW_S_2009,5,4,5,4,4.5,0.57735,0,38,.,16,16,3,16,.,0,38,.,.,.,.
2009,PYW,S,PYW_S,PYW_S_2009,PYW_S_2009,3,3,4,7,4.25,1.89297,38,63,.,16,3,16,3,.,0,38,.,.,.,.
2009,PYW,S,PYW_S,PYW_S_2009,PYW_S_2009,5,3,5,4,4.25,0.95743,38,38,.,38,63,38,0,.,3,38,.,.,.,.
2009,PYW,S,PYW_S,PYW_S_2009,PYW_S_2009,4,4,5,4,4.25,0.50000,3,63,.,3,16,3,3,.,0,63,.,.,.,.
2009,PYW,S,PYW_S,PYW_S_2009,PYW_S_2009,4,3,4,5,4,0.81650,16,16,.,38,63,38,0,.,3,38,.,.,.,.
2009,PYW,S,PYW_S,PYW_S_2009,PYW_S_2009,5,4,4,3,4,0.81650,16,86,.,16,16,3,0,.,0,38,.,.,.,.
2009,PYW,S,PYW_S,PYW_S_2009,PYW_S_2009,3,4,4,4,3.75,0.50000,3,16,.,86,63,16,0,.,38,0,.,.,.,.
2009,PYW,S,PYW_S,PYW_S_2009,PYW_S_2009,5,3,4,3,3.75,0.95743,0,63,.,16,38,3,0,.,0,63,.,.,.,.
2009,PYW,S,PYW_S,PYW_S_2009,PYW_S_2009,4,4,3,4,3.75,0.50000,16,63,.,38,38,16,0,.,0,38,.,.,.,.
2009,PYW,S,PYW_S,PYW_S_2009,PYW_S_2009,3,4,4,3,3.5,0.57735,63,3,.,16,16,16,0,.,86,0,.,.,.,.
2009,PYW,S,PYW_S,PYW_S_2009,PYW_S_2009,3,3,4,4,3.5,0.57735,63,38,.,38,16,16,0,.,63,0,.,.,.,.
2009,PYW,S,PYW_S,PYW_S_2009,PYW_S_2009,3,3,3,4,3.25,0.50000,16,38,.,3,16,3,0,.,0,63,.,.,.,.
2009,PYW,S,PYW_S,PYW_S_2009,PYW_S_2009,3,4,3,3,3.25,0.50000,16,38,.,38,16,63,0,.,16,3,.,.,.,.
2009,PYW,S,PYW_S,PYW_S_2009,PYW_S_2009,3,3,3,3,3,0.00000,3,38,.,16,63,16,3,.,3,16,.,.,.,.
2009,PYW,S,PYW_S,PYW_S_2009,PYW_S_2009,3,3,3,3,3,0.00000,16,38,.,38,16,38,0,.,3,38,.,.,.,.
2009,PYW,S,PYW_S,PYW_S_2009,PYW_S_2009,2,2,2,5,2.75,1.50000,3,38,.,3,38,16,0,.,16,3,.,.,.,.
2009,PYW,S,PYW_S,PYW_S_2009,PYW_S_2009,3,3,3,2,2.75,0.50000,3,16,.,38,63,38,0,.,63,0,.,.,.,.
2009,PYW,S,PYW_S,PYW_S_2009,PYW_S_2009,4,2,2,2,2.5,1.00000,38,38,.,3,16,38,0,.,3,38,.,.,.,.
2009,PYW,S,PYW_S,PYW_S_2009,PYW_S_2009,3,2,2,2,2.25,0.50000,38,16,.,3,16,3,0,.,3,38,.,.,.,.
2009,PYW,S,PYW_S,PYW_S_2009,PYW_S_2009,2,3,2,2,2.25,0.50000,3,38,.,3,38,38,0,.,3,16,.,.,.,.
2009,PYW,S,PYW_S,PYW_S_2009,PYW_S_2009,2,2,3,2,2.25,0.50000,16,38,.,3,16,38,0,.,0,16,.,.,.,.
2009,PYW,S,PYW_S,PYW_S_2009,PYW_S_2009,2,2,2,3,2.25,0.50000,3,38,.,3,63,16,0,.,0,38,.,.,.,.
2009,PYW,S,PYW_S,PYW_S_2009,PYW_S_2009,2,2,2,2,2,0.00000,3,38,.,16,38,16,0,.,16,3,.,.,.,.
2009,PYW,S,PYW_S,PYW_S_2009,PYW_S_2009,2,2,2,2,2,0.00000,38,16,.,16,16,16,0,.,38,3,.,.,.,.
2009,PYW,S,PYW_S,PYW_S_2009,PYW_S_2009,1,2,1,2,1.5,0.57735,16,63,.,16,16,38,0,.,86,0,.,.,.,.
2009,PYW,S,PYW_S,PYW_S_2009,PYW_S_2009,2,1,1,1,1.25,0.50000,16,38,.,3,38,16,0,.,63,3,.,.,.,.
2009,RCH2007,N,RCH2007_N,RCH2007_N_2009,RCH2007_N_2009,11,9,9,10,9.75,0.95743,0,3,.,63,38,0,16,.,0,38,.,.,.,.
2009,RCH2007,N,RCH2007_N,RCH2007_N_2009,RCH2007_N_2009,9,10,10,9,9.5,0.57735,0,0,.,38,86,0,0,.,0,16,.,.,.,.
2009,RCH2007,N,RCH2007_N,RCH2007_N_2009,RCH2007_N_2009,7,8,9,7,7.75,0.95743,0,38,.,86,0,0,0,.,0,16,.,.,.,.
2009,RCH2007,N,RCH2007_N,RCH2007_N_2009,RCH2007_N_2009,8,7,8,8,7.75,0.50000,0,16,.,98,0,0,16,.,0,16,.,.,.,.
2009,RCH2007,N,RCH2007_N,RCH2007_N_2009,RCH2007_N_2009,9,8,9,4,7.5,2.38048,0,16,.,86,3,0,3,.,0,63,.,.,.,.
2009,RCH2007,N,RCH2007_N,RCH2007_N_2009,RCH2007_N_2009,7,9,7,7,7.5,1.00000,0,0,.,98,16,0,16,.,0,16,.,.,.,.
2009,RCH2007,N,RCH2007_N,RCH2007_N_2009,RCH2007_N_2009,7,8,7,8,7.5,0.57735,0,38,.,86,16,0,0,.,0,16,.,.,.,.
2009,RCH2007,N,RCH2007_N,RCH2007_N_2009,RCH2007_N_2009,5,11,6,7,7.25,2.62996,0,38,.,86,0,0,16,.,0,16,.,.,.,.
2009,RCH2007,N,RCH2007_N,RCH2007_N_2009,RCH2007_N_2009,7,7,7,7,7,0.00000,0,3,.,86,3,0,0,.,0,63,.,.,.,.
2009,RCH2007,N,RCH2007_N,RCH2007_N_2009,RCH2007_N_2009,7,6,7,8,7,0.81650,0,16,.,86,16,0,0,.,0,16,.,.,.,.
2009,RCH2007,N,RCH2007_N,RCH2007_N_2009,RCH2007_N_2009,8,7,7,6,7,0.81650,0,38,.,86,0,0,0,.,0,16,.,.,.,.
2009,RCH2007,N,RCH2007_N,RCH2007_N_2009,RCH2007_N_2009,9,7,5,5,6.5,1.91485,0,16,.,63,38,0,0,.,0,63,.,.,.,.
2009,RCH2007,N,RCH2007_N,RCH2007_N_2009,RCH2007_N_2009,7,6,6,6,6.25,0.50000,0,16,.,86,3,0,0,.,0,63,.,.,.,.
2009,RCH2007,N,RCH2007_N,RCH2007_N_2009,RCH2007_N_2009,6,7,6,6,6.25,0.50000,0,16,.,63,16,0,0,.,0,86,.,.,.,.
2009,RCH2007,N,RCH2007_N,RCH2007_N_2009,RCH2007_N_2009,6,6,6,6,6,0.00000,0,3,.,86,38,0,0,.,0,63,.,.,.,.
2009,RCH2007,N,RCH2007_N,RCH2007_N_2009,RCH2007_N_2009,6,6,6,6,6,0.00000,0,0,.,98,0,0,0,.,0,16,.,.,.,.
2009,RCH2007,N,RCH2007_N,RCH2007_N_2009,RCH2007_N_2009,10,5,4,5,6,2.70801,0,38,.,86,3,0,0,.,0,16,.,.,.,.
2009,RCH2007,N,RCH2007_N,RCH2007_N_2009,RCH2007_N_2009,6,6,6,5,5.75,0.50000,0,63,.,63,0,0,0,.,0,16,.,.,.,.
2009,RCH2007,N,RCH2007_N,RCH2007_N_2009,RCH2007_N_2009,6,6,5,6,5.75,0.50000,0,38,.,86,3,0,0,.,0,38,.,.,.,.
2009,RCH2007,N,RCH2007_N,RCH2007_N_2009,RCH2007_N_2009,5,5,5,7,5.5,1.00000,0,38,.,86,16,0,0,.,0,63,.,.,.,.
2009,RCH2007,N,RCH2007_N,RCH2007_N_2009,RCH2007_N_2009,10,4,4,4,5.5,3.00000,0,38,.,63,3,0,0,.,0,63,.,.,.,.
2009,RCH2007,N,RCH2007_N,RCH2007_N_2009,RCH2007_N_2009,6,5,5,5,5.25,0.50000,0,38,.,38,3,0,0,.,3,63,.,.,.,.
2009,RCH2007,N,RCH2007_N,RCH2007_N_2009,RCH2007_N_2009,5,5,5,5,5,0.00000,0,16,.,86,3,0,0,.,0,63,.,.,.,.
2009,RCH2007,N,RCH2007_N,RCH2007_N_2009,RCH2007_N_2009,5,6,6,3,5,1.41421,0,38,.,38,63,0,0,.,0,63,.,.,.,.
2009,RCH2007,N,RCH2007_N,RCH2007_N_2009,RCH2007_N_2009,5,4,5,5,4.75,0.50000,0,38,.,86,16,0,0,.,0,16,.,.,.,.
2009,RCH2007,N,RCH2007_N,RCH2007_N_2009,RCH2007_N_2009,5,4,4,5,4.5,0.57735,0,16,.,86,3,3,0,.,0,63,.,.,.,.
2009,RCH2007,N,RCH2007_N,RCH2007_N_2009,RCH2007_N_2009,4,5,4,5,4.5,0.57735,0,38,.,63,3,0,0,.,0,63,.,.,.,.
2009,RCH2007,N,RCH2007_N,RCH2007_N_2009,RCH2007_N_2009,4,5,5,4,4.5,0.57735,0,63,.,38,38,0,0,.,0,38,.,.,.,.
2009,RCH2007,N,RCH2007_N,RCH2007_N_2009,RCH2007_N_2009,4,5,4,4,4.25,0.50000,0,38,.,63,16,0,0,.,0,63,.,.,.,.
2009,RCH2007,N,RCH2007_N,RCH2007_N_2009,RCH2007_N_2009,5,2,3,3,3.25,1.25831,0,86,.,3,16,3,0,.,0,38,.,.,.,.
2009,RCH2007,S,RCH2007_S,RCH2007_S_2009,RCH2007_S_2009,9,9,8,20,11.5,5.68624,0,38,.,86,0,0,38,.,0,16,.,.,.,.
2009,RCH2007,S,RCH2007_S,RCH2007_S_2009,RCH2007_S_2009,7,8,6,7,7,0.81650,0,0,.,98,0,0,0,.,0,16,.,.,.,.
2009,RCH2007,S,RCH2007_S,RCH2007_S_2009,RCH2007_S_2009,7,7,7,7,7,0.00000,0,0,.,86,63,0,0,.,0,16,.,.,.,.
2009,RCH2007,S,RCH2007_S,RCH2007_S_2009,RCH2007_S_2009,8,5,7,7,6.75,1.25831,0,0,.,98,0,0,0,.,0,16,.,.,.,.
2009,RCH2007,S,RCH2007_S,RCH2007_S_2009,RCH2007_S_2009,5,7,7,5,6,1.15470,0,3,.,98,3,0,3,.,0,38,.,.,.,.
2009,RCH2007,S,RCH2007_S,RCH2007_S_2009,RCH2007_S_2009,6,6,6,6,6,0.00000,0,63,.,63,0,0,0,.,0,16,.,.,.,.
2009,RCH2007,S,RCH2007_S,RCH2007_S_2009,RCH2007_S_2009,6,6,6,5,5.75,0.50000,0,63,.,38,3,0,0,.,0,63,.,.,.,.
2009,RCH2007,S,RCH2007_S,RCH2007_S_2009,RCH2007_S_2009,4,7,6,6,5.75,1.25831,0,63,.,16,38,0,16,.,0,38,.,.,.,.
2009,RCH2007,S,RCH2007_S,RCH2007_S_2009,RCH2007_S_2009,6,5,6,5,5.5,0.57735,0,3,.,86,16,0,0,.,0,63,.,.,.,.
2009,RCH2007,S,RCH2007_S,RCH2007_S_2009,RCH2007_S_2009,6,5,6,5,5.5,0.57735,0,86,.,0,16,0,0,.,0,63,.,.,.,.
2009,RCH2007,S,RCH2007_S,RCH2007_S_2009,RCH2007_S_2009,3,5,7,7,5.5,1.91485,0,63,.,63,16,0,38,.,0,16,.,.,.,.
2009,RCH2007,S,RCH2007_S,RCH2007_S_2009,RCH2007_S_2009,5,5,5,7,5.5,1.00000,0,86,.,0,38,0,0,.,0,16,.,.,.,.
2009,RCH2007,S,RCH2007_S,RCH2007_S_2009,RCH2007_S_2009,5,6,5,6,5.5,0.57735,0,63,.,63,16,0,38,.,0,16,.,.,.,.
2009,RCH2007,S,RCH2007_S,RCH2007_S_2009,RCH2007_S_2009,7,5,5,5,5.5,1.00000,0,63,.,38,63,0,0,.,0,16,.,.,.,.
2009,RCH2007,S,RCH2007_S,RCH2007_S_2009,RCH2007_S_2009,5,6,6,5,5.5,0.57735,0,86,.,0,38,0,0,.,0,16,.,.,.,.
2009,RCH2007,S,RCH2007_S,RCH2007_S_2009,RCH2007_S_2009,5,5,5,5,5,0.00000,0,98,.,0,0,0,0,.,0,16,.,.,.,.
2009,RCH2007,S,RCH2007_S,RCH2007_S_2009,RCH2007_S_2009,5,4,5,5,4.75,0.50000,0,86,.,16,0,0,0,.,0,16,.,.,.,.
2009,RCH2007,S,RCH2007_S,RCH2007_S_2009,RCH2007_S_2009,5,5,4,5,4.75,0.50000,3,63,.,38,3,0,0,.,0,63,.,.,.,.
2009,RCH2007,S,RCH2007_S,RCH2007_S_2009,RCH2007_S_2009,5,4,5,5,4.75,0.50000,0,16,.,86,0,0,0,.,0,38,.,.,.,.
2009,RCH2007,S,RCH2007_S,RCH2007_S_2009,RCH2007_S_2009,5,4,5,4,4.5,0.57735,0,63,.,38,16,0,0,.,0,63,.,.,.,.
2009,RCH2007,S,RCH2007_S,RCH2007_S_2009,RCH2007_S_2009,5,4,5,4,4.5,0.57735,0,63,.,38,38,16,0,.,0,16,.,.,.,.
2009,RCH2007,S,RCH2007_S,RCH2007_S_2009,RCH2007_S_2009,3,8,3,3,4.25,2.50000,0,63,.,3,38,3,0,.,0,38,.,.,.,.
2009,RCH2007,S,RCH2007_S,RCH2007_S_2009,RCH2007_S_2009,5,4,4,4,4.25,0.50000,0,86,.,3,16,0,0,.,0,38,.,.,.,.
2009,RCH2007,S,RCH2007_S,RCH2007_S_2009,RCH2007_S_2009,4,5,4,4,4.25,0.50000,0,86,.,3,38,0,0,.,0,63,.,.,.,.
2009,RCH2007,S,RCH2007_S,RCH2007_S_2009,RCH2007_S_2009,4,5,4,4,4.25,0.50000,0,16,.,86,16,0,0,.,0,16,.,.,.,.
2009,RCH2007,S,RCH2007_S,RCH2007_S_2009,RCH2007_S_2009,3,5,4,4,4,0.81650,0,38,.,38,63,3,0,.,0,38,.,.,.,.
2009,RCH2007,S,RCH2007_S,RCH2007_S_2009,RCH2007_S_2009,4,5,3,4,4,0.81650,0,86,.,3,16,0,0,.,0,38,.,.,.,.
2009,RCH2007,S,RCH2007_S,RCH2007_S_2009,RCH2007_S_2009,3,4,5,3,3.75,0.95743,3,63,.,16,3,0,16,.,0,38,.,.,.,.
2009,RCH2007,S,RCH2007_S,RCH2007_S_2009,RCH2007_S_2009,4,3,4,3,3.5,0.57735,0,63,.,16,38,0,0,.,0,38,.,.,.,.
2009,RCH2007,S,RCH2007_S,RCH2007_S_2009,RCH2007_S_2009,3,3,3,3,3,0.00000,38,63,.,3,38,0,0,.,0,38,.,.,.,.
2009,RCH2007,W,RCH2007_W,RCH2007_W_2009,RCH2007_W_2009,12,12,13,12,12.25,0.50000,0,38,.,16,86,0,16,.,0,38,.,.,.,.
2009,RCH2007,W,RCH2007_W,RCH2007_W_2009,RCH2007_W_2009,9,10,10,7,9,1.41421,0,86,.,16,63,0,16,.,0,3,.,.,.,.
2009,RCH2007,W,RCH2007_W,RCH2007_W_2009,RCH2007_W_2009,6,12,6,11,8.75,3.20156,0,63,.,38,38,0,0,.,0,63,.,.,.,.
2009,RCH2007,W,RCH2007_W,RCH2007_W_2009,RCH2007_W_2009,8,9,9,8,8.5,0.57735,0,0,.,98,0,0,0,.,0,16,.,.,.,.
2009,RCH2007,W,RCH2007_W,RCH2007_W_2009,RCH2007_W_2009,8,9,9,5,7.75,1.89297,0,86,.,16,38,0,16,.,0,16,.,.,.,.
2009,RCH2007,W,RCH2007_W,RCH2007_W_2009,RCH2007_W_2009,10,7,7,7,7.75,1.50000,0,86,.,16,38,0,16,.,0,16,.,.,.,.
2009,RCH2007,W,RCH2007_W,RCH2007_W_2009,RCH2007_W_2009,7,8,7,8,7.5,0.57735,0,38,.,63,16,0,16,.,0,63,.,.,.,.
2009,RCH2007,W,RCH2007_W,RCH2007_W_2009,RCH2007_W_2009,7,8,8,7,7.5,0.57735,0,0,.,98,0,0,0,.,0,16,.,.,.,.
2009,RCH2007,W,RCH2007_W,RCH2007_W_2009,RCH2007_W_2009,6,8,6,8,7,1.15470,0,38,.,38,38,0,0,.,0,63,.,.,.,.
2009,RCH2007,W,RCH2007_W,RCH2007_W_2009,RCH2007_W_2009,6,8,7,7,7,0.81650,16,63,.,3,63,0,3,.,0,63,.,.,.,.
2009,RCH2007,W,RCH2007_W,RCH2007_W_2009,RCH2007_W_2009,7,6,8,7,7,0.81650,0,0,.,98,16,0,0,.,0,16,.,.,.,.
2009,RCH2007,W,RCH2007_W,RCH2007_W_2009,RCH2007_W_2009,7,7,7,6,6.75,0.50000,0,38,.,63,16,3,0,.,0,63,.,.,.,.
2009,RCH2007,W,RCH2007_W,RCH2007_W_2009,RCH2007_W_2009,7,6,7,7,6.75,0.50000,0,3,.,86,3,0,3,.,0,63,.,.,.,.
2009,RCH2007,W,RCH2007_W,RCH2007_W_2009,RCH2007_W_2009,8,5,6,6,6.25,1.25831,0,16,.,86,0,0,16,.,0,16,.,.,.,.
2009,RCH2007,W,RCH2007_W,RCH2007_W_2009,RCH2007_W_2009,6,6,6,6,6,0.00000,0,0,.,86,16,0,16,.,0,38,.,.,.,.
2009,RCH2007,W,RCH2007_W,RCH2007_W_2009,RCH2007_W_2009,7,6,6,5,6,0.81650,0,63,.,38,63,0,0,.,0,16,.,.,.,.
2009,RCH2007,W,RCH2007_W,RCH2007_W_2009,RCH2007_W_2009,7,5,4,6,5.5,1.29099,0,86,.,16,38,0,0,.,0,16,.,.,.,.
2009,RCH2007,W,RCH2007_W,RCH2007_W_2009,RCH2007_W_2009,5,5,7,5,5.5,1.00000,0,38,.,63,63,0,0,.,0,3,.,.,.,.
2009,RCH2007,W,RCH2007_W,RCH2007_W_2009,RCH2007_W_2009,9,3,6,3,5.25,2.87228,0,86,.,3,38,0,0,.,0,63,.,.,.,.
2009,RCH2007,W,RCH2007_W,RCH2007_W_2009,RCH2007_W_2009,6,5,5,5,5.25,0.50000,0,16,.,63,16,0,0,.,0,63,.,.,.,.
2009,RCH2007,W,RCH2007_W,RCH2007_W_2009,RCH2007_W_2009,4,6,5,6,5.25,0.95743,0,63,.,38,38,0,0,.,0,16,.,.,.,.
2009,RCH2007,W,RCH2007_W,RCH2007_W_2009,RCH2007_W_2009,5,5,5,5,5,0.00000,0,63,.,38,38,3,0,.,0,38,.,.,.,.
2009,RCH2007,W,RCH2007_W,RCH2007_W_2009,RCH2007_W_2009,5,3,8,4,5,2.16025,0,63,.,38,38,0,0,.,0,16,.,.,.,.
2009,RCH2007,W,RCH2007_W,RCH2007_W_2009,RCH2007_W_2009,4,5,4,4,4.25,0.50000,0,63,.,38,16,3,0,.,0,63,.,.,.,.
2009,RCH2007,W,RCH2007_W,RCH2007_W_2009,RCH2007_W_2009,5,5,4,3,4.25,0.95743,0,38,.,63,3,0,0,.,0,63,.,.,.,.
2009,RCH2007,W,RCH2007_W,RCH2007_W_2009,RCH2007_W_2009,4,5,4,4,4.25,0.50000,0,63,.,38,16,0,0,.,0,16,.,.,.,.
2009,RCH2007,W,RCH2007_W,RCH2007_W_2009,RCH2007_W_2009,4,3,5,4,4,0.81650,16,38,.,16,3,38,0,.,0,63,.,.,.,.
2009,RCH2007,W,RCH2007_W,RCH2007_W_2009,RCH2007_W_2009,3,4,4,4,3.75,0.50000,0,98,.,0,38,0,0,.,0,63,.,.,.,.
2009,RCH2007,W,RCH2007_W,RCH2007_W_2009,RCH2007_W_2009,3,4,5,3,3.75,0.95743,0,86,.,16,16,0,0,.,0,16,.,.,.,.
2009,RCH2007,W,RCH2007_W,RCH2007_W_2009,RCH2007_W_2009,4,3,3,3,3.25,0.50000,38,63,.,0,38,3,0,.,0,63,.,.,.,.
2009,RIN,E,RIN_E,RIN_E_2009,RIN_E_2009,13,13,9,13,12,2.00000,0,0,.,63,63,16,0,.,16,16,.,.,.,.
2009,RIN,E,RIN_E,RIN_E_2009,RIN_E_2009,13,10,13,9,11.25,2.06155,3,0,.,3,63,16,38,.,38,0,.,.,.,.
2009,RIN,E,RIN_E,RIN_E_2009,RIN_E_2009,11,8,9,8,9,1.41421,86,0,.,0,63,16,0,.,63,0,.,.,.,.
2009,RIN,E,RIN_E,RIN_E_2009,RIN_E_2009,8,9,9,10,9,0.81650,16,0,.,63,63,16,0,.,38,0,.,.,.,.
2009,RIN,E,RIN_E,RIN_E_2009,RIN_E_2009,8,7,10,5,7.5,2.08167,63,0,.,16,63,3,0,.,63,0,.,.,.,.
2009,RIN,E,RIN_E,RIN_E_2009,RIN_E_2009,7,6,6,6,6.25,0.50000,63,0,.,63,16,0,0,.,38,0,.,.,.,.
2009,RIN,E,RIN_E,RIN_E_2009,RIN_E_2009,7,5,7,5,6,1.15470,38,0,.,86,63,16,0,.,63,0,.,.,.,.
2009,RIN,E,RIN_E,RIN_E_2009,RIN_E_2009,7,5,6,6,6,0.81650,63,0,.,3,16,3,3,.,38,3,.,.,.,.
2009,RIN,E,RIN_E,RIN_E_2009,RIN_E_2009,6,5,6,6,5.75,0.50000,63,0,.,0,16,16,0,.,63,16,.,.,.,.
2009,RIN,E,RIN_E,RIN_E_2009,RIN_E_2009,4,8,3,8,5.75,2.62996,16,0,.,63,63,16,0,.,38,3,.,.,.,.
2009,RIN,E,RIN_E,RIN_E_2009,RIN_E_2009,5,6,6,5,5.5,0.57735,63,0,.,63,38,0,0,.,63,0,.,.,.,.
2009,RIN,E,RIN_E,RIN_E_2009,RIN_E_2009,6,5,7,4,5.5,1.29099,63,0,.,38,38,0,0,.,86,0,.,.,.,.
2009,RIN,E,RIN_E,RIN_E_2009,RIN_E_2009,7,8,3,4,5.5,2.38048,0,0,.,86,16,38,0,.,3,38,.,.,.,.
2009,RIN,E,RIN_E,RIN_E_2009,RIN_E_2009,5,6,5,5,5.25,0.50000,63,0,.,38,38,0,16,.,63,0,.,.,.,.
2009,RIN,E,RIN_E,RIN_E_2009,RIN_E_2009,5,5,6,5,5.25,0.50000,63,0,.,0,38,0,0,.,86,3,.,.,.,.
2009,RIN,E,RIN_E,RIN_E_2009,RIN_E_2009,6,5,5,5,5.25,0.50000,63,0,.,16,63,0,16,.,38,0,.,.,.,.
2009,RIN,E,RIN_E,RIN_E_2009,RIN_E_2009,6,5,5,5,5.25,0.50000,63,0,.,38,16,3,0,.,86,0,.,.,.,.
2009,RIN,E,RIN_E,RIN_E_2009,RIN_E_2009,6,6,6,3,5.25,1.50000,63,0,.,16,38,0,0,.,38,3,.,.,.,.
2009,RIN,E,RIN_E,RIN_E_2009,RIN_E_2009,5,5,6,4,5,0.81650,86,0,.,38,38,0,0,.,63,0,.,.,.,.
2009,RIN,E,RIN_E,RIN_E_2009,RIN_E_2009,5,4,5,5,4.75,0.50000,86,0,.,3,16,0,0,.,63,0,.,.,.,.
2009,RIN,E,RIN_E,RIN_E_2009,RIN_E_2009,4,5,5,5,4.75,0.50000,63,0,.,63,16,0,3,.,38,16,.,.,.,.
2009,RIN,E,RIN_E,RIN_E_2009,RIN_E_2009,4,5,5,4,4.5,0.57735,38,0,.,38,38,3,0,.,63,0,.,.,.,.
2009,RIN,E,RIN_E,RIN_E_2009,RIN_E_2009,6,4,5,3,4.5,1.29099,63,0,.,16,38,0,0,.,16,3,.,.,.,.
2009,RIN,E,RIN_E,RIN_E_2009,RIN_E_2009,6,4,6,2,4.5,1.91485,63,0,.,0,16,0,3,.,63,0,.,.,.,.
2009,RIN,E,RIN_E,RIN_E_2009,RIN_E_2009,5,4,4,4,4.25,0.50000,38,0,.,63,63,0,0,.,63,0,.,.,.,.
2009,RIN,E,RIN_E,RIN_E_2009,RIN_E_2009,5,4,4,4,4.25,0.50000,38,0,.,16,16,3,3,.,38,0,.,.,.,.
2009,RIN,E,RIN_E,RIN_E_2009,RIN_E_2009,5,4,4,3,4,0.81650,63,0,.,0,38,0,0,.,63,0,.,.,.,.
2009,RIN,E,RIN_E,RIN_E_2009,RIN_E_2009,6,2,5,3,4,1.82574,16,0,.,38,16,63,0,.,3,16,.,.,.,.
2009,RIN,E,RIN_E,RIN_E_2009,RIN_E_2009,5,3,4,4,4,0.81650,3,0,.,38,63,0,3,.,38,3,.,.,.,.
2009,RIN,E,RIN_E,RIN_E_2009,RIN_E_2009,4,5,3,4,4,0.81650,63,0,.,3,63,0,0,.,16,16,.,.,.,.
2009,RIN,S,RIN_S,RIN_S_2009,RIN_S_2009,9,8,8,10,8.75,0.95743,86,0,.,16,63,16,0,.,63,0,.,.,.,.
2009,RIN,S,RIN_S,RIN_S_2009,RIN_S_2009,8,7,10,6,7.75,1.70783,86,0,.,0,63,16,0,.,63,0,.,.,.,.
2009,RIN,S,RIN_S,RIN_S_2009,RIN_S_2009,8,6,8,7,7.25,0.95743,38,0,.,38,63,16,0,.,86,0,.,.,.,.
2009,RIN,S,RIN_S,RIN_S_2009,RIN_S_2009,9,6,7,7,7.25,1.25831,38,0,.,38,38,3,0,.,86,0,.,.,.,.
2009,RIN,S,RIN_S,RIN_S_2009,RIN_S_2009,8,7,7,7,7.25,0.50000,63,0,.,0,38,38,0,.,38,0,.,.,.,.
2009,RIN,S,RIN_S,RIN_S_2009,RIN_S_2009,8,7,7,5,6.75,1.25831,38,0,.,38,63,63,0,.,63,0,.,.,.,.
2009,RIN,S,RIN_S,RIN_S_2009,RIN_S_2009,5,6,7,9,6.75,1.70783,63,0,.,3,38,38,0,.,63,0,.,.,.,.
2009,RIN,S,RIN_S,RIN_S_2009,RIN_S_2009,7,7,6,7,6.75,0.50000,16,0,.,38,63,16,0,.,16,0,.,.,.,.
2009,RIN,S,RIN_S,RIN_S_2009,RIN_S_2009,7,6,7,6,6.5,0.57735,86,0,.,38,38,3,0,.,63,3,.,.,.,.
2009,RIN,S,RIN_S,RIN_S_2009,RIN_S_2009,7,5,8,6,6.5,1.29099,38,0,.,38,63,38,0,.,63,0,.,.,.,.
2009,RIN,S,RIN_S,RIN_S_2009,RIN_S_2009,7,6,6,6,6.25,0.50000,86,0,.,38,16,3,0,.,63,0,.,.,.,.
2009,RIN,S,RIN_S,RIN_S_2009,RIN_S_2009,7,6,6,6,6.25,0.50000,86,0,.,38,16,0,0,.,63,0,.,.,.,.
2009,RIN,S,RIN_S,RIN_S_2009,RIN_S_2009,6,6,6,7,6.25,0.50000,63,0,.,38,16,0,0,.,63,0,.,.,.,.
2009,RIN,S,RIN_S,RIN_S_2009,RIN_S_2009,7,6,7,5,6.25,0.95743,63,0,.,63,38,38,0,.,63,0,.,.,.,.
2009,RIN,S,RIN_S,RIN_S_2009,RIN_S_2009,5,5,7,7,6,1.15470,38,0,.,63,38,0,0,.,86,0,.,.,.,.
2009,RIN,S,RIN_S,RIN_S_2009,RIN_S_2009,6,5,6,5,5.5,0.57735,86,0,.,38,16,0,0,.,86,0,.,.,.,.
2009,RIN,S,RIN_S,RIN_S_2009,RIN_S_2009,5,7,5,5,5.5,1.00000,63,0,.,63,16,16,0,.,63,0,.,.,.,.
2009,RIN,S,RIN_S,RIN_S_2009,RIN_S_2009,5,6,6,5,5.5,0.57735,86,0,.,38,38,0,0,.,86,0,.,.,.,.
2009,RIN,S,RIN_S,RIN_S_2009,RIN_S_2009,5,6,5,6,5.5,0.57735,63,0,.,63,38,16,0,.,63,0,.,.,.,.
2009,RIN,S,RIN_S,RIN_S_2009,RIN_S_2009,6,5,5,5,5.25,0.50000,63,0,.,16,38,3,0,.,63,0,.,.,.,.
2009,RIN,S,RIN_S,RIN_S_2009,RIN_S_2009,6,5,5,5,5.25,0.50000,38,0,.,38,16,16,0,.,63,0,.,.,.,.
2009,RIN,S,RIN_S,RIN_S_2009,RIN_S_2009,5,6,4,6,5.25,0.95743,38,0,.,16,38,0,0,.,63,0,.,.,.,.
2009,RIN,S,RIN_S,RIN_S_2009,RIN_S_2009,5,5,5,5,5,0.00000,63,0,.,16,38,3,0,.,63,0,.,.,.,.
2009,RIN,S,RIN_S,RIN_S_2009,RIN_S_2009,5,5,6,3,4.75,1.25831,16,0,.,38,38,63,0,.,63,0,.,.,.,.
2009,RIN,S,RIN_S,RIN_S_2009,RIN_S_2009,6,4,5,3,4.5,1.29099,63,0,.,16,16,3,0,.,63,0,.,.,.,.
2009,RIN,S,RIN_S,RIN_S_2009,RIN_S_2009,5,4,3,5,4.25,0.95743,63,0,.,3,38,3,0,.,63,0,.,.,.,.
2009,RIN,S,RIN_S,RIN_S_2009,RIN_S_2009,4,5,3,5,4.25,0.95743,38,0,.,38,16,3,0,.,38,0,.,.,.,.
2009,RIN,S,RIN_S,RIN_S_2009,RIN_S_2009,5,3,4,3,3.75,0.95743,63,0,.,3,3,16,0,.,63,0,.,.,.,.
2009,RIN,S,RIN_S,RIN_S_2009,RIN_S_2009,4,3,3,3,3.25,0.50000,38,0,.,38,38,0,0,.,38,0,.,.,.,.
2009,RIN,S,RIN_S,RIN_S_2009,RIN_S_2009,3,3,2,5,3.25,1.25831,16,0,.,63,38,0,0,.,63,0,.,.,.,.
2009,RIN,W,RIN_W,RIN_W_2009,RIN_W_2009,13,11,12,11,11.75,0.95743,63,0,.,16,63,3,16,.,38,0,.,.,.,.
2009,RIN,W,RIN_W,RIN_W_2009,RIN_W_2009,11,11,7,11,10,2.00000,0,0,.,38,63,38,0,.,38,0,.,.,.,.
2009,RIN,W,RIN_W,RIN_W_2009,RIN_W_2009,8,13,9,9,9.75,2.21736,86,0,.,16,38,0,38,.,63,0,.,.,.,.
2009,RIN,W,RIN_W,RIN_W_2009,RIN_W_2009,10,8,9,11,9.5,1.29099,86,0,.,38,63,38,0,.,38,0,.,.,.,.
2009,RIN,W,RIN_W,RIN_W_2009,RIN_W_2009,10,11,8,9,9.5,1.29099,0,0,.,38,63,63,3,.,38,0,.,.,.,.
2009,RIN,W,RIN_W,RIN_W_2009,RIN_W_2009,8,10,9,10,9.25,0.95743,38,0,.,38,86,16,0,.,63,0,.,.,.,.
2009,RIN,W,RIN_W,RIN_W_2009,RIN_W_2009,7,5,7,13,8,3.46410,63,0,.,38,63,16,0,.,38,0,.,.,.,.
2009,RIN,W,RIN_W,RIN_W_2009,RIN_W_2009,9,7,6,9,7.75,1.50000,38,0,.,63,63,3,0,.,63,0,.,.,.,.
2009,RIN,W,RIN_W,RIN_W_2009,RIN_W_2009,7,6,9,9,7.75,1.50000,38,0,.,86,38,3,0,.,63,0,.,.,.,.
2009,RIN,W,RIN_W,RIN_W_2009,RIN_W_2009,7,8,7,7,7.25,0.50000,63,0,.,38,38,16,16,.,63,0,.,.,.,.
2009,RIN,W,RIN_W,RIN_W_2009,RIN_W_2009,7,7,8,7,7.25,0.50000,3,0,.,38,63,3,16,.,63,0,.,.,.,.
2009,RIN,W,RIN_W,RIN_W_2009,RIN_W_2009,8,5,6,9,7,1.82574,16,0,.,16,38,38,3,.,38,0,.,.,.,.
2009,RIN,W,RIN_W,RIN_W_2009,RIN_W_2009,7,7,5,7,6.5,1.00000,38,0,.,63,63,3,0,.,63,0,.,.,.,.
2009,RIN,W,RIN_W,RIN_W_2009,RIN_W_2009,7,6,6,7,6.5,0.57735,63,0,.,63,63,16,0,.,63,0,.,.,.,.
2009,RIN,W,RIN_W,RIN_W_2009,RIN_W_2009,7,6,6,7,6.5,0.57735,0,0,.,16,63,38,3,.,38,0,.,.,.,.
2009,RIN,W,RIN_W,RIN_W_2009,RIN_W_2009,5,7,7,7,6.5,1.00000,16,0,.,38,63,16,16,.,16,0,.,.,.,.
2009,RIN,W,RIN_W,RIN_W_2009,RIN_W_2009,6,5,7,7,6.25,0.95743,0,0,.,63,38,16,3,.,38,0,.,.,.,.
2009,RIN,W,RIN_W,RIN_W_2009,RIN_W_2009,6,6,6,6,6,0.00000,0,0,.,63,38,63,16,.,63,3,.,.,.,.
2009,RIN,W,RIN_W,RIN_W_2009,RIN_W_2009,7,5,5,7,6,1.15470,63,0,.,63,63,3,0,.,63,0,.,.,.,.
2009,RIN,W,RIN_W,RIN_W_2009,RIN_W_2009,6,6,6,5,5.75,0.50000,38,0,.,86,16,16,0,.,63,0,.,.,.,.
2009,RIN,W,RIN_W,RIN_W_2009,RIN_W_2009,5,5,6,7,5.75,0.95743,63,0,.,63,38,3,0,.,86,0,.,.,.,.
2009,RIN,W,RIN_W,RIN_W_2009,RIN_W_2009,5,7,7,4,5.75,1.50000,63,0,.,16,38,16,0,.,38,0,.,.,.,.
2009,RIN,W,RIN_W,RIN_W_2009,RIN_W_2009,6,7,5,3,5.25,1.70783,3,0,.,63,63,3,3,.,38,0,.,.,.,.
2009,RIN,W,RIN_W,RIN_W_2009,RIN_W_2009,4,6,6,4,5,1.15470,38,0,.,38,63,16,0,.,38,0,.,.,.,.
2009,RIN,W,RIN_W,RIN_W_2009,RIN_W_2009,5,5,4,5,4.75,0.50000,38,0,.,86,38,0,0,.,63,0,.,.,.,.
2009,RIN,W,RIN_W,RIN_W_2009,RIN_W_2009,4,4,5,5,4.5,0.57735,38,0,.,63,38,0,0,.,63,3,.,.,.,.
2009,RIN,W,RIN_W,RIN_W_2009,RIN_W_2009,5,3,5,3,4,1.15470,16,0,.,38,63,3,0,.,63,0,.,.,.,.
2009,RIN,W,RIN_W,RIN_W_2009,RIN_W_2009,3,5,4,4,4,0.81650,38,0,.,38,38,3,0,.,38,0,.,.,.,.
2009,RIN,W,RIN_W,RIN_W_2009,RIN_W_2009,4,4,5,3,4,0.81650,38,0,.,38,63,16,0,.,63,0,.,.,.,.
2009,RIN,W,RIN_W,RIN_W_2009,RIN_W_2009,3,4,2,3,3,0.81650,63,0,.,16,16,16,0,.,63,0,.,.,.,.
2009,RIS,C,RIS_C,RIS_C_2009,RIS_C_2009,11,11,9,9,10,1.15470,0,0,.,63,86,0,38,.,16,0,.,.,.,.
2009,RIS,C,RIS_C,RIS_C_2009,RIS_C_2009,5,4,5,7,5.25,1.25831,0,0,.,86,63,38,0,.,16,0,.,.,.,.
2009,RIS,C,RIS_C,RIS_C_2009,RIS_C_2009,5,5,7,2,4.75,2.06155,38,38,.,16,86,38,0,.,0,16,.,.,.,.
2009,RIS,C,RIS_C,RIS_C_2009,RIS_C_2009,5,3,5,5,4.5,1.00000,0,63,.,38,38,16,16,.,0,16,.,.,.,.
2009,RIS,C,RIS_C,RIS_C_2009,RIS_C_2009,4,4,4,4,4,0.00000,0,63,.,38,38,0,0,.,16,16,.,.,.,.
2009,RIS,C,RIS_C,RIS_C_2009,RIS_C_2009,4,2,5,3,3.5,1.29099,16,3,.,86,38,38,0,.,38,3,.,.,.,.
2009,RIS,C,RIS_C,RIS_C_2009,RIS_C_2009,2,2,2,7,3.25,2.50000,3,38,.,38,38,38,16,.,0,16,.,.,.,.
2009,RIS,C,RIS_C,RIS_C_2009,RIS_C_2009,2,4,3,3,3,0.81650,3,38,.,38,38,3,16,.,0,38,.,.,.,.
2009,RIS,C,RIS_C,RIS_C_2009,RIS_C_2009,4,3,3,2,3,0.81650,3,38,.,38,38,16,0,.,3,63,.,.,.,.
2009,RIS,C,RIS_C,RIS_C_2009,RIS_C_2009,2,3,2,4,2.75,0.95743,16,16,.,63,63,38,0,.,16,3,.,.,.,.
2009,RIS,C,RIS_C,RIS_C_2009,RIS_C_2009,3,3,2,3,2.75,0.50000,0,63,.,38,0,38,0,.,0,63,.,.,.,.
2009,RIS,C,RIS_C,RIS_C_2009,RIS_C_2009,3,3,2,3,2.75,0.50000,0,63,.,3,38,38,16,.,0,63,.,.,.,.
2009,RIS,C,RIS_C,RIS_C_2009,RIS_C_2009,3,3,3,2,2.75,0.50000,0,86,.,3,38,38,3,.,0,38,.,.,.,.
2009,RIS,C,RIS_C,RIS_C_2009,RIS_C_2009,3,2,3,2,2.5,0.57735,16,16,.,16,38,3,16,.,3,16,.,.,.,.
2009,RIS,C,RIS_C,RIS_C_2009,RIS_C_2009,3,2,2,3,2.5,0.57735,16,3,.,63,38,3,0,.,3,63,.,.,.,.
2009,RIS,C,RIS_C,RIS_C_2009,RIS_C_2009,3,3,2,2,2.5,0.57735,38,3,.,38,16,16,16,.,0,38,.,.,.,.
2009,RIS,C,RIS_C,RIS_C_2009,RIS_C_2009,2,2,3,3,2.5,0.57735,3,3,.,38,38,16,3,.,3,63,.,.,.,.
2009,RIS,C,RIS_C,RIS_C_2009,RIS_C_2009,2,2,2,3,2.25,0.50000,38,3,.,16,38,16,0,.,38,3,.,.,.,.
2009,RIS,C,RIS_C,RIS_C_2009,RIS_C_2009,1,2,1,5,2.25,1.89297,3,3,.,63,16,16,0,.,38,3,.,.,.,.
2009,RIS,C,RIS_C,RIS_C_2009,RIS_C_2009,2,2,2,3,2.25,0.50000,3,38,.,38,16,16,0,.,0,38,.,.,.,.
2009,RIS,C,RIS_C,RIS_C_2009,RIS_C_2009,2,3,2,2,2.25,0.50000,0,63,.,3,38,3,3,.,0,38,.,.,.,.
2009,RIS,C,RIS_C,RIS_C_2009,RIS_C_2009,3,1,3,1,2,1.15470,3,3,.,38,63,3,3,.,16,16,.,.,.,.
2009,RIS,C,RIS_C,RIS_C_2009,RIS_C_2009,2,2,1,2,1.75,0.50000,16,16,.,38,38,3,0,.,16,38,.,.,.,.
2009,RIS,C,RIS_C,RIS_C_2009,RIS_C_2009,2,2,1,2,1.75,0.50000,63,16,.,16,38,3,0,.,16,3,.,.,.,.
2009,RIS,C,RIS_C,RIS_C_2009,RIS_C_2009,1,2,2,1,1.5,0.57735,0,38,.,63,3,63,0,.,16,38,.,.,.,.
2009,RIS,C,RIS_C,RIS_C_2009,RIS_C_2009,1,1,2,2,1.5,0.57735,3,63,.,38,38,38,0,.,38,16,.,.,.,.
2009,RIS,C,RIS_C,RIS_C_2009,RIS_C_2009,1,1,1,2,1.25,0.50000,3,63,.,38,38,63,0,.,16,16,.,.,.,.
2009,RIS,C,RIS_C,RIS_C_2009,RIS_C_2009,1,1,1,2,1.25,0.50000,3,3,.,86,16,38,0,.,63,16,.,.,.,.
2009,RIS,C,RIS_C,RIS_C_2009,RIS_C_2009,1,1,1,1,1,0.00000,16,38,.,63,38,38,0,.,63,0,.,.,.,.
2009,RIS,C,RIS_C,RIS_C_2009,RIS_C_2009,1,1,1,1,1,0.00000,3,3,.,86,16,38,0,.,63,0,.,.,.,.
2009,RIS,N,RIS_N,RIS_N_2009,RIS_N_2009,6,10,7,4,6.75,2.50000,0,63,.,63,63,0,0,.,0,38,.,.,.,.
2009,RIS,N,RIS_N,RIS_N_2009,RIS_N_2009,4,4,14,4,6.5,5.00000,3,63,.,38,63,16,0,.,0,38,.,.,.,.
2009,RIS,N,RIS_N,RIS_N_2009,RIS_N_2009,6.724137931,6.344827586,6.068965517,5.931034483,6.267241379,0.34982,16,63,.,38,38,16,3,.,3,63,.,.,.,.
2009,RIS,N,RIS_N,RIS_N_2009,RIS_N_2009,3,11,2,5,5.25,4.03113,0,63,.,38,38,16,3,.,3,16,.,.,.,.
2009,RIS,N,RIS_N,RIS_N_2009,RIS_N_2009,4,5,5,6,5,0.81650,16,3,.,38,38,0,38,.,0,38,.,.,.,.
2009,RIS,N,RIS_N,RIS_N_2009,RIS_N_2009,5,3,5,6,4.75,1.25831,0,38,.,86,16,3,0,.,16,38,.,.,.,.
2009,RIS,N,RIS_N,RIS_N_2009,RIS_N_2009,5,5,4,4,4.5,0.57735,0,38,.,86,63,38,0,.,0,63,.,.,.,.
2009,RIS,N,RIS_N,RIS_N_2009,RIS_N_2009,4,6,3,5,4.5,1.29099,0,63,.,63,38,16,16,.,0,38,.,.,.,.
2009,RIS,N,RIS_N,RIS_N_2009,RIS_N_2009,6,3,5,3,4.25,1.50000,0,16,.,86,38,16,16,.,0,63,.,.,.,.
2009,RIS,N,RIS_N,RIS_N_2009,RIS_N_2009,4,4,4,4,4,0.00000,16,63,.,63,16,38,0,.,0,63,.,.,.,.
2009,RIS,N,RIS_N,RIS_N_2009,RIS_N_2009,5,3,3,4,3.75,0.95743,16,38,.,63,16,16,0,.,0,63,.,.,.,.
2009,RIS,N,RIS_N,RIS_N_2009,RIS_N_2009,2,4,5,2,3.25,1.50000,16,38,.,38,16,38,0,.,3,38,.,.,.,.
2009,RIS,N,RIS_N,RIS_N_2009,RIS_N_2009,2,5,3,3,3.25,1.25831,16,63,.,16,16,16,3,.,3,63,.,.,.,.
2009,RIS,N,RIS_N,RIS_N_2009,RIS_N_2009,2,4,3,4,3.25,0.95743,16,86,.,16,3,38,0,.,0,38,.,.,.,.
2009,RIS,N,RIS_N,RIS_N_2009,RIS_N_2009,3,3,4,3,3.25,0.50000,0,63,.,63,16,0,0,.,0,63,.,.,.,.
2009,RIS,N,RIS_N,RIS_N_2009,RIS_N_2009,2,3,4,4,3.25,0.95743,16,63,.,38,38,38,0,.,3,38,.,.,.,.
2009,RIS,N,RIS_N,RIS_N_2009,RIS_N_2009,3,3,3,3,3,0.00000,16,63,.,3,16,16,3,.,0,63,.,.,.,.
2009,RIS,N,RIS_N,RIS_N_2009,RIS_N_2009,5,2,2,3,3,1.41421,38,16,.,63,38,16,38,.,16,38,.,.,.,.
2009,RIS,N,RIS_N,RIS_N_2009,RIS_N_2009,3,4,2,3,3,0.81650,38,16,.,86,38,38,0,.,16,38,.,.,.,.
2009,RIS,N,RIS_N,RIS_N_2009,RIS_N_2009,2,3,3,4,3,0.81650,0,63,.,63,3,38,3,.,0,38,.,.,.,.
2009,RIS,N,RIS_N,RIS_N_2009,RIS_N_2009,3,3,3,2,2.75,0.50000,16,38,.,16,16,3,3,.,3,63,.,.,.,.
2009,RIS,N,RIS_N,RIS_N_2009,RIS_N_2009,3,2,3,3,2.75,0.50000,3,38,.,16,16,38,0,.,16,38,.,.,.,.
2009,RIS,N,RIS_N,RIS_N_2009,RIS_N_2009,3,3,2,2,2.5,0.57735,3,63,.,16,16,38,3,.,0,63,.,.,.,.
2009,RIS,N,RIS_N,RIS_N_2009,RIS_N_2009,2,3,2,2,2.25,0.50000,63,3,.,16,16,3,0,.,3,63,.,.,.,.
2009,RIS,N,RIS_N,RIS_N_2009,RIS_N_2009,2,2,2,2,2,0.00000,3,63,.,16,16,38,0,.,0,63,.,.,.,.
2009,RIS,N,RIS_N,RIS_N_2009,RIS_N_2009,2,2,2,2,2,0.00000,38,3,.,38,3,3,0,.,3,63,.,.,.,.
2009,RIS,N,RIS_N,RIS_N_2009,RIS_N_2009,2,2,2,2,2,0.00000,38,16,.,16,16,3,0,.,3,63,.,.,.,.
2009,RIS,N,RIS_N,RIS_N_2009,RIS_N_2009,2,2,2,2,2,0.00000,16,38,.,38,16,3,0,.,3,63,.,.,.,.
2009,RIS,N,RIS_N,RIS_N_2009,RIS_N_2009,1,2,2,1,1.5,0.57735,0,86,.,3,16,0,0,.,3,63,.,.,.,.
2009,RIS,N,RIS_N,RIS_N_2009,RIS_N_2009,1,1,1,2,1.25,0.50000,3,38,.,16,16,38,0,.,16,38,.,.,.,.
2009,RIS,S,RIS_S,RIS_S_2009,RIS_S_2009,3,8,3,7,5.25,2.62996,0,98,.,16,16,0,3,.,0,38,.,.,.,.
2009,RIS,S,RIS_S,RIS_S_2009,RIS_S_2009,5,4,4,5,4.5,0.57735,16,38,.,63,63,38,0,.,0,38,.,.,.,.
2009,RIS,S,RIS_S,RIS_S_2009,RIS_S_2009,5,3,5,3,4,1.15470,16,63,.,16,63,38,0,.,0,63,.,.,.,.
2009,RIS,S,RIS_S,RIS_S_2009,RIS_S_2009,3,4,3,6,4,1.41421,0,63,.,63,38,38,0,.,0,38,.,.,.,.
2009,RIS,S,RIS_S,RIS_S_2009,RIS_S_2009,3,4,2,5,3.5,1.29099,16,38,.,86,38,16,16,.,3,38,.,.,.,.
2009,RIS,S,RIS_S,RIS_S_2009,RIS_S_2009,3,3,5,2,3.25,1.25831,16,16,.,63,63,38,0,.,0,63,.,.,.,.
2009,RIS,S,RIS_S,RIS_S_2009,RIS_S_2009,2,5,3,3,3.25,1.25831,3,63,.,38,16,38,0,.,0,63,.,.,.,.
2009,RIS,S,RIS_S,RIS_S_2009,RIS_S_2009,3,3,2,3,2.75,0.50000,63,16,.,38,16,38,0,.,0,38,.,.,.,.
2009,RIS,S,RIS_S,RIS_S_2009,RIS_S_2009,3,3,2,3,2.75,0.50000,16,38,.,16,38,16,3,.,3,63,.,.,.,.
2009,RIS,S,RIS_S,RIS_S_2009,RIS_S_2009,2,3,2,3,2.5,0.57735,3,16,.,86,16,0,3,.,16,38,.,.,.,.
2009,RIS,S,RIS_S,RIS_S_2009,RIS_S_2009,3,2,3,2,2.5,0.57735,38,38,.,16,38,16,0,.,3,63,.,.,.,.
2009,RIS,S,RIS_S,RIS_S_2009,RIS_S_2009,3,2,2,3,2.5,0.57735,38,38,.,16,16,0,0,.,16,63,.,.,.,.
2009,RIS,S,RIS_S,RIS_S_2009,RIS_S_2009,3,3,2,2,2.5,0.57735,3,38,.,16,38,38,3,.,16,38,.,.,.,.
2009,RIS,S,RIS_S,RIS_S_2009,RIS_S_2009,3,1,3,2,2.25,0.95743,16,63,.,16,16,63,0,.,3,38,.,.,.,.
2009,RIS,S,RIS_S,RIS_S_2009,RIS_S_2009,3,2,2,2,2.25,0.50000,3,63,.,3,16,16,0,.,0,63,.,.,.,.
2009,RIS,S,RIS_S,RIS_S_2009,RIS_S_2009,2,2,2,3,2.25,0.50000,16,3,.,38,16,3,0,.,3,38,.,.,.,.
2009,RIS,S,RIS_S,RIS_S_2009,RIS_S_2009,3,1,2,2,2,0.81650,0,16,.,63,16,63,0,.,16,16,.,.,.,.
2009,RIS,S,RIS_S,RIS_S_2009,RIS_S_2009,3,2,1,2,2,0.81650,3,38,.,38,16,3,3,.,0,63,.,.,.,.
2009,RIS,S,RIS_S,RIS_S_2009,RIS_S_2009,2,2,2,2,2,0.00000,38,38,.,38,16,38,0,.,3,63,.,.,.,.
2009,RIS,S,RIS_S,RIS_S_2009,RIS_S_2009,2,2,1,2,1.75,0.50000,0,63,.,38,16,38,3,.,38,16,.,.,.,.
2009,RIS,S,RIS_S,RIS_S_2009,RIS_S_2009,1,3,2,1,1.75,0.95743,16,38,.,63,16,38,0,.,38,16,.,.,.,.
2009,RIS,S,RIS_S,RIS_S_2009,RIS_S_2009,1,3,2,1,1.75,0.95743,3,63,.,38,3,63,0,.,16,38,.,.,.,.
2009,RIS,S,RIS_S,RIS_S_2009,RIS_S_2009,2,2,2,1,1.75,0.50000,16,16,.,38,16,16,0,.,3,63,.,.,.,.
2009,RIS,S,RIS_S,RIS_S_2009,RIS_S_2009,1,2,2,2,1.75,0.50000,16,3,.,38,3,38,16,.,38,3,.,.,.,.
2009,RIS,S,RIS_S,RIS_S_2009,RIS_S_2009,1,2,1,3,1.75,0.95743,3,38,.,3,16,63,0,.,16,16,.,.,.,.
2009,RIS,S,RIS_S,RIS_S_2009,RIS_S_2009,2,1,2,1,1.5,0.57735,0,63,.,16,16,38,3,.,16,38,.,.,.,.
2009,RIS,S,RIS_S,RIS_S_2009,RIS_S_2009,1,1,2,2,1.5,0.57735,38,38,.,16,16,16,0,.,38,38,.,.,.,.
2009,RIS,S,RIS_S,RIS_S_2009,RIS_S_2009,2,1,2,1,1.5,0.57735,3,63,.,16,3,16,0,.,16,63,.,.,.,.
2009,RIS,S,RIS_S,RIS_S_2009,RIS_S_2009,1,1,1,1,1,0.00000,0,38,.,63,0,63,0,.,38,3,.,.,.,.
2009,RIS,S,RIS_S,RIS_S_2009,RIS_S_2009,1,1,1,1,1,0.00000,3,3,.,38,3,38,0,.,63,3,.,.,.,.
2009,STE,N,STE_N,STE_N_2009,STE_N_2009,8,7,6,10,7.75,1.70783,0,38,.,0,86,63,0,.,38,3,.,.,.,.
2009,STE,N,STE_N,STE_N_2009,STE_N_2009,9,7,7,2,6.25,2.98608,0,86,.,0,63,3,0,.,16,16,.,.,.,.
2009,STE,N,STE_N,STE_N_2009,STE_N_2009,5,5,5,6,5.25,0.50000,0,63,.,16,86,63,0,.,38,3,.,.,.,.
2009,STE,N,STE_N,STE_N_2009,STE_N_2009,1,6,4,9,5,3.36650,0,63,.,16,63,63,0,.,38,3,.,.,.,.
2009,STE,N,STE_N,STE_N_2009,STE_N_2009,7,2,3,6,4.5,2.38048,0,63,.,3,63,63,0,.,3,3,.,.,.,.
2009,STE,N,STE_N,STE_N_2009,STE_N_2009,2,7,2,7,4.5,2.88675,0,38,.,86,86,38,0,.,38,16,.,.,.,.
2009,STE,N,STE_N,STE_N_2009,STE_N_2009,5,2,5,5,4.25,1.50000,0,38,.,16,63,63,0,.,38,3,.,.,.,.
2009,STE,N,STE_N,STE_N_2009,STE_N_2009,6,1,1,7,3.75,3.20156,38,63,.,3,63,38,0,.,0,3,.,.,.,.
2009,STE,N,STE_N,STE_N_2009,STE_N_2009,2,2,5,5,3.5,1.73205,0,63,.,16,38,63,0,.,38,16,.,.,.,.
2009,STE,N,STE_N,STE_N_2009,STE_N_2009,2,5,5,2,3.5,1.73205,0,38,.,63,38,38,0,.,16,16,.,.,.,.
2009,STE,N,STE_N,STE_N_2009,STE_N_2009,3,7,1,2,3.25,2.62996,0,63,.,16,63,38,0,.,38,3,.,.,.,.
2009,STE,N,STE_N,STE_N_2009,STE_N_2009,1,7,1,3,3,2.82843,0,98,.,0,38,16,0,.,16,16,.,.,.,.
2009,STE,N,STE_N,STE_N_2009,STE_N_2009,3,5,2,1,2.75,1.70783,0,86,.,16,38,16,0,.,38,3,.,.,.,.
2009,STE,N,STE_N,STE_N_2009,STE_N_2009,6,1,1,2,2.5,2.38048,0,63,.,3,16,38,0,.,16,16,.,.,.,.
2009,STE,N,STE_N,STE_N_2009,STE_N_2009,4,2,2,2,2.5,1.00000,0,63,.,38,38,16,0,.,0,3,.,.,.,.
2009,STE,N,STE_N,STE_N_2009,STE_N_2009,2,2,4,1,2.25,1.25831,0,38,.,38,16,38,0,.,16,3,.,.,.,.
2009,STE,N,STE_N,STE_N_2009,STE_N_2009,2,2,2,2,2,0.00000,0,63,.,38,38,63,0,.,16,16,.,.,.,.
2009,STE,N,STE_N,STE_N_2009,STE_N_2009,2,2,2,2,2,0.00000,0,86,.,3,0,63,0,.,16,3,.,.,.,.
2009,STE,N,STE_N,STE_N_2009,STE_N_2009,2,2,4,0,2,1.63299,0,86,.,16,16,63,0,.,38,16,.,.,.,.
2009,STE,N,STE_N,STE_N_2009,STE_N_2009,4,1,1,1,1.75,1.50000,0,63,.,0,16,63,0,.,38,3,.,.,.,.
2009,STE,N,STE_N,STE_N_2009,STE_N_2009,1,1,1,2,1.25,0.50000,0,38,.,38,16,0,0,.,38,3,.,.,.,.
2009,STE,N,STE_N,STE_N_2009,STE_N_2009,1,1,1,2,1.25,0.50000,0,86,.,38,16,38,0,.,3,16,.,.,.,.
2009,STE,N,STE_N,STE_N_2009,STE_N_2009,1,1,1,1,1,0.00000,0,63,.,16,16,63,0,.,16,38,.,.,.,.
2009,STE,N,STE_N,STE_N_2009,STE_N_2009,1,1,1,1,1,0.00000,0,63,.,16,3,38,0,.,38,3,.,.,.,.
2009,STE,N,STE_N,STE_N_2009,STE_N_2009,1,1,1,1,1,0.00000,0,86,.,16,16,38,0,.,16,16,.,.,.,.
2009,STE,N,STE_N,STE_N_2009,STE_N_2009,1,1,1,1,1,0.00000,0,38,.,16,16,16,0,.,63,3,.,.,.,.
2009,STE,N,STE_N,STE_N_2009,STE_N_2009,1,1,1,1,1,0.00000,0,86,.,0,3,38,0,.,16,16,.,.,.,.
2009,STE,N,STE_N,STE_N_2009,STE_N_2009,1,1,1,1,1,0.00000,38,86,.,16,16,16,0,.,0,3,.,.,.,.
2009,STE,N,STE_N,STE_N_2009,STE_N_2009,1,1,1,1,1,0.00000,0,63,.,3,16,38,0,.,63,3,.,.,.,.
2009,STE,N,STE_N,STE_N_2009,STE_N_2009,1,1,1,0,0.75,0.50000,0,63,.,16,16,63,0,.,38,16,.,.,.,.
2009,STE,S,STE_S,STE_S_2009,STE_S_2009,2,9,8,8,6.75,3.20156,0,38,.,3,63,3,0,.,38,16,.,.,.,.
2009,STE,S,STE_S,STE_S_2009,STE_S_2009,9,5,6,7,6.75,1.70783,3,16,.,3,86,0,0,.,38,16,.,.,.,.
2009,STE,S,STE_S,STE_S_2009,STE_S_2009,9,6,5,5,6.25,1.89297,38,3,.,3,63,3,0,.,38,3,.,.,.,.
2009,STE,S,STE_S,STE_S_2009,STE_S_2009,3,5,8,7,5.75,2.21736,0,38,.,63,63,16,0,.,16,16,.,.,.,.
2009,STE,S,STE_S,STE_S_2009,STE_S_2009,3,8,7,3,5.25,2.62996,0,86,.,3,63,16,0,.,16,3,.,.,.,.
2009,STE,S,STE_S,STE_S_2009,STE_S_2009,2,7,6,6,5.25,2.21736,0,38,.,3,16,16,0,.,38,3,.,.,.,.
2009,STE,S,STE_S,STE_S_2009,STE_S_2009,3,6,8,4,5.25,2.21736,0,38,.,16,38,38,0,.,63,3,.,.,.,.
2009,STE,S,STE_S,STE_S_2009,STE_S_2009,5,3,5,5,4.5,1.00000,0,63,.,3,63,38,0,.,38,16,.,.,.,.
2009,STE,S,STE_S,STE_S_2009,STE_S_2009,2,6,3,7,4.5,2.38048,0,38,.,16,16,3,0,.,38,3,.,.,.,.
2009,STE,S,STE_S,STE_S_2009,STE_S_2009,3,7,5,3,4.5,1.91485,0,63,.,16,3,38,0,.,38,16,.,.,.,.
2009,STE,S,STE_S,STE_S_2009,STE_S_2009,5,3,3,3,3.5,1.00000,0,86,.,3,38,16,0,.,38,16,.,.,.,.
2009,STE,S,STE_S,STE_S_2009,STE_S_2009,4,3,2,4,3.25,0.95743,0,86,.,3,16,3,0,.,38,16,.,.,.,.
2009,STE,S,STE_S,STE_S_2009,STE_S_2009,3,5,4,1,3.25,1.70783,0,38,.,38,16,38,0,.,38,3,.,.,.,.
2009,STE,S,STE_S,STE_S_2009,STE_S_2009,3,3,3,3,3,0.00000,0,3,.,63,63,38,0,.,38,16,.,.,.,.
2009,STE,S,STE_S,STE_S_2009,STE_S_2009,3,4,2,3,3,0.81650,0,86,.,3,3,38,0,.,16,16,.,.,.,.
2009,STE,S,STE_S,STE_S_2009,STE_S_2009,1,2,6,3,3,2.16025,0,16,.,16,38,38,0,.,16,3,.,.,.,.
2009,STE,S,STE_S,STE_S_2009,STE_S_2009,2,3,2,4,2.75,0.95743,0,86,.,3,16,16,0,.,86,3,.,.,.,.
2009,STE,S,STE_S,STE_S_2009,STE_S_2009,1,6,2,2,2.75,2.21736,0,63,.,16,3,16,0,.,38,3,.,.,.,.
2009,STE,S,STE_S,STE_S_2009,STE_S_2009,1,5,2,2,2.5,1.73205,0,38,.,0,16,63,16,.,63,3,.,.,.,.
2009,STE,S,STE_S,STE_S_2009,STE_S_2009,1,7,1,1,2.5,3.00000,0,38,.,3,16,16,0,.,38,3,.,.,.,.
2009,STE,S,STE_S,STE_S_2009,STE_S_2009,6,1,1,1,2.25,2.50000,0,3,.,38,3,16,0,.,38,3,.,.,.,.
2009,STE,S,STE_S,STE_S_2009,STE_S_2009,3,2,2,2,2.25,0.50000,0,63,.,3,16,16,0,.,16,3,.,.,.,.
2009,STE,S,STE_S,STE_S_2009,STE_S_2009,2,2,2,2,2,0.00000,0,16,.,3,3,38,0,.,63,3,.,.,.,.
2009,STE,S,STE_S,STE_S_2009,STE_S_2009,1,2,1,3,1.75,0.95743,0,0,.,38,3,16,0,.,38,3,.,.,.,.
2009,STE,S,STE_S,STE_S_2009,STE_S_2009,1,2,2,2,1.75,0.50000,0,63,.,16,16,16,3,.,38,16,.,.,.,.
2009,STE,S,STE_S,STE_S_2009,STE_S_2009,1,2,2,2,1.75,0.50000,0,16,.,38,16,16,0,.,38,3,.,.,.,.
2009,STE,S,STE_S,STE_S_2009,STE_S_2009,1,1,3,2,1.75,0.95743,0,38,.,38,3,16,0,.,38,3,.,.,.,.
2009,STE,S,STE_S,STE_S_2009,STE_S_2009,1,1,1,2,1.25,0.50000,0,16,.,3,16,38,0,.,16,3,.,.,.,.
2009,STE,S,STE_S,STE_S_2009,STE_S_2009,0,2,2,1,1.25,0.95743,3,16,.,3,3,16,0,.,38,3,.,.,.,.
2009,STE,S,STE_S,STE_S_2009,STE_S_2009,1,1,1,1,1,0.00000,0,16,.,0,3,86,0,.,63,3,.,.,.,.
2009,STE,W,STE_W,STE_W_2009,STE_W_2009,4,8,6,8,6.5,1.91485,0,86,.,16,63,0,0,.,16,38,.,.,.,.
2009,STE,W,STE_W,STE_W_2009,STE_W_2009,6,6,6,7,6.25,0.50000,0,86,.,63,38,0,0,.,3,16,.,.,.,.
2009,STE,W,STE_W,STE_W_2009,STE_W_2009,2,8,6,5,5.25,2.50000,0,63,.,38,63,16,0,.,16,3,.,.,.,.
2009,STE,W,STE_W,STE_W_2009,STE_W_2009,2,6,2,7,4.25,2.62996,0,86,.,16,3,16,0,.,3,3,.,.,.,.
2009,STE,W,STE_W,STE_W_2009,STE_W_2009,7,2,6,2,4.25,2.62996,0,63,.,38,86,16,0,.,16,16,.,.,.,.
2009,STE,W,STE_W,STE_W_2009,STE_W_2009,4,3,3,3,3.25,0.50000,0,98,.,0,38,0,0,.,3,3,.,.,.,.
2009,STE,W,STE_W,STE_W_2009,STE_W_2009,4,2,5,1,3,1.82574,0,63,.,38,63,38,0,.,3,16,.,.,.,.
2009,STE,W,STE_W,STE_W_2009,STE_W_2009,2,5,2,2,2.75,1.50000,0,38,.,63,38,38,0,.,3,16,.,.,.,.
2009,STE,W,STE_W,STE_W_2009,STE_W_2009,3,2,4,2,2.75,0.95743,0,86,.,3,38,3,0,.,3,38,.,.,.,.
2009,STE,W,STE_W,STE_W_2009,STE_W_2009,4,3,1,3,2.75,1.25831,0,98,.,0,38,38,0,.,16,3,.,.,.,.
2009,STE,W,STE_W,STE_W_2009,STE_W_2009,3,3,2,3,2.75,0.50000,0,63,.,0,16,16,0,.,0,16,.,.,.,.
2009,STE,W,STE_W,STE_W_2009,STE_W_2009,1,3,2,4,2.5,1.29099,63,38,.,0,38,63,0,.,63,3,.,.,.,.
2009,STE,W,STE_W,STE_W_2009,STE_W_2009,2,0,3,5,2.5,2.08167,0,16,.,63,63,3,0,.,38,16,.,.,.,.
2009,STE,W,STE_W,STE_W_2009,STE_W_2009,1,7,1,1,2.5,3.00000,0,98,.,0,38,3,0,.,16,16,.,.,.,.
2009,STE,W,STE_W,STE_W_2009,STE_W_2009,2,2,3,2,2.25,0.50000,0,98,.,0,38,0,0,.,3,38,.,.,.,.
2009,STE,W,STE_W,STE_W_2009,STE_W_2009,2,2,2,2,2,0.00000,0,98,.,0,0,63,0,.,38,3,.,.,.,.
2009,STE,W,STE_W,STE_W_2009,STE_W_2009,2,3,0,3,2,1.41421,0,86,.,0,38,38,0,.,16,3,.,.,.,.
2009,STE,W,STE_W,STE_W_2009,STE_W_2009,2,2,1,2,1.75,0.50000,0,86,.,38,16,38,0,.,38,3,.,.,.,.
2009,STE,W,STE_W,STE_W_2009,STE_W_2009,2,1,0,4,1.75,1.70783,0,86,.,38,38,63,0,.,16,16,.,.,.,.
2009,STE,W,STE_W,STE_W_2009,STE_W_2009,0,0,0,5,1.25,2.50000,0,0,.,38,38,0,0,.,0,86,.,.,.,.
2009,STE,W,STE_W,STE_W_2009,STE_W_2009,1,2,1,1,1.25,0.50000,0,86,.,3,63,0,16,.,16,16,.,.,.,.
2009,STE,W,STE_W,STE_W_2009,STE_W_2009,0,1,2,1,1,0.81650,38,16,.,38,86,16,0,.,38,3,.,.,.,.
2009,STE,W,STE_W,STE_W_2009,STE_W_2009,0,2,2,0,1,1.15470,0,63,.,0,16,16,0,.,63,3,.,.,.,.
2009,STE,W,STE_W,STE_W_2009,STE_W_2009,1,1,1,1,1,0.00000,0,98,.,0,16,16,0,.,38,16,.,.,.,.
2009,STE,W,STE_W,STE_W_2009,STE_W_2009,1,0,1,1,0.75,0.50000,0,86,.,0,38,3,3,.,16,16,.,.,.,.
2009,STE,W,STE_W,STE_W_2009,STE_W_2009,1,0,1,0,0.5,0.57735,0,86,.,38,3,16,0,.,38,16,.,.,.,.
2009,STE,W,STE_W,STE_W_2009,STE_W_2009,1,0,1,0,0.5,0.57735,0,86,.,0,16,38,0,.,38,3,.,.,.,.
2009,STE,W,STE_W,STE_W_2009,STE_W_2009,0,0,2,0,0.5,1.00000,0,98,.,3,38,16,0,.,16,3,.,.,.,.
2009,STE,W,STE_W,STE_W_2009,STE_W_2009,0,0,0,1,0.25,0.50000,0,0,.,86,0,0,0,.,38,3,.,.,.,.
2009,STE,W,STE_W,STE_W_2009,STE_W_2009,0,0,0,0,0,0.00000,0,98,.,0,3,16,0,.,38,16,.,.,.,.
2008,GIL,C,GIL_C,GIL_C_2008,GIL_C_2008,9,12,11,10,10.5,1.29099,0,63,.,3,38,0,0,.,0,16,.,.,.,.
2008,GIL,C,GIL_C,GIL_C_2008,GIL_C_2008,5,8,4,20,9.25,7.36546,0,86,.,3,16,0,0,.,0,16,.,.,.,.
2008,GIL,C,GIL_C,GIL_C_2008,GIL_C_2008,9,10,6,8,8.25,1.70783,0,3,.,63,63,0,0,.,0,63,.,.,.,.
2008,GIL,C,GIL_C,GIL_C_2008,GIL_C_2008,7,5,9,9,7.5,1.91485,0,63,.,38,16,3,0,.,0,38,.,.,.,.
2008,GIL,C,GIL_C,GIL_C_2008,GIL_C_2008,8,8,7,5,7,1.41421,0,63,.,16,38,3,0,.,0,16,.,.,.,.
2008,GIL,C,GIL_C,GIL_C_2008,GIL_C_2008,7,8,6,5,6.5,1.29099,0,38,.,3,63,16,0,.,0,38,.,.,.,.
2008,GIL,C,GIL_C,GIL_C_2008,GIL_C_2008,7,6,8,5,6.5,1.29099,0,63,.,16,16,0,3,.,0,63,.,.,.,.
2008,GIL,C,GIL_C,GIL_C_2008,GIL_C_2008,6,7,7,6,6.5,0.57735,0,63,.,16,63,0,3,.,0,63,.,.,.,.
2008,GIL,C,GIL_C,GIL_C_2008,GIL_C_2008,5,6,6,6,5.75,0.50000,0,63,.,3,16,0,3,,0,63,.,.,.,.
2008,GIL,C,GIL_C,GIL_C_2008,GIL_C_2008,6,5,7,5,5.75,0.95743,0,86,.,3,0,0,0,.,0,38,.,.,.,.
2008,GIL,C,GIL_C,GIL_C_2008,GIL_C_2008,6,4,6,5,5.25,0.95743,0,63,.,3,16,16,0,.,0,16,.,.,.,.
2008,GIL,C,GIL_C,GIL_C_2008,GIL_C_2008,5,5,5,6,5.25,0.50000,0,63,.,16,63,0,0,.,0,86,.,.,.,.
2008,GIL,C,GIL_C,GIL_C_2008,GIL_C_2008,5,6,5,4,5,0.81650,0,63,.,16,16,16,0,.,0,38,.,.,.,.
2008,GIL,C,GIL_C,GIL_C_2008,GIL_C_2008,3,6,6,5,5,1.41421,0,63,.,16,16,16,0,.,3,63,.,.,.,.
2008,GIL,C,GIL_C,GIL_C_2008,GIL_C_2008,6,5,5,4,5,0.81650,0,38,.,16,38,16,0,.,16,16,.,.,.,.
2008,GIL,C,GIL_C,GIL_C_2008,GIL_C_2008,3,5,5,6,4.75,1.25831,0,63,.,16,16,16,0,.,0,38,.,.,.,.
2008,GIL,C,GIL_C,GIL_C_2008,GIL_C_2008,4,4,4,5,4.25,0.50000,0,38,.,16,63,3,0,.,0,63,.,.,.,.
2008,GIL,C,GIL_C,GIL_C_2008,GIL_C_2008,4,4,3,6,4.25,1.25831,0,86,.,3,16,0,0,.,3,63,.,.,.,.
2008,GIL,C,GIL_C,GIL_C_2008,GIL_C_2008,2,4,4,5,3.75,1.25831,0,63,.,3,38,0,0,.,0,86,.,.,.,.
2008,GIL,C,GIL_C,GIL_C_2008,GIL_C_2008,4,3,3,4,3.5,0.57735,0,63,.,16,38,0,0,.,0,63,.,.,.,.
2008,GIL,C,GIL_C,GIL_C_2008,GIL_C_2008,4,3,4,3,3.5,0.57735,0,63,.,3,16,0,0,.,3,63,.,.,.,.
2008,GIL,C,GIL_C,GIL_C_2008,GIL_C_2008,3,4,2,4,3.25,0.95743,0,63,.,3,3,3,0,.,0,86,.,.,.,.
2008,GIL,C,GIL_C,GIL_C_2008,GIL_C_2008,6,2,2,3,3.25,1.89297,0,63,.,3,38,3,0,.,38,38,.,.,.,.
2008,GIL,C,GIL_C,GIL_C_2008,GIL_C_2008,2,2,4,4,3,1.15470,0,63,.,3,38,3,0,.,0,86,.,.,.,.
2008,GIL,C,GIL_C,GIL_C_2008,GIL_C_2008,2,3,3,4,3,0.81650,0,63,.,3,38,0,0,.,0,63,.,.,.,.
2008,GIL,C,GIL_C,GIL_C_2008,GIL_C_2008,3,3,2,2,2.5,0.57735,0,63,.,3,16,3,0,.,16,63,.,.,.,.
2008,GIL,C,GIL_C,GIL_C_2008,GIL_C_2008,2,1,2,1,1.5,0.57735,0,16,.,38,16,38,0,.,16,16,.,.,.,.
2008,GIL,C,GIL_C,GIL_C_2008,GIL_C_2008,1,2,1,1,1.25,0.50000,0,38,.,38,3,16,0,.,3,3,.,.,.,.
2008,GIL,C,GIL_C,GIL_C_2008,GIL_C_2008,1,1,1,1,1,0.00000,0,38,.,16,16,63,0,.,3,3,.,.,.,.
2008,GIL,C,GIL_C,GIL_C_2008,GIL_C_2008,1,1,1,1,1,0.00000,0,16,.,38,3,63,0,.,16,3,.,.,.,.
2008,GIL,N,GIL_N,GIL_N_2008,GIL_N_2008,7,8,8,10,8.25,1.25831,0,86,.,16,3,0,0,.,0,38,.,.,.,.
2008,GIL,N,GIL_N,GIL_N_2008,GIL_N_2008,9,8,8,8,8.25,0.50000,0,86,.,16,0,3,0,.,0,16,.,.,.,.
2008,GIL,N,GIL_N,GIL_N_2008,GIL_N_2008,8,9,8,8,8.25,0.50000,0,38,.,63,16,0,3,.,0,63,.,.,.,.
2008,GIL,N,GIL_N,GIL_N_2008,GIL_N_2008,8,6,6,7,6.75,0.95743,0,63,.,16,3,0,0,.,0,38,.,.,.,.
2008,GIL,N,GIL_N,GIL_N_2008,GIL_N_2008,6,5,6,9,6.5,1.73205,0,63,.,16,63,3,0,.,0,38,.,.,.,.
2008,GIL,N,GIL_N,GIL_N_2008,GIL_N_2008,6,4,8,8,6.5,1.91485,0,63,.,3,16,0,0,.,0,63,.,.,.,.
2008,GIL,N,GIL_N,GIL_N_2008,GIL_N_2008,6,3,6,8,5.75,2.06155,0,16,.,38,16,16,0,.,0,16,.,.,.,.
2008,GIL,N,GIL_N,GIL_N_2008,GIL_N_2008,5,6,6,5,5.5,0.57735,0,63,.,38,16,3,0,.,0,38,.,.,.,.
2008,GIL,N,GIL_N,GIL_N_2008,GIL_N_2008,7,5,6,3,5.25,1.70783,0,86,.,3,3,0,0,.,0,38,.,.,.,.
2008,GIL,N,GIL_N,GIL_N_2008,GIL_N_2008,7,4,5,5,5.25,1.25831,0,86,.,0,3,0,0,.,0,38,.,.,.,.
2008,GIL,N,GIL_N,GIL_N_2008,GIL_N_2008,5,3,4,9,5.25,2.62996,0,16,.,3,63,38,0,.,3,3,.,.,.,.
2008,GIL,N,GIL_N,GIL_N_2008,GIL_N_2008,6,4,6,5,5.25,0.95743,0,63,.,3,16,16,0,.,0,63,.,.,.,.
2008,GIL,N,GIL_N,GIL_N_2008,GIL_N_2008,6,6,5,3,5,1.41421,0,38,.,38,0,38,0,.,3,38,.,.,.,.
2008,GIL,N,GIL_N,GIL_N_2008,GIL_N_2008,4,5,6,4,4.75,0.95743,0,86,.,3,3,3,3,.,0,86,.,.,.,.
2008,GIL,N,GIL_N,GIL_N_2008,GIL_N_2008,5,3,6,4,4.5,1.29099,0,16,.,63,3,38,0,.,16,0,.,.,.,.
2008,GIL,N,GIL_N,GIL_N_2008,GIL_N_2008,5,4,5,4,4.5,0.57735,0,86,.,3,3,0,0,.,0,86,.,.,.,.
2008,GIL,N,GIL_N,GIL_N_2008,GIL_N_2008,3,2,7,3,3.75,2.21736,0,63,.,3,38,16,0,.,1,86,.,.,.,.
2008,GIL,N,GIL_N,GIL_N_2008,GIL_N_2008,5,4,3,3,3.75,0.95743,0,86,.,3,0,3,0,.,0,86,.,.,.,.
2008,GIL,N,GIL_N,GIL_N_2008,GIL_N_2008,2,2,3,5,3,1.41421,0,16,.,38,38,38,0,.,16,3,.,.,.,.
2008,GIL,N,GIL_N,GIL_N_2008,GIL_N_2008,2,3,4,3,3,0.81650,0,86,.,3,3,3,0,.,0,86,.,.,.,.
2008,GIL,N,GIL_N,GIL_N_2008,GIL_N_2008,2,3,4,2,2.75,0.95743,0,38,.,38,16,38,0,.,3,63,.,.,.,.
2008,GIL,N,GIL_N,GIL_N_2008,GIL_N_2008,2,3,2,2,2.25,0.50000,0,63,.,3,16,16,0,.,3,63,.,.,.,.
2008,GIL,N,GIL_N,GIL_N_2008,GIL_N_2008,2,2,2,2,2,0.00000,0,16,.,38,16,63,0,.,38,38,.,.,.,.
2008,GIL,N,GIL_N,GIL_N_2008,GIL_N_2008,2,2,2,1,1.75,0.50000,3,3,.,63,16,38,0,.,38,0,.,.,.,.
2008,GIL,N,GIL_N,GIL_N_2008,GIL_N_2008,3,1,1,1,1.5,1.00000,0,0,.,63,16,38,0,.,16,3,.,.,.,.
2008,GIL,N,GIL_N,GIL_N_2008,GIL_N_2008,1,1,2,1,1.25,0.50000,0,16,.,38,3,38,0,.,3,16,.,.,.,.
2008,GIL,N,GIL_N,GIL_N_2008,GIL_N_2008,1,2,1,1,1.25,0.50000,0,16,.,63,0,38,0,.,3,38,.,.,.,.
2008,GIL,N,GIL_N,GIL_N_2008,GIL_N_2008,1,1,1,1,1,0.00000,0,3,.,63,3,16,0,.,16,3,.,.,.,.
2008,GIL,N,GIL_N,GIL_N_2008,GIL_N_2008,1,1,1,1,1,0.00000,0,3,.,63,16,16,3,.,3,3,.,.,.,.
2008,GIL,N,GIL_N,GIL_N_2008,GIL_N_2008,1,1,1,1,1,0.00000,0,38,.,16,3,16,0,.,3,38,.,.,.,.
2008,GIL,S,GIL_S,GIL_S_2008,GIL_S_2008,12,16,8,8,11,3.82971,0,63,.,16,16,0,63,.,0,63,.,.,.,.
2008,GIL,S,GIL_S,GIL_S_2008,GIL_S_2008,8,10,6,9,8.25,1.70783,0,38,.,16,86,0,0,.,0,16,.,.,.,.
2008,GIL,S,GIL_S,GIL_S_2008,GIL_S_2008,5,3,20,3,7.75,8.22091,0,38,.,16,16,0,0,.,38,16,.,.,.,.
2008,GIL,S,GIL_S,GIL_S_2008,GIL_S_2008,7,8,5,7,6.75,1.25831,0,63,.,16,38,0,3,.,0,38,.,.,.,.
2008,GIL,S,GIL_S,GIL_S_2008,GIL_S_2008,6,5,4,11,6.5,3.10913,0,38,.,38,3,0,0,.,0,63,.,.,.,.
2008,GIL,S,GIL_S,GIL_S_2008,GIL_S_2008,5,6,7,5,5.75,0.95743,0,63,.,0,16,3,3,.,0,63,.,.,.,.
2008,GIL,S,GIL_S,GIL_S_2008,GIL_S_2008,5,6,6,6,5.75,0.50000,0,86,.,0,16,0,0,.,0,16,.,.,.,.
2008,GIL,S,GIL_S,GIL_S_2008,GIL_S_2008,4,6,4,8,5.5,1.91485,0,63,.,3,63,0,0,.,0,63,.,.,.,.
2008,GIL,S,GIL_S,GIL_S_2008,GIL_S_2008,6,5,4,6,5.25,0.95743,0,63,.,38,3,0,0,.,0,86,.,.,.,.
2008,GIL,S,GIL_S,GIL_S_2008,GIL_S_2008,6,5,4,5,5,0.81650,0,86,.,16,16,0,0,.,0,38,.,.,.,.
2008,GIL,S,GIL_S,GIL_S_2008,GIL_S_2008,6,4,4,6,5,1.15470,0,63,.,16,16,16,0,.,0,86,.,.,.,.
2008,GIL,S,GIL_S,GIL_S_2008,GIL_S_2008,8,6,4,2,5,2.58199,0,38,.,38,16,3,0,.,3,3,.,.,.,.
2008,GIL,S,GIL_S,GIL_S_2008,GIL_S_2008,4,6,5,4,4.75,0.95743,0,86,.,3,38,0,0,.,0,38,.,.,.,.
2008,GIL,S,GIL_S,GIL_S_2008,GIL_S_2008,3,4,6,5,4.5,1.29099,0,3,.,63,16,16,0,.,16,0,.,.,.,.
2008,GIL,S,GIL_S,GIL_S_2008,GIL_S_2008,7,3,2,6,4.5,2.38048,0,63,.,3,38,0,0,.,0,63,.,.,.,.
2008,GIL,S,GIL_S,GIL_S_2008,GIL_S_2008,4,4,4,6,4.5,1.00000,0,86,.,16,3,0,0,.,0,63,.,.,.,.
2008,GIL,S,GIL_S,GIL_S_2008,GIL_S_2008,4,3,4,6,4.25,1.25831,0,86,.,16,0,0,0,.,0,86,.,.,.,.
2008,GIL,S,GIL_S,GIL_S_2008,GIL_S_2008,2,3,5,5,3.75,1.50000,0,38,.,16,38,3,0,.,0,3,.,.,.,.
2008,GIL,S,GIL_S,GIL_S_2008,GIL_S_2008,4,4,3,4,3.75,0.50000,0,63,.,38,3,0,0,.,0,86,.,.,.,.
2008,GIL,S,GIL_S,GIL_S_2008,GIL_S_2008,3,3,3,6,3.75,1.50000,0,63,.,16,16,3,0,.,0,3,.,.,.,.
2008,GIL,S,GIL_S,GIL_S_2008,GIL_S_2008,2,5,2,5,3.5,1.73205,0,38,.,3,63,3,0,.,0,16,.,.,.,.
2008,GIL,S,GIL_S,GIL_S_2008,GIL_S_2008,2,3,4,5,3.5,1.29099,0,86,.,3,3,0,0,.,0,86,.,.,.,.
2008,GIL,S,GIL_S,GIL_S_2008,GIL_S_2008,5,3,2,4,3.5,1.29099,0,63,.,3,16,3,0,.,0,86,.,.,.,.
2008,GIL,S,GIL_S,GIL_S_2008,GIL_S_2008,3,3,4,4,3.5,0.57735,0,86,.,3,3,3,0,.,0,63,.,.,.,.
2008,GIL,S,GIL_S,GIL_S_2008,GIL_S_2008,2,4,3,3,3,0.81650,0,86,.,3,16,3,0,.,0,86,.,.,.,.
2008,GIL,S,GIL_S,GIL_S_2008,GIL_S_2008,1,3,3,2,2.25,0.95743,0,63,.,3,3,38,0,.,3,63,.,.,.,.
2008,GIL,S,GIL_S,GIL_S_2008,GIL_S_2008,2,3,2,2,2.25,0.50000,0,63,.,3,3,16,0,.,0,38,.,.,.,.
2008,GIL,S,GIL_S,GIL_S_2008,GIL_S_2008,1,3,2,3,2.25,0.95743,0,38,.,16,16,63,0,.,0,3,.,.,.,.
2008,GIL,S,GIL_S,GIL_S_2008,GIL_S_2008,2,2,2,2,2,0.00000,0,63,.,3,16,3,0,.,0,63,.,.,.,.
2008,GIL,S,GIL_S,GIL_S_2008,GIL_S_2008,1,1,1,2,1.25,0.50000,0,63,.,3,3,38,0,.,3,16,.,.,.,.
2008,KLN,C,KLN_C,KLN_C_2008,KLN_C_2008,6,3,4,5,4.5,1.29099,86,3,.,3,3,3,0,.,0,38,.,.,.,.
2008,KLN,C,KLN_C,KLN_C_2008,KLN_C_2008,5,3,4,4,4,0.81650,63,3,.,0,16,1,0,.,0,63,.,.,.,.
2008,KLN,C,KLN_C,KLN_C_2008,KLN_C_2008,3,3,2,4,3,0.81650,0,38,.,16,38,3,0,.,16,38,.,.,.,.
2008,KLN,C,KLN_C,KLN_C_2008,KLN_C_2008,3,3,3,3,3,0.00000,86,3,.,0,3,3,0,.,0,63,.,.,.,.
2008,KLN,C,KLN_C,KLN_C_2008,KLN_C_2008,3,3,2,3,2.75,0.50000,63,3,.,3,3,3,0,.,0,63,.,.,.,.
2008,KLN,C,KLN_C,KLN_C_2008,KLN_C_2008,3,3,2,3,2.75,0.50000,0,38,.,3,38,3,0,.,0,63,.,.,.,.
2008,KLN,C,KLN_C,KLN_C_2008,KLN_C_2008,3,2,3,2,2.5,0.57735,38,16,.,0,16,3,0,.,3,86,.,.,.,.
2008,KLN,C,KLN_C,KLN_C_2008,KLN_C_2008,2,3,2,2,2.25,0.50000,0,3,.,16,16,3,0,.,63,1,.,.,.,.
2008,KLN,C,KLN_C,KLN_C_2008,KLN_C_2008,2,2,2,2,2,0.00000,0,16,.,3,16,63,0,.,3,16,.,.,.,.
2008,KLN,C,KLN_C,KLN_C_2008,KLN_C_2008,1,3,2,2,2,0.81650,0,0,.,3,38,3,0,.,63,0,.,.,.,.
2008,KLN,C,KLN_C,KLN_C_2008,KLN_C_2008,1,3,2,2,2,0.81650,16,0,.,3,38,0,0,.,63,1,.,.,.,.
2008,KLN,C,KLN_C,KLN_C_2008,KLN_C_2008,2,2,1,2,1.75,0.50000,16,3,.,0,3,3,0,.,86,3,.,.,.,.
2008,KLN,C,KLN_C,KLN_C_2008,KLN_C_2008,2,2,1,2,1.75,0.50000,0,16,.,1,16,3,0,.,63,0,.,.,.,.
2008,KLN,C,KLN_C,KLN_C_2008,KLN_C_2008,2,2,1,2,1.75,0.50000,3,38,.,3,3,16,0,.,16,3,.,.,.,.
2008,KLN,C,KLN_C,KLN_C_2008,KLN_C_2008,1,2,2,2,1.75,0.50000,3,38,.,3,16,0,0,.,63,3,.,.,.,.
2008,KLN,C,KLN_C,KLN_C_2008,KLN_C_2008,2,2,1,1,1.5,0.57735,0,16,.,3,3,16,0,.,38,16,.,.,.,.
2008,KLN,C,KLN_C,KLN_C_2008,KLN_C_2008,1,1,3,1,1.5,1.00000,16,3,.,3,38,38,0,.,3,3,.,.,.,.
2008,KLN,C,KLN_C,KLN_C_2008,KLN_C_2008,1,1,2,2,1.5,0.57735,38,3,.,3,3,3,0,.,86,1,.,.,.,.
2008,KLN,C,KLN_C,KLN_C_2008,KLN_C_2008,1,1,2,2,1.5,0.57735,16,38,.,3,3,3,0,.,86,1,.,.,.,.
2008,KLN,C,KLN_C,KLN_C_2008,KLN_C_2008,1,1,2,2,1.5,0.57735,16,3,.,0,3,3,0,.,86,3,.,.,.,.
2008,KLN,C,KLN_C,KLN_C_2008,KLN_C_2008,1,1,2,1,1.25,0.50000,16,16,.,3,16,3,0,.,86,1,.,.,.,.
2008,KLN,C,KLN_C,KLN_C_2008,KLN_C_2008,1,1,1,2,1.25,0.50000,16,3,.,3,3,3,0,.,86,1,.,.,.,.
2008,KLN,C,KLN_C,KLN_C_2008,KLN_C_2008,1,2,1,1,1.25,0.50000,0,63,.,3,3,38,0,.,38,3,.,.,.,.
2008,KLN,C,KLN_C,KLN_C_2008,KLN_C_2008,1,1,2,1,1.25,0.50000,3,3,.,3,16,3,0,.,63,0,.,.,.,.
2008,KLN,C,KLN_C,KLN_C_2008,KLN_C_2008,1,1,1,2,1.25,0.50000,16,3,.,1,3,0,0,.,86,3,.,.,.,.
2008,KLN,C,KLN_C,KLN_C_2008,KLN_C_2008,1,1,1,1,1,0.00000,3,16,.,3,16,3,0,.,86,3,.,.,.,.
2008,KLN,C,KLN_C,KLN_C_2008,KLN_C_2008,1,1,1,1,1,0.00000,3,16,.,3,3,16,0,.,86,1,.,.,.,.
2008,KLN,C,KLN_C,KLN_C_2008,KLN_C_2008,1,1,1,1,1,0.00000,3,16,.,3,3,63,0,.,38,3,.,.,.,.
2008,KLN,C,KLN_C,KLN_C_2008,KLN_C_2008,1,1,1,1,1,0.00000,3,16,.,0,3,3,0,.,86,3,.,.,.,.
2008,KLN,C,KLN_C,KLN_C_2008,KLN_C_2008,1,1,1,1,1,0.00000,0,38,.,3,3,63,0,.,63,1,.,.,.,.
2008,KLN,E,KLN_E,KLN_E_2008,KLN_E_2008,7,8,8,8,7.75,0.50000,0,3,.,16,38,38,0,.,3,3,.,.,.,.
2008,KLN,E,KLN_E,KLN_E_2008,KLN_E_2008,8,6,8,8,7.5,1.00000,0,3,.,16,38,63,0,.,3,3,.,.,.,.
2008,KLN,E,KLN_E,KLN_E_2008,KLN_E_2008,9,8,6,6,7.25,1.50000,0,3,.,16,16,63,0,.,3,0,.,.,.,.
2008,KLN,E,KLN_E,KLN_E_2008,KLN_E_2008,6,6,7,8,6.75,0.95743,3,38,.,16,16,16,0,.,3,16,.,.,.,.
2008,KLN,E,KLN_E,KLN_E_2008,KLN_E_2008,7,5,6,7,6.25,0.95743,0,0,.,3,38,63,0,.,3,3,.,.,.,.
2008,KLN,E,KLN_E,KLN_E_2008,KLN_E_2008,6,6,5,6,5.75,0.50000,0,3,.,3,38,38,0,.,38,3,.,.,.,.
2008,KLN,E,KLN_E,KLN_E_2008,KLN_E_2008,5,5,3,5,4.5,1.00000,3,3,.,3,16,63,0,.,16,3,.,.,.,.
2008,KLN,E,KLN_E,KLN_E_2008,KLN_E_2008,5,4,4,5,4.5,0.57735,16,16,.,3,16,3,0,.,16,16,.,.,.,.
2008,KLN,E,KLN_E,KLN_E_2008,KLN_E_2008,2,6,5,4,4.25,1.70783,16,3,.,3,63,3,0,.,16,16,.,.,.,.
2008,KLN,E,KLN_E,KLN_E_2008,KLN_E_2008,4,4,4,3,3.75,0.50000,0,16,.,16,3,38,0,.,38,0,.,.,.,.
2008,KLN,E,KLN_E,KLN_E_2008,KLN_E_2008,4,3,3,5,3.75,0.95743,0,3,.,38,16,3,0,.,16,16,.,.,.,.
2008,KLN,E,KLN_E,KLN_E_2008,KLN_E_2008,3,5,4,3,3.75,0.95743,3,63,.,0,16,0,0,.,3,38,.,.,.,.
2008,KLN,E,KLN_E,KLN_E_2008,KLN_E_2008,5,3,4,2,3.5,1.29099,0,16,.,3,63,0,0,.,16,38,.,.,.,.
2008,KLN,E,KLN_E,KLN_E_2008,KLN_E_2008,3,3,4,4,3.5,0.57735,0,3,.,0,38,63,0,.,16,1,.,.,.,.
2008,KLN,E,KLN_E,KLN_E_2008,KLN_E_2008,3,3,4,4,3.5,0.57735,0,16,.,3,16,38,0,.,16,0,.,.,.,.
2008,KLN,E,KLN_E,KLN_E_2008,KLN_E_2008,5,4,2,3,3.5,1.29099,16,38,.,3,3,3,0,.,16,38,.,.,.,.
2008,KLN,E,KLN_E,KLN_E_2008,KLN_E_2008,3,3,3,3,3,0.00000,38,3,.,16,16,3,0,.,38,3,.,.,.,.
2008,KLN,E,KLN_E,KLN_E_2008,KLN_E_2008,3,3,2,3,2.75,0.50000,0,63,.,3,3,3,0,.,16,38,.,.,.,.
2008,KLN,E,KLN_E,KLN_E_2008,KLN_E_2008,3,3,2,3,2.75,0.50000,38,16,.,3,3,16,0,.,16,16,.,.,.,.
2008,KLN,E,KLN_E,KLN_E_2008,KLN_E_2008,3,3,3,2,2.75,0.50000,38,3,.,3,16,3,0,.,38,3,.,.,.,.
2008,KLN,E,KLN_E,KLN_E_2008,KLN_E_2008,3,3,2,1,2.25,0.95743,0,63,.,3,16,3,0,.,3,16,.,.,.,.
2008,KLN,E,KLN_E,KLN_E_2008,KLN_E_2008,3,1,2,2,2,0.81650,3,3,.,1,3,38,0,.,3,16,.,.,.,.
2008,KLN,E,KLN_E,KLN_E_2008,KLN_E_2008,3,1,2,2,2,0.81650,38,3,.,3,3,3,0,.,38,16,.,.,.,.
2008,KLN,E,KLN_E,KLN_E_2008,KLN_E_2008,1,2,3,2,2,0.81650,3,38,.,3,3,16,0,.,16,16,.,.,.,.
2008,KLN,E,KLN_E,KLN_E_2008,KLN_E_2008,2,2,1,2,1.75,0.50000,0,16,.,3,3,63,0,.,3,3,.,.,.,.
2008,KLN,E,KLN_E,KLN_E_2008,KLN_E_2008,2,1,2,2,1.75,0.50000,0,63,.,3,16,3,0,.,3,38,.,.,.,.
2008,KLN,E,KLN_E,KLN_E_2008,KLN_E_2008,3,1,1,2,1.75,0.95743,16,16,.,3,3,3,0,.,16,3,.,.,.,.
2008,KLN,E,KLN_E,KLN_E_2008,KLN_E_2008,1,1,1,1,1,0.00000,0,1,.,3,3,86,0,.,3,1,.,.,.,.
2008,KLN,E,KLN_E,KLN_E_2008,KLN_E_2008,1,1,1,1,1,0.00000,3,38,.,3,3,16,0,.,38,3,.,.,.,.
2008,KLN,W,KLN_W,KLN_W_2008,KLN_W_2008,2,5,5,4,4,1.41421,86,3,.,0,3,0,0,.,0,63,.,.,.,.
2008,KLN,W,KLN_W,KLN_W_2008,KLN_W_2008,5,4,3,3,3.75,0.95743,63,3,.,3,16,0,0,.,0,63,.,.,.,.
2008,KLN,W,KLN_W,KLN_W_2008,KLN_W_2008,2,3,4,3,3,0.81650,63,16,.,3,16,3,0,.,0,63,.,.,.,.
2008,KLN,W,KLN_W,KLN_W_2008,KLN_W_2008,4,3,2,3,3,0.81650,0,63,.,3,16,3,0,.,3,63,.,.,.,.
2008,KLN,W,KLN_W,KLN_W_2008,KLN_W_2008,4,2,3,3,3,0.81650,0,38,.,16,38,16,0,.,3,63,.,.,.,.
2008,KLN,W,KLN_W,KLN_W_2008,KLN_W_2008,4,2,4,2,3,1.15470,38,3,.,3,16,16,0,.,3,63,.,.,.,.
2008,KLN,W,KLN_W,KLN_W_2008,KLN_W_2008,3,2,3,4,3,0.81650,63,3,.,0,16,3,0,.,3,63,.,.,.,.
2008,KLN,W,KLN_W,KLN_W_2008,KLN_W_2008,2,2,3,4,2.75,0.95743,16,16,.,3,16,0,0,.,38,3,.,.,.,.
2008,KLN,W,KLN_W,KLN_W_2008,KLN_W_2008,5,2,2,2,2.75,1.50000,38,3,.,0,16,3,0,.,3,63,.,.,.,.
2008,KLN,W,KLN_W,KLN_W_2008,KLN_W_2008,2,3,3,3,2.75,0.50000,16,38,.,3,3,16,0,.,3,38,.,.,.,.
2008,KLN,W,KLN_W,KLN_W_2008,KLN_W_2008,3,2,3,3,2.75,0.50000,0,86,.,0,3,3,0,.,3,38,.,.,.,.
2008,KLN,W,KLN_W,KLN_W_2008,KLN_W_2008,2,3,3,2,2.5,0.57735,86,0,.,3,3,0,0,.,3,63,.,.,.,.
2008,KLN,W,KLN_W,KLN_W_2008,KLN_W_2008,2,3,2,3,2.5,0.57735,86,3,.,3,3,0,0,.,0,63,.,.,.,.
2008,KLN,W,KLN_W,KLN_W_2008,KLN_W_2008,2,2,2,4,2.5,1.00000,0,63,.,3,16,3,0,.,3,16,.,.,.,.
2008,KLN,W,KLN_W,KLN_W_2008,KLN_W_2008,2,3,3,2,2.5,0.57735,38,38,.,0,3,0,0,.,0,63,.,.,.,.
2008,KLN,W,KLN_W,KLN_W_2008,KLN_W_2008,2,4,2,2,2.5,1.00000,3,63,.,0,3,0,0,.,0,63,.,.,.,.
2008,KLN,W,KLN_W,KLN_W_2008,KLN_W_2008,2,3,2,2,2.25,0.50000,0,38,.,16,16,38,0,.,3,38,.,.,.,.
2008,KLN,W,KLN_W,KLN_W_2008,KLN_W_2008,2,3,2,2,2.25,0.50000,0,63,.,3,3,3,0,.,3,63,.,.,.,.
2008,KLN,W,KLN_W,KLN_W_2008,KLN_W_2008,2,1,4,2,2.25,1.25831,16,38,.,3,3,3,0,.,3,63,.,.,.,.
2008,KLN,W,KLN_W,KLN_W_2008,KLN_W_2008,3,2,2,2,2.25,0.50000,63,3,.,0,16,3,0,.,3,16,.,.,.,.
2008,KLN,W,KLN_W,KLN_W_2008,KLN_W_2008,2,1,4,2,2.25,1.25831,38,3,.,3,38,16,0,.,16,3,.,.,.,.
2008,KLN,W,KLN_W,KLN_W_2008,KLN_W_2008,2,2,3,2,2.25,0.50000,16,3,.,3,38,3,0,.,38,3,.,.,.,.
2008,KLN,W,KLN_W,KLN_W_2008,KLN_W_2008,2,2,2,2,2,0.00000,63,16,.,0,3,0,0,.,0,86,.,.,.,.
2008,KLN,W,KLN_W,KLN_W_2008,KLN_W_2008,2,1,2,2,1.75,0.50000,0,63,.,3,3,0,0,.,3,63,.,.,.,.
2008,KLN,W,KLN_W,KLN_W_2008,KLN_W_2008,1,2,1,2,1.5,0.57735,0,16,.,3,38,3,0,.,63,3,.,.,.,.
2008,KLN,W,KLN_W,KLN_W_2008,KLN_W_2008,2,2,1,1,1.5,0.57735,16,0,.,3,3,3,0,.,63,16,.,.,.,.
2008,KLN,W,KLN_W,KLN_W_2008,KLN_W_2008,1,2,1,2,1.5,0.57735,3,3,.,3,16,38,0,.,16,3,.,.,.,.
2008,KLN,W,KLN_W,KLN_W_2008,KLN_W_2008,1,1,2,1,1.25,0.50000,0,16,.,16,3,3,0,.,63,3,.,.,.,.
2008,KLN,W,KLN_W,KLN_W_2008,KLN_W_2008,2,1,1,1,1.25,0.50000,3,16,.,3,38,16,0,.,38,16,.,.,.,.
2008,KLN,W,KLN_W,KLN_W_2008,KLN_W_2008,2,1,1,1,1.25,0.50000,0,38,.,3,16,0,0,.,38,16,.,.,.,.
2008,KLT,E,KLT_E,KLT_E_2008,KLT_E_2008,12,12,13,19,14,3.36650,0,0,.,98,0,0,0,.,0,63,.,.,.,.
2008,KLT,E,KLT_E,KLT_E_2008,KLT_E_2008,11,10,12,10,10.75,0.95743,0,0,.,63,63,0,0,.,0,63,.,.,.,.
2008,KLT,E,KLT_E,KLT_E_2008,KLT_E_2008,9,8,9,9,8.75,0.50000,0,0,.,38,63,3,0,.,3,63,.,.,.,.
2008,KLT,E,KLT_E,KLT_E_2008,KLT_E_2008,9,7,9,9,8.5,1.00000,0,0,.,86,3,0,0,.,0,63,.,.,.,.
2008,KLT,E,KLT_E,KLT_E_2008,KLT_E_2008,9,8,8,8,8.25,0.50000,16,0,.,16,63,0,0,.,0,63,.,.,.,.
2008,KLT,E,KLT_E,KLT_E_2008,KLT_E_2008,8,7,8,7,7.5,0.57735,63,0,.,3,38,0,0,.,0,63,.,.,.,.
2008,KLT,E,KLT_E,KLT_E_2008,KLT_E_2008,8,7,7,8,7.5,0.57735,0,0,.,63,38,0,0,.,0,63,.,.,.,.
2008,KLT,E,KLT_E,KLT_E_2008,KLT_E_2008,8,6,7,8,7.25,0.95743,3,0,.,63,63,3,0,.,0,63,.,.,.,.
2008,KLT,E,KLT_E,KLT_E_2008,KLT_E_2008,6,7,7,7,6.75,0.50000,16,0,.,16,63,3,0,.,0,63,.,.,.,.
2008,KLT,E,KLT_E,KLT_E_2008,KLT_E_2008,4,6,9,7,6.5,2.08167,3,0,.,3,63,3,0,.,16,38,.,.,.,.
2008,KLT,E,KLT_E,KLT_E_2008,KLT_E_2008,6,7,7,6,6.5,0.57735,0,0,.,86,3,0,0,.,0,63,.,.,.,.
2008,KLT,E,KLT_E,KLT_E_2008,KLT_E_2008,7,6,7,5,6.25,0.95743,38,0,.,16,38,16,0,.,0,63,.,.,.,.
2008,KLT,E,KLT_E,KLT_E_2008,KLT_E_2008,5,7,7,5,6,1.15470,63,0,.,16,16,3,0,.,0,63,.,.,.,.
2008,KLT,E,KLT_E,KLT_E_2008,KLT_E_2008,6,6,7,5,6,0.81650,0,0,.,86,3,0,0,.,0,63,.,.,.,.
2008,KLT,E,KLT_E,KLT_E_2008,KLT_E_2008,6,6,5,7,6,0.81650,86,0,.,3,3,3,0,.,3,16,.,.,.,.
2008,KLT,E,KLT_E,KLT_E_2008,KLT_E_2008,4,6,7,7,6,1.41421,0,3,.,63,16,3,0,.,0,63,.,.,.,.
2008,KLT,E,KLT_E,KLT_E_2008,KLT_E_2008,6,6,6,5,5.75,0.50000,38,0,.,16,38,16,0,.,0,38,.,.,.,.
2008,KLT,E,KLT_E,KLT_E_2008,KLT_E_2008,5,6,6,6,5.75,0.50000,3,0,.,16,86,0,0,.,1,38,.,.,.,.
2008,KLT,E,KLT_E,KLT_E_2008,KLT_E_2008,5,6,6,5,5.5,0.57735,3,0,.,86,38,3,0,.,0,63,.,.,.,.
2008,KLT,E,KLT_E,KLT_E_2008,KLT_E_2008,5,5,6,6,5.5,0.57735,0,0,.,63,38,0,0,.,0,63,.,.,.,.
2008,KLT,E,KLT_E,KLT_E_2008,KLT_E_2008,5,6,5,6,5.5,0.57735,0,0,.,86,16,0,0,.,0,63,.,.,.,.
2008,KLT,E,KLT_E,KLT_E_2008,KLT_E_2008,5,5,4,6,5,0.81650,38,0,.,38,63,3,0,.,1,63,.,.,.,.
2008,KLT,E,KLT_E,KLT_E_2008,KLT_E_2008,5,5,4,5,4.75,0.50000,38,0,.,3,16,16,0,.,0,63,.,.,.,.
2008,KLT,E,KLT_E,KLT_E_2008,KLT_E_2008,5,4,5,5,4.75,0.50000,3,0,.,16,63,0,0,.,0,38,.,.,.,.
2008,KLT,E,KLT_E,KLT_E_2008,KLT_E_2008,4,4,5,6,4.75,0.95743,38,0,.,3,38,3,0,.,0,63,.,.,.,.
2008,KLT,E,KLT_E,KLT_E_2008,KLT_E_2008,5,3,4,4,4,0.81650,0,0,.,0,86,16,0,.,38,38,.,.,.,.
2008,KLT,E,KLT_E,KLT_E_2008,KLT_E_2008,3,6,3,3,3.75,1.50000,3,0,.,3,63,3,0,.,3,38,.,.,.,.
2008,KLT,E,KLT_E,KLT_E_2008,KLT_E_2008,4,3,4,4,3.75,0.50000,38,0,.,3,16,16,0,.,3,63,.,.,.,.
2008,KLT,E,KLT_E,KLT_E_2008,KLT_E_2008,4,3,4,3,3.5,0.57735,0,0,.,0,63,3,0,.,38,3,.,.,.,.
2008,KLT,E,KLT_E,KLT_E_2008,KLT_E_2008,4,3,3,4,3.5,0.57735,3,0,.,3,63,3,0,.,3,38,.,.,.,.
2008,KLT,S,KLT_S,KLT_S_2008,KLT_S_2008,10,8,10,10,9.5,1.00000,38,0,.,16,16,0,38,.,0,38,.,.,.,.
2008,KLT,S,KLT_S,KLT_S_2008,KLT_S_2008,9,10,9,10,9.5,0.57735,16,0,.,0,63,0,3,.,0,63,.,.,.,.
2008,KLT,S,KLT_S,KLT_S_2008,KLT_S_2008,9,11,8,8,9,1.41421,0,0,.,86,3,0,3,.,0,63,.,.,.,.
2008,KLT,S,KLT_S,KLT_S_2008,KLT_S_2008,6,9,9,7,7.75,1.50000,3,0,.,0,86,16,0,.,3,38,.,.,.,.
2008,KLT,S,KLT_S,KLT_S_2008,KLT_S_2008,8,6,8,8,7.5,1.00000,38,0,.,3,38,38,0,.,16,38,.,.,.,.
2008,KLT,S,KLT_S,KLT_S_2008,KLT_S_2008,6,7,8,8,7.25,0.95743,0,38,.,38,38,0,0,.,0,63,.,.,.,.
2008,KLT,S,KLT_S,KLT_S_2008,KLT_S_2008,7,7,8,6,7,0.81650,63,0,.,16,16,3,0,.,0,63,.,.,.,.
2008,KLT,S,KLT_S,KLT_S_2008,KLT_S_2008,7,9,6,5,6.75,1.70783,0,0,.,63,0,0,0,.,0,63,.,.,.,.
2008,KLT,S,KLT_S,KLT_S_2008,KLT_S_2008,8,6,6,7,6.75,0.95743,63,0,.,0,38,3,0,.,0,63,.,.,.,.
2008,KLT,S,KLT_S,KLT_S_2008,KLT_S_2008,5,5,9,7,6.5,1.91485,16,0,.,16,63,16,0,.,0,63,.,.,.,.
2008,KLT,S,KLT_S,KLT_S_2008,KLT_S_2008,7,7,7,5,6.5,1.00000,3,3,.,16,63,3,0,.,0,63,.,.,.,.
2008,KLT,S,KLT_S,KLT_S_2008,KLT_S_2008,6,6,6,6,6,0.00000,0,38,.,3,38,0,0,.,0,63,.,.,.,.
2008,KLT,S,KLT_S,KLT_S_2008,KLT_S_2008,6,7,5,6,6,0.81650,86,0,.,0,3,0,0,.,0,63,.,.,.,.
2008,KLT,S,KLT_S,KLT_S_2008,KLT_S_2008,7,7,7,3,6,2.00000,16,0,.,0,63,3,0,.,3,63,.,.,.,.
2008,KLT,S,KLT_S,KLT_S_2008,KLT_S_2008,6,5,6,6,5.75,0.50000,0,0,.,63,38,0,0,.,0,63,.,.,.,.
2008,KLT,S,KLT_S,KLT_S_2008,KLT_S_2008,5,6,6,6,5.75,0.50000,63,0,.,3,38,3,0,.,3,38,.,.,.,.
2008,KLT,S,KLT_S,KLT_S_2008,KLT_S_2008,6,5,5,6,5.5,0.57735,0,0,.,63,3,3,0,.,0,63,.,.,.,.
2008,KLT,S,KLT_S,KLT_S_2008,KLT_S_2008,4,6,4,6,5,1.15470,0,0,.,38,38,3,0,.,16,63,.,.,.,.
2008,KLT,S,KLT_S,KLT_S_2008,KLT_S_2008,4,7,5,4,5,1.41421,16,0,.,3,38,0,0,.,0,63,.,.,.,.
2008,KLT,S,KLT_S,KLT_S_2008,KLT_S_2008,3,6,6,5,5,1.41421,0,0,.,16,38,3,0,.,16,63,.,.,.,.
2008,KLT,S,KLT_S,KLT_S_2008,KLT_S_2008,5,5,5,4,4.75,0.50000,38,0,.,3,63,16,0,.,3,63,.,.,.,.
2008,KLT,S,KLT_S,KLT_S_2008,KLT_S_2008,4,5,5,5,4.75,0.50000,63,3,.,0,16,0,0,.,0,63,.,.,.,.
2008,KLT,S,KLT_S,KLT_S_2008,KLT_S_2008,3,5,6,5,4.75,1.25831,16,0,.,16,63,0,0,.,16,38,.,.,.,.
2008,KLT,S,KLT_S,KLT_S_2008,KLT_S_2008,4,3,5,7,4.75,1.70783,0,0,.,63,38,3,0,.,0,38,.,.,.,.
2008,KLT,S,KLT_S,KLT_S_2008,KLT_S_2008,3,5,5,5,4.5,1.00000,86,0,.,0,3,0,0,.,0,63,.,.,.,.
2008,KLT,S,KLT_S,KLT_S_2008,KLT_S_2008,3,4,5,5,4.25,0.95743,38,0,.,38,16,16,0,.,3,38,.,.,.,.
2008,KLT,S,KLT_S,KLT_S_2008,KLT_S_2008,5,3,4,4,4,0.81650,63,0,.,16,16,3,3,.,16,38,.,.,.,.
2008,KLT,S,KLT_S,KLT_S_2008,KLT_S_2008,3,5,5,3,4,1.15470,63,0,.,3,16,3,0,.,3,63,.,.,.,.
2008,KLT,S,KLT_S,KLT_S_2008,KLT_S_2008,3,5,4,3,3.75,0.95743,16,0,.,38,16,3,0,.,3,38,.,.,.,.
2008,KLT,S,KLT_S,KLT_S_2008,KLT_S_2008,3,4,3,4,3.5,0.57735,0,0,.,3,38,16,0,.,38,63,.,.,.,.
2008,KLT,W,KLT_W,KLT_W_2008,KLT_W_2008,9,11,12,11,10.75,1.25831,0,0,.,38,86,0,0,.,0,63,.,.,.,.
2008,KLT,W,KLT_W,KLT_W_2008,KLT_W_2008,10,11,8,9,9.5,1.29099,3,3,.,16,86,3,0,.,0,38,.,.,.,.
2008,KLT,W,KLT_W,KLT_W_2008,KLT_W_2008,10,10,9,6,8.75,1.89297,0,0,.,3,86,3,0,.,16,3,.,.,.,.
2008,KLT,W,KLT_W,KLT_W_2008,KLT_W_2008,8,7,8,7,7.5,0.57735,16,0,.,63,63,0,0,.,0,63,.,.,.,.
2008,KLT,W,KLT_W,KLT_W_2008,KLT_W_2008,7,7,8,7,7.25,0.50000,38,0,.,16,38,3,0,.,0,63,.,.,.,.
2008,KLT,W,KLT_W,KLT_W_2008,KLT_W_2008,7,8,8,6,7.25,0.95743,16,0,.,3,38,38,0,.,0,38,.,.,.,.
2008,KLT,W,KLT_W,KLT_W_2008,KLT_W_2008,7,6,8,7,7,0.81650,38,0,.,38,63,0,0,.,0,63,.,.,.,.
2008,KLT,W,KLT_W,KLT_W_2008,KLT_W_2008,7,6,7,8,7,0.81650,63,0,.,0,16,63,0,.,0,63,.,.,.,.
2008,KLT,W,KLT_W,KLT_W_2008,KLT_W_2008,7,7,6,8,7,0.81650,38,0,.,16,63,3,0,.,0,38,.,.,.,.
2008,KLT,W,KLT_W,KLT_W_2008,KLT_W_2008,7,8,6,6,6.75,0.95743,3,0,.,63,16,3,0,.,0,38,.,.,.,.
2008,KLT,W,KLT_W,KLT_W_2008,KLT_W_2008,6,7,8,6,6.75,0.95743,38,0,.,16,38,3,0,.,0,38,.,.,.,.
2008,KLT,W,KLT_W,KLT_W_2008,KLT_W_2008,7,6,7,7,6.75,0.50000,38,0,.,3,3,38,0,.,0,38,.,.,.,.
2008,KLT,W,KLT_W,KLT_W_2008,KLT_W_2008,7,7,6,6,6.5,0.57735,3,0,.,3,86,3,0,.,16,16,.,.,.,.
2008,KLT,W,KLT_W,KLT_W_2008,KLT_W_2008,8,6,6,6,6.5,1.00000,63,0,.,0,63,16,0,.,0,63,.,.,.,.
2008,KLT,W,KLT_W,KLT_W_2008,KLT_W_2008,6,5,7,7,6.25,0.95743,38,0,.,3,63,16,0,.,0,63,.,.,.,.
2008,KLT,W,KLT_W,KLT_W_2008,KLT_W_2008,6,4,6,8,6,1.63299,38,0,.,16,16,3,0,.,0,38,.,.,.,.
2008,KLT,W,KLT_W,KLT_W_2008,KLT_W_2008,7,5,7,4,5.75,1.50000,3,0,.,38,63,0,0,.,0,63,.,.,.,.
2008,KLT,W,KLT_W,KLT_W_2008,KLT_W_2008,6,5,7,5,5.75,0.95743,0,0,.,63,38,3,0,.,0,38,.,.,.,.
2008,KLT,W,KLT_W,KLT_W_2008,KLT_W_2008,5,6,7,5,5.75,0.95743,63,0,.,3,63,0,0,.,0,38,.,.,.,.
2008,KLT,W,KLT_W,KLT_W_2008,KLT_W_2008,6,5,6,6,5.75,0.50000,86,0,.,3,16,0,0,.,0,38,.,.,.,.
2008,KLT,W,KLT_W,KLT_W_2008,KLT_W_2008,5,6,6,5,5.5,0.57735,63,0,.,3,63,3,0,.,0,63,.,.,.,.
2008,KLT,W,KLT_W,KLT_W_2008,KLT_W_2008,5,6,5,6,5.5,0.57735,86,0,.,3,16,3,0,.,3,63,.,.,.,.
2008,KLT,W,KLT_W,KLT_W_2008,KLT_W_2008,5,6,5,5,5.25,0.50000,16,0,.,3,16,1,0,.,0,63,.,.,.,.
2008,KLT,W,KLT_W,KLT_W_2008,KLT_W_2008,5,5,5,5,5,0.00000,63,0,.,3,38,0,0,.,0,63,.,.,.,.
2008,KLT,W,KLT_W,KLT_W_2008,KLT_W_2008,7,5,4,4,5,1.41421,16,0,.,3,63,3,0,.,3,63,.,.,.,.
2008,KLT,W,KLT_W,KLT_W_2008,KLT_W_2008,5,4,7,4,5,1.41421,63,0,.,0,16,0,0,.,0,63,.,.,.,.
2008,KLT,W,KLT_W,KLT_W_2008,KLT_W_2008,6,5,5,4,5,0.81650,3,0,.,3,63,0,0,.,0,63,.,.,.,.
2008,KLT,W,KLT_W,KLT_W_2008,KLT_W_2008,6,4,4,5,4.75,0.95743,38,0,.,3,63,3,0,.,0,38,.,.,.,.
2008,KLT,W,KLT_W,KLT_W_2008,KLT_W_2008,4,4,4,4,4,0.00000,38,0,.,3,38,38,0,.,3,38,.,.,.,.
2008,KLT,W,KLT_W,KLT_W_2008,KLT_W_2008,4,3,2,4,3.25,0.95743,63,0,.,3,16,3,0,.,0,63,.,.,.,.
2008,LTR,C,LTR_C,LTR_C_2008,LTR_C_2008,6,7,4,5,5.5,1.29099,0,38,.,3,63,3,0,.,0,38,.,.,.,.
2008,LTR,C,LTR_C,LTR_C_2008,LTR_C_2008,8,3,5,6,5.5,2.08167,0,63,.,0,63,0,3,.,0,63,.,.,.,.
2008,LTR,C,LTR_C,LTR_C_2008,LTR_C_2008,7,7,5,3,5.5,1.91485,0,63,.,16,38,3,0,.,0,38,.,.,.,.
2008,LTR,C,LTR_C,LTR_C_2008,LTR_C_2008,5,3,6,6,5,1.41421,38,0,.,16,38,3,3,.,0,63,.,.,.,.
2008,LTR,C,LTR_C,LTR_C_2008,LTR_C_2008,5,4,5,4,4.5,0.57735,16,3,.,38,3,0,38,.,0,38,.,.,.,.
2008,LTR,C,LTR_C,LTR_C_2008,LTR_C_2008,4,4,4,5,4.25,0.50000,3,3,.,16,38,3,0,.,0,63,.,.,.,.
2008,LTR,C,LTR_C,LTR_C_2008,LTR_C_2008,5,6,2,4,4.25,1.70783,0,63,.,3,16,3,0,.,0,63,.,.,.,.
2008,LTR,C,LTR_C,LTR_C_2008,LTR_C_2008,4,4,4,4,4,0.00000,0,38,.,16,38,0,0,.,0,63,.,.,.,.
2008,LTR,C,LTR_C,LTR_C_2008,LTR_C_2008,5,4,4,3,4,0.81650,38,3,.,16,3,3,3,.,1,38,.,.,.,.
2008,LTR,C,LTR_C,LTR_C_2008,LTR_C_2008,5,4,4,2,3.75,1.25831,16,3,.,38,38,0,3,.,0,63,.,.,.,.
2008,LTR,C,LTR_C,LTR_C_2008,LTR_C_2008,3,3,5,4,3.75,0.95743,0,16,.,3,38,3,3,.,3,63,.,.,.,.
2008,LTR,C,LTR_C,LTR_C_2008,LTR_C_2008,4,4,3,4,3.75,0.50000,16,63,.,3,3,0,0,.,0,38,.,.,.,.
2008,LTR,C,LTR_C,LTR_C_2008,LTR_C_2008,4,4,5,2,3.75,1.25831,0,63,.,3,3,3,0,.,3,38,.,.,.,.
2008,LTR,C,LTR_C,LTR_C_2008,LTR_C_2008,8,2,2,3,3.75,2.87228,0,63,.,3,3,3,0,.,3,38,.,.,.,.
2008,LTR,C,LTR_C,LTR_C_2008,LTR_C_2008,3,3,3,3,3,0.00000,3,38,.,3,3,0,0,.,0,63,.,.,.,.
2008,LTR,C,LTR_C,LTR_C_2008,LTR_C_2008,3,2,3,4,3,0.81650,38,3,.,16,3,3,3,.,0,63,.,.,.,.
2008,LTR,C,LTR_C,LTR_C_2008,LTR_C_2008,3,2,2,5,3,1.41421,0,63,.,3,3,3,0,.,0,63,.,.,.,.
2008,LTR,C,LTR_C,LTR_C_2008,LTR_C_2008,5,3,2,2,3,1.41421,0,38,.,3,3,16,3,.,3,63,.,.,.,.
2008,LTR,C,LTR_C,LTR_C_2008,LTR_C_2008,2,2,3,5,3,1.41421,0,63,.,3,16,3,0,.,1,63,.,.,.,.
2008,LTR,C,LTR_C,LTR_C_2008,LTR_C_2008,2,3,3,3,2.75,0.50000,0,63,.,3,16,3,0,.,0,63,.,.,.,.
2008,LTR,C,LTR_C,LTR_C_2008,LTR_C_2008,3,2,2,4,2.75,0.95743,38,0,.,16,3,0,0,.,3,63,.,.,.,.
2008,LTR,C,LTR_C,LTR_C_2008,LTR_C_2008,4,2,2,3,2.75,0.95743,3,16,.,16,16,3,0,.,1,63,.,.,.,.
2008,LTR,C,LTR_C,LTR_C_2008,LTR_C_2008,2,3,3,2,2.5,0.57735,0,3,.,16,16,3,0,.,38,3,.,.,.,.
2008,LTR,C,LTR_C,LTR_C_2008,LTR_C_2008,2,2,3,3,2.5,0.57735,3,63,.,3,16,3,0,.,3,38,.,.,.,.
2008,LTR,C,LTR_C,LTR_C_2008,LTR_C_2008,2,2,4,2,2.5,1.00000,0,38,.,3,3,16,0,.,0,63,.,.,.,.
2008,LTR,C,LTR_C,LTR_C_2008,LTR_C_2008,2,2,3,2,2.25,0.50000,0,38,.,16,3,63,0,.,3,16,.,.,.,.
2008,LTR,C,LTR_C,LTR_C_2008,LTR_C_2008,2,3,3,1,2.25,0.95743,0,63,.,0,16,3,0,.,1,63,.,.,.,.
2008,LTR,C,LTR_C,LTR_C_2008,LTR_C_2008,2,2,2,2,2,0.00000,0,3,.,38,38,16,0,.,1,38,.,.,.,.
2008,LTR,C,LTR_C,LTR_C_2008,LTR_C_2008,2,3,2,1,2,0.81650,0,38,.,3,3,16,0,.,0,16,.,.,.,.
2008,LTR,C,LTR_C,LTR_C_2008,LTR_C_2008,2,2,1,2,1.75,0.50000,0,63,.,0,16,0,0,.,3,63,.,.,.,.
2008,LTR,E,LTR_E,LTR_E_2008,LTR_E_2008,5,6,4,5,5,0.81650,0,63,.,16,3,0,3,.,3,38,.,.,.,.
2008,LTR,E,LTR_E,LTR_E_2008,LTR_E_2008,4,2,8,4,4.5,2.51661,0,38,.,38,16,3,0,.,0,63,.,.,.,.
2008,LTR,E,LTR_E,LTR_E_2008,LTR_E_2008,4,5,5,3,4.25,0.95743,0,63,.,16,3,0,0,.,0,38,.,.,.,.
2008,LTR,E,LTR_E,LTR_E_2008,LTR_E_2008,6,2,5,4,4.25,1.70783,0,16,.,38,38,3,16,.,0,38,.,.,.,.
2008,LTR,E,LTR_E,LTR_E_2008,LTR_E_2008,4,5,3,4,4,0.81650,0,63,.,16,1,0,0,.,0,0,.,.,.,.
2008,LTR,E,LTR_E,LTR_E_2008,LTR_E_2008,5,3,4,3,3.75,0.95743,0,38,.,16,63,0,0,.,3,63,.,.,.,.
2008,LTR,E,LTR_E,LTR_E_2008,LTR_E_2008,4,5,3,3,3.75,0.95743,0,63,.,3,3,16,0,.,0,63,.,.,.,.
2008,LTR,E,LTR_E,LTR_E_2008,LTR_E_2008,2,4,3,5,3.5,1.29099,0,63,.,3,3,0,0,.,0,63,.,.,.,.
2008,LTR,E,LTR_E,LTR_E_2008,LTR_E_2008,4,4,3,3,3.5,0.57735,0,63,.,3,16,3,0,.,0,38,.,.,.,.
2008,LTR,E,LTR_E,LTR_E_2008,LTR_E_2008,5,3,3,3,3.5,1.00000,0,63,.,3,16,16,0,.,1,63,.,.,.,.
2008,LTR,E,LTR_E,LTR_E_2008,LTR_E_2008,2,2,3,7,3.5,2.38048,0,16,.,38,0,0,3,.,0,63,.,.,.,.
2008,LTR,E,LTR_E,LTR_E_2008,LTR_E_2008,4,2,4,3,3.25,0.95743,0,63,.,0,16,3,0,.,1,63,.,.,.,.
2008,LTR,E,LTR_E,LTR_E_2008,LTR_E_2008,6,3,2,2,3.25,1.89297,0,16,.,38,38,16,3,.,3,16,.,.,.,.
2008,LTR,E,LTR_E,LTR_E_2008,LTR_E_2008,3,3,3,3,3,0.00000,3,16,.,16,63,16,0,.,0,38,.,.,.,.
2008,LTR,E,LTR_E,LTR_E_2008,LTR_E_2008,3,2,4,3,3,0.81650,0,38,.,16,3,3,0,.,0,63,.,.,.,.
2008,LTR,E,LTR_E,LTR_E_2008,LTR_E_2008,3,2,3,3,2.75,0.50000,0,63,.,0,16,0,0,.,0,63,.,.,.,.
2008,LTR,E,LTR_E,LTR_E_2008,LTR_E_2008,3,2,3,3,2.75,0.50000,0,3,.,16,63,3,0,.,1,63,.,.,.,.
2008,LTR,E,LTR_E,LTR_E_2008,LTR_E_2008,3,2,3,3,2.75,0.50000,0,3,.,38,16,3,0,.,0,63,.,.,.,.
2008,LTR,E,LTR_E,LTR_E_2008,LTR_E_2008,3,2,2,3,2.5,0.57735,0,63,.,3,16,3,0,.,0,63,.,.,.,.
2008,LTR,E,LTR_E,LTR_E_2008,LTR_E_2008,4,2,2,2,2.5,1.00000,0,16,.,38,16,3,0,.,3,38,.,.,.,.
2008,LTR,E,LTR_E,LTR_E_2008,LTR_E_2008,3,2,2,2,2.25,0.50000,0,63,.,3,3,0,0,.,3,38,.,.,.,.
2008,LTR,E,LTR_E,LTR_E_2008,LTR_E_2008,3,2,2,2,2.25,0.50000,0,3,.,63,38,3,0,.,3,38,.,.,.,.
2008,LTR,E,LTR_E,LTR_E_2008,LTR_E_2008,2,2,1,3,2,0.81650,0,16,.,16,38,63,0,.,3,16,.,.,.,.
2008,LTR,E,LTR_E,LTR_E_2008,LTR_E_2008,2,2,2,2,2,0.00000,0,38,.,0,3,16,0,.,1,63,.,.,.,.
2008,LTR,E,LTR_E,LTR_E_2008,LTR_E_2008,2,2,2,2,2,0.00000,0,86,.,0,16,0,0,.,0,63,.,.,.,.
2008,LTR,E,LTR_E,LTR_E_2008,LTR_E_2008,2,2,2,2,2,0.00000,0,3,.,16,3,16,16,.,3,38,.,.,.,.
2008,LTR,E,LTR_E,LTR_E_2008,LTR_E_2008,2,1,4,1,2,1.41421,0,3,.,38,38,16,0,.,3,16,.,.,.,.
2008,LTR,E,LTR_E,LTR_E_2008,LTR_E_2008,2,2,2,2,2,0.00000,0,16,.,38,3,3,0,.,3,16,.,.,.,.
2008,LTR,E,LTR_E,LTR_E_2008,LTR_E_2008,2,3,1,2,2,0.81650,0,16,.,16,3,3,3,.,1,63,.,.,.,.
2008,LTR,E,LTR_E,LTR_E_2008,LTR_E_2008,2,2,2,1,1.75,0.50000,0,3,.,16,38,63,0,.,3,3,.,.,.,.
2008,LTR,W,LTR_W,LTR_W_2008,LTR_W_2008,9,8,7,7,7.75,0.95743,16,38,.,3,16,0,38,.,0,16,.,.,.,.
2008,LTR,W,LTR_W,LTR_W_2008,LTR_W_2008,9,9,7,4,7.25,2.36291,0,63,.,3,16,0,38,.,0,63,.,.,.,.
2008,LTR,W,LTR_W,LTR_W_2008,LTR_W_2008,5,4,5,7,5.25,1.25831,38,3,.,16,3,0,16,.,1,16,.,.,.,.
2008,LTR,W,LTR_W,LTR_W_2008,LTR_W_2008,6,5,5,5,5.25,0.50000,3,38,.,16,38,0,16,.,0,38,.,.,.,.
2008,LTR,W,LTR_W,LTR_W_2008,LTR_W_2008,3,5,6,6,5,1.41421,3,63,.,3,38,1,0,.,0,63,.,.,.,.
2008,LTR,W,LTR_W,LTR_W_2008,LTR_W_2008,5,6,4,5,5,0.81650,16,3,.,16,38,3,0,.,0,38,.,.,.,.
2008,LTR,W,LTR_W,LTR_W_2008,LTR_W_2008,4,6,5,4,4.75,0.95743,38,3,.,16,3,3,3,.,0,63,.,.,.,.
2008,LTR,W,LTR_W,LTR_W_2008,LTR_W_2008,2,4,6,6,4.5,1.91485,3,1,.,63,38,0,0,.,0,63,.,.,.,.
2008,LTR,W,LTR_W,LTR_W_2008,LTR_W_2008,5,4,4,4,4.25,0.50000,0,86,.,3,3,0,3,.,0,63,.,.,.,.
2008,LTR,W,LTR_W,LTR_W_2008,LTR_W_2008,5,4,5,3,4.25,0.95743,63,16,.,3,3,0,3,.,0,38,.,.,.,.
2008,LTR,W,LTR_W,LTR_W_2008,LTR_W_2008,3,4,6,3,4,1.41421,38,0,.,16,16,3,16,.,3,63,.,.,.,.
2008,LTR,W,LTR_W,LTR_W_2008,LTR_W_2008,6,2,4,4,4,1.63299,16,3,.,38,16,3,3,.,0,38,.,.,.,.
2008,LTR,W,LTR_W,LTR_W_2008,LTR_W_2008,3,4,4,4,3.75,0.50000,38,3,.,16,3,3,0,.,0,16,.,.,.,.
2008,LTR,W,LTR_W,LTR_W_2008,LTR_W_2008,3,5,3,3,3.5,1.00000,3,3,.,38,16,3,0,.,3,16,.,.,.,.
2008,LTR,W,LTR_W,LTR_W_2008,LTR_W_2008,4,4,3,3,3.5,0.57735,0,86,.,0,3,3,0,.,0,38,.,.,.,.
2008,LTR,W,LTR_W,LTR_W_2008,LTR_W_2008,2,3,5,3,3.25,1.25831,0,38,.,16,16,3,0,.,0,63,.,.,.,.
2008,LTR,W,LTR_W,LTR_W_2008,LTR_W_2008,4,3,3,3,3.25,0.50000,16,16,.,16,3,3,0,.,3,16,.,.,.,.
2008,LTR,W,LTR_W,LTR_W_2008,LTR_W_2008,3,4,3,3,3.25,0.50000,38,1,.,16,3,3,3,.,3,38,.,.,.,.
2008,LTR,W,LTR_W,LTR_W_2008,LTR_W_2008,3,3,3,3,3,0.00000,16,3,.,16,16,0,0,.,1,63,.,.,.,.
2008,LTR,W,LTR_W,LTR_W_2008,LTR_W_2008,3,3,4,2,3,0.81650,38,3,.,3,16,0,0,.,0,63,.,.,.,.
2008,LTR,W,LTR_W,LTR_W_2008,LTR_W_2008,3,2,2,5,3,1.41421,3,0,.,38,3,38,0,.,16,16,.,.,.,.
2008,LTR,W,LTR_W,LTR_W_2008,LTR_W_2008,3,2,3,3,2.75,0.50000,38,16,.,3,3,16,0,.,1,63,.,.,.,.
2008,LTR,W,LTR_W,LTR_W_2008,LTR_W_2008,3,3,3,2,2.75,0.50000,0,3,.,38,16,0,0,.,0,38,.,.,.,.
2008,LTR,W,LTR_W,LTR_W_2008,LTR_W_2008,3,3,2,3,2.75,0.50000,38,0,.,3,3,3,0,.,1,38,.,.,.,.
2008,LTR,W,LTR_W,LTR_W_2008,LTR_W_2008,3,2,2,3,2.5,0.57735,3,63,.,16,16,3,0,.,0,63,.,.,.,.
2008,LTR,W,LTR_W,LTR_W_2008,LTR_W_2008,3,2,2,3,2.5,0.57735,3,38,.,16,3,3,0,.,0,38,.,.,.,.
2008,LTR,W,LTR_W,LTR_W_2008,LTR_W_2008,3,2,3,2,2.5,0.57735,16,16,.,3,16,3,0,.,3,63,.,.,.,.
2008,LTR,W,LTR_W,LTR_W_2008,LTR_W_2008,1,3,4,2,2.5,1.29099,3,3,.,38,16,0,0,.,3,38,.,.,.,.
2008,LTR,W,LTR_W,LTR_W_2008,LTR_W_2008,2,1,1,2,1.5,0.57735,16,3,.,3,3,0,0,.,3,63,.,.,.,.
2008,LTR,W,LTR_W,LTR_W_2008,LTR_W_2008,2,2,1,1,1.5,0.57735,16,3,.,16,3,3,0,.,3,63,.,.,.,.
2008,PAW,E,PAW_E,PAW_E_2008,PAW_E_2008,9,9,12,13,10.75,2.06155,0,0,.,63,63,0,16,.,16,16,.,.,.,.
2008,PAW,E,PAW_E,PAW_E_2008,PAW_E_2008,10,11,11,10,10.5,0.57735,38,0,.,3,63,0,0,.,0,38,.,.,.,.
2008,PAW,E,PAW_E,PAW_E_2008,PAW_E_2008,10,10,10,10,10,0.00000,63,0,.,16,63,0,3,.,0,38,.,.,.,.
2008,PAW,E,PAW_E,PAW_E_2008,PAW_E_2008,10,8,10,10,9.5,1.00000,3,0,.,16,86,0,3,.,16,3,.,.,.,.
2008,PAW,E,PAW_E,PAW_E_2008,PAW_E_2008,10,5,10,10,8.75,2.50000,63,0,.,16,38,0,16,.,0,38,.,.,.,.
2008,PAW,E,PAW_E,PAW_E_2008,PAW_E_2008,9,8,9,8,8.5,0.57735,16,0,.,3,86,0,0,.,0,63,.,.,.,.
2008,PAW,E,PAW_E,PAW_E_2008,PAW_E_2008,9,7,10,8,8.5,1.29099,63,0,.,3,38,0,16,.,0,38,.,.,.,.
2008,PAW,E,PAW_E,PAW_E_2008,PAW_E_2008,7,8,8,11,8.5,1.73205,3,0,.,3,63,0,3,.,16,16,.,.,.,.
2008,PAW,E,PAW_E,PAW_E_2008,PAW_E_2008,7,7,10,10,8.5,1.73205,38,0,.,16,63,0,3,.,38,3,.,.,.,.
2008,PAW,E,PAW_E,PAW_E_2008,PAW_E_2008,10,7,8,9,8.5,1.29099,38,0,.,16,86,0,16,.,16,16,.,.,.,.
2008,PAW,E,PAW_E,PAW_E_2008,PAW_E_2008,8,8,9,8,8.25,0.50000,1,0,.,1,86,0,3,.,16,3,.,.,.,.
2008,PAW,E,PAW_E,PAW_E_2008,PAW_E_2008,7,8,10,8,8.25,1.25831,3,0,.,38,63,0,16,.,38,1,.,.,.,.
2008,PAW,E,PAW_E,PAW_E_2008,PAW_E_2008,7,8,9,8,8,0.81650,38,0,.,16,63,0,16,.,16,3,.,.,.,.
2008,PAW,E,PAW_E,PAW_E_2008,PAW_E_2008,9,8,7,8,8,0.81650,16,0,.,16,63,38,0,.,0,16,.,.,.,.
2008,PAW,E,PAW_E,PAW_E_2008,PAW_E_2008,9,6,6,10,7.75,2.06155,63,0,.,3,63,0,3,.,16,3,.,.,.,.
2008,PAW,E,PAW_E,PAW_E_2008,PAW_E_2008,8,7,9,7,7.75,0.95743,0,0,.,38,63,0,3,.,0,38,.,.,.,.
2008,PAW,E,PAW_E,PAW_E_2008,PAW_E_2008,7,5,7,11,7.5,2.51661,3,0,.,16,86,0,3,.,38,16,.,.,.,.
2008,PAW,E,PAW_E,PAW_E_2008,PAW_E_2008,7,7,6,8,7,0.81650,3,0,.,38,63,16,0,.,63,3,.,.,.,.
2008,PAW,E,PAW_E,PAW_E_2008,PAW_E_2008,6,7,8,5,6.5,1.29099,38,0,.,16,63,0,0,.,16,3,.,.,.,.
2008,PAW,E,PAW_E,PAW_E_2008,PAW_E_2008,6,8,6,6,6.5,1.00000,16,0,.,3,63,3,3,.,3,38,.,.,.,.
2008,PAW,E,PAW_E,PAW_E_2008,PAW_E_2008,6,6,5,8,6.25,1.25831,0,0,.,16,86,0,0,.,3,38,.,.,.,.
2008,PAW,E,PAW_E,PAW_E_2008,PAW_E_2008,7,5,7,6,6.25,0.95743,38,0,.,38,63,3,3,.,63,0,.,.,.,.
2008,PAW,E,PAW_E,PAW_E_2008,PAW_E_2008,6,6,6,4,5.5,1.00000,16,0,.,3,63,38,3,.,3,3,.,.,.,.
2008,PAW,E,PAW_E,PAW_E_2008,PAW_E_2008,5,5,6,5,5.25,0.50000,38,0,.,3,86,0,0,.,16,16,.,.,.,.
2008,PAW,E,PAW_E,PAW_E_2008,PAW_E_2008,7,5,5,4,5.25,1.25831,0,0,.,38,38,38,3,.,63,0,.,.,.,.
2008,PAW,E,PAW_E,PAW_E_2008,PAW_E_2008,5,5,5,6,5.25,0.50000,63,0,.,3,38,0,0,.,16,0,.,.,.,.
2008,PAW,E,PAW_E,PAW_E_2008,PAW_E_2008,4,5,6,4,4.75,0.95743,63,0,.,3,38,0,0,.,3,38,.,.,.,.
2008,PAW,E,PAW_E,PAW_E_2008,PAW_E_2008,4,4,5,5,4.5,0.57735,63,0,.,3,63,3,3,.,3,38,.,.,.,.
2008,PAW,E,PAW_E,PAW_E_2008,PAW_E_2008,5,4,3,5,4.25,0.95743,63,0,.,3,38,3,0,.,38,3,.,.,.,.
2008,PAW,E,PAW_E,PAW_E_2008,PAW_E_2008,4,4,5,4,4.25,0.50000,38,0,.,0,63,3,3,.,38,0,.,.,.,.
2008,PAW,S,PAW_S,PAW_S_2008,PAW_S_2008,12,12,13,13,12.5,0.57735,16,0,.,1,63,38,0,.,16,3,.,.,.,.
2008,PAW,S,PAW_S,PAW_S_2008,PAW_S_2008,11,11,12,11,11.25,0.50000,0,0,.,16,98,0,0,.,38,3,.,.,.,.
2008,PAW,S,PAW_S,PAW_S_2008,PAW_S_2008,12,10,10,10,10.5,1.00000,3,0,.,38,98,0,0,.,16,16,.,.,.,.
2008,PAW,S,PAW_S,PAW_S_2008,PAW_S_2008,10,11,10,10,10.25,0.50000,38,0,.,38,86,0,3,.,16,16,.,.,.,.
2008,PAW,S,PAW_S,PAW_S_2008,PAW_S_2008,10,10,11,10,10.25,0.50000,63,0,.,3,38,0,0,.,16,38,.,.,.,.
2008,PAW,S,PAW_S,PAW_S_2008,PAW_S_2008,10,11,9,11,10.25,0.95743,16,0,.,3,63,16,0,.,3,38,.,.,.,.
2008,PAW,S,PAW_S,PAW_S_2008,PAW_S_2008,7,7,13,13,10,3.46410,38,0,.,0,86,0,16,.,63,3,.,.,.,.
2008,PAW,S,PAW_S,PAW_S_2008,PAW_S_2008,7,7,8,17,9.75,4.85627,38,0,.,16,63,0,3,.,16,38,.,.,.,.
2008,PAW,S,PAW_S,PAW_S_2008,PAW_S_2008,10,10,9,9,9.5,0.57735,63,0,.,16,63,0,3,.,38,3,.,.,.,.
2008,PAW,S,PAW_S,PAW_S_2008,PAW_S_2008,9,12,10,7,9.5,2.08167,16,0,.,16,63,0,16,.,38,16,.,.,.,.
2008,PAW,S,PAW_S,PAW_S_2008,PAW_S_2008,8,9,11,10,9.5,1.29099,38,0,.,3,86,0,0,.,3,38,.,.,.,.
2008,PAW,S,PAW_S,PAW_S_2008,PAW_S_2008,9,11,9,9,9.5,1.00000,86,0,.,0,63,0,0,.,16,38,.,.,.,.
2008,PAW,S,PAW_S,PAW_S_2008,PAW_S_2008,11,8,8,9,9,1.41421,16,0,.,16,86,16,3,.,38,3,.,.,.,.
2008,PAW,S,PAW_S,PAW_S_2008,PAW_S_2008,10,9,8,9,9,0.81650,16,0,.,3,63,0,16,.,3,3,.,.,.,.
2008,PAW,S,PAW_S,PAW_S_2008,PAW_S_2008,10,9,8,8,8.75,0.95743,3,0,.,3,86,3,0,.,3,38,.,.,.,.
2008,PAW,S,PAW_S,PAW_S_2008,PAW_S_2008,8,9,8,10,8.75,0.95743,86,0,.,0,16,0,3,.,16,3,.,.,.,.
2008,PAW,S,PAW_S,PAW_S_2008,PAW_S_2008,9,8,9,9,8.75,0.50000,38,0,.,16,63,16,0,.,3,38,.,.,.,.
2008,PAW,S,PAW_S,PAW_S_2008,PAW_S_2008,7,8,9,9,8.25,0.95743,86,0,.,0,3,0,0,.,3,63,.,.,.,.
2008,PAW,S,PAW_S,PAW_S_2008,PAW_S_2008,9,8,9,7,8.25,0.95743,3,0,.,3,86,3,0,.,3,3,.,.,.,.
2008,PAW,S,PAW_S,PAW_S_2008,PAW_S_2008,8,9,10,6,8.25,1.70783,3,0,.,38,63,0,0,.,38,3,.,.,.,.
2008,PAW,S,PAW_S,PAW_S_2008,PAW_S_2008,5,9,11,7,8,2.58199,16,0,.,38,63,0,0,.,0,38,.,.,.,.
2008,PAW,S,PAW_S,PAW_S_2008,PAW_S_2008,6,10,7,8,7.75,1.70783,63,0,.,3,63,16,0,.,3,3,.,.,.,.
2008,PAW,S,PAW_S,PAW_S_2008,PAW_S_2008,6,8,8,8,7.5,1.00000,16,0,.,16,63,0,0,.,16,16,.,.,.,.
2008,PAW,S,PAW_S,PAW_S_2008,PAW_S_2008,6,5,8,10,7.25,2.21736,63,0,.,3,38,3,3,.,38,0,.,.,.,.
2008,PAW,S,PAW_S,PAW_S_2008,PAW_S_2008,10,7,6,6,7.25,1.89297,38,0,.,3,63,16,0,.,3,16,.,.,.,.
2008,PAW,S,PAW_S,PAW_S_2008,PAW_S_2008,6,6,7,7,6.5,0.57735,63,0,.,3,63,16,3,.,38,3,.,.,.,.
2008,PAW,S,PAW_S,PAW_S_2008,PAW_S_2008,10,6,6,4,6.5,2.51661,63,0,.,3,63,0,0,.,3,3,.,.,.,.
2008,PAW,S,PAW_S,PAW_S_2008,PAW_S_2008,6,8,6,5,6.25,1.25831,63,0,.,3,63,0,3,.,3,16,.,.,.,.
2008,PAW,S,PAW_S,PAW_S_2008,PAW_S_2008,7,8,2,7,6,2.70801,38,0,.,3,63,3,0,.,3,3,.,.,.,.
2008,PAW,S,PAW_S,PAW_S_2008,PAW_S_2008,4,4,5,6,4.75,0.95743,16,0,.,0,38,3,16,.,38,38,.,.,.,.
2008,PAW,W,PAW_W,PAW_W_2008,PAW_W_2008,15,12,13,11,12.75,1.70783,0,0,.,98,3,0,0,.,38,3,.,.,.,.
2008,PAW,W,PAW_W,PAW_W_2008,PAW_W_2008,11,10,12,12,11.25,0.95743,38,0,.,63,63,0,0,.,3,63,.,.,.,.
2008,PAW,W,PAW_W,PAW_W_2008,PAW_W_2008,12,12,10,11,11.25,0.95743,63,0,.,16,63,0,0,.,38,16,.,.,.,.
2008,PAW,W,PAW_W,PAW_W_2008,PAW_W_2008,14,12,10,8,11,2.58199,3,0,.,63,63,0,0,.,16,38,.,.,.,.
2008,PAW,W,PAW_W,PAW_W_2008,PAW_W_2008,9,11,11,12,10.75,1.25831,16,0,.,63,63,0,0,.,16,16,.,.,.,.
2008,PAW,W,PAW_W,PAW_W_2008,PAW_W_2008,11,10,10,11,10.5,0.57735,86,0,.,3,38,0,0,.,3,38,.,.,.,.
2008,PAW,W,PAW_W,PAW_W_2008,PAW_W_2008,9,9,9,11,9.5,1.00000,16,0,.,16,86,0,16,.,38,3,.,.,.,.
2008,PAW,W,PAW_W,PAW_W_2008,PAW_W_2008,9,8,9,9,8.75,0.50000,38,0,.,63,63,0,3,.,0,63,.,.,.,.
2008,PAW,W,PAW_W,PAW_W_2008,PAW_W_2008,9,6,9,10,8.5,1.73205,3,0,.,3,63,0,16,.,16,3,.,.,.,.
2008,PAW,W,PAW_W,PAW_W_2008,PAW_W_2008,7,7,8,9,7.75,0.95743,63,0,.,16,38,0,0,.,0,38,.,.,.,.
2008,PAW,W,PAW_W,PAW_W_2008,PAW_W_2008,7,7,8,9,7.75,0.95743,86,0,.,3,63,0,0,.,16,16,.,.,.,.
2008,PAW,W,PAW_W,PAW_W_2008,PAW_W_2008,10,6,6,9,7.75,2.06155,38,0,.,0,63,0,0,.,3,38,.,.,.,.
2008,PAW,W,PAW_W,PAW_W_2008,PAW_W_2008,9,9,8,4,7.5,2.38048,3,0,.,3,63,3,16,.,16,16,.,.,.,.
2008,PAW,W,PAW_W,PAW_W_2008,PAW_W_2008,7,7,7,7,7,0.00000,16,0,.,16,86,0,0,.,3,38,.,.,.,.
2008,PAW,W,PAW_W,PAW_W_2008,PAW_W_2008,7,7,7,7,7,0.00000,38,0,.,38,63,0,16,.,0,63,.,.,.,.
2008,PAW,W,PAW_W,PAW_W_2008,PAW_W_2008,7,5,8,7,6.75,1.25831,38,0,.,3,63,0,0,.,3,38,.,.,.,.
2008,PAW,W,PAW_W,PAW_W_2008,PAW_W_2008,7,6,6,7,6.5,0.57735,38,0,.,16,63,0,16,.,16,3,.,.,.,.
2008,PAW,W,PAW_W,PAW_W_2008,PAW_W_2008,6,7,7,6,6.5,0.57735,63,0,.,0,38,0,3,.,3,16,.,.,.,.
2008,PAW,W,PAW_W,PAW_W_2008,PAW_W_2008,5,6,8,6,6.25,1.25831,38,0,.,3,63,0,0,.,0,63,.,.,.,.
2008,PAW,W,PAW_W,PAW_W_2008,PAW_W_2008,6,7,6,6,6.25,0.50000,3,0,.,3,63,0,16,.,16,3,.,.,.,.
2008,PAW,W,PAW_W,PAW_W_2008,PAW_W_2008,6,6,6,6,6,0.00000,3,0,.,3,63,0,0,.,38,3,.,.,.,.
2008,PAW,W,PAW_W,PAW_W_2008,PAW_W_2008,6,5,6,6,5.75,0.50000,63,0,.,3,16,16,3,.,3,3,.,.,.,.
2008,PAW,W,PAW_W,PAW_W_2008,PAW_W_2008,6,6,5,5,5.5,0.57735,16,0,.,38,63,0,0,.,3,63,.,.,.,.
2008,PAW,W,PAW_W,PAW_W_2008,PAW_W_2008,5,5,5,6,5.25,0.50000,63,0,.,16,63,0,0,.,38,38,.,.,.,.
2008,PAW,W,PAW_W,PAW_W_2008,PAW_W_2008,5,4,6,6,5.25,0.95743,38,0,.,3,63,0,0,.,16,3,.,.,.,.
2008,PAW,W,PAW_W,PAW_W_2008,PAW_W_2008,6,4,4,6,5,1.15470,63,0,.,0,38,0,0,.,16,3,.,.,.,.
2008,PAW,W,PAW_W,PAW_W_2008,PAW_W_2008,4,5,4,4,4.25,0.50000,38,0,.,16,63,0,0,.,3,38,.,.,.,.
2008,PAW,W,PAW_W,PAW_W_2008,PAW_W_2008,4,3,4,5,4,0.81650,86,0,.,0,0,0,0,.,3,3,.,.,.,.
2008,PAW,W,PAW_W,PAW_W_2008,PAW_W_2008,4,4,4,4,4,0.00000,63,0,.,3,16,3,0,.,0,63,.,.,.,.
2008,PYN,N,PYN_N,PYN_N_2008,PYN_N_2008,7,7,7,8,7.25,0.50000,0,63,.,3,38,3,0,.,0,86,.,.,.,.
2008,PYN,N,PYN_N,PYN_N_2008,PYN_N_2008,7,5,6,7,6.25,0.95743,0,63,.,3,38,38,0,.,0,86,.,.,.,.
2008,PYN,N,PYN_N,PYN_N_2008,PYN_N_2008,4,5,4,10,5.75,2.87228,0,86,.,3,3,0,0,.,0,63,.,.,.,.
2008,PYN,N,PYN_N,PYN_N_2008,PYN_N_2008,6,4,5,7,5.5,1.29099,0,38,.,16,63,16,0,.,16,16,.,.,.,.
2008,PYN,N,PYN_N,PYN_N_2008,PYN_N_2008,5,5,6,6,5.5,0.57735,3,63,.,3,38,16,0,.,3,38,.,.,.,.
2008,PYN,N,PYN_N,PYN_N_2008,PYN_N_2008,4,7,5,6,5.5,1.29099,3,3,.,16,38,63,0,.,16,3,.,.,.,.
2008,PYN,N,PYN_N,PYN_N_2008,PYN_N_2008,7,3,4,5,4.75,1.70783,0,63,.,16,38,3,16,.,0,16,.,.,.,.
2008,PYN,N,PYN_N,PYN_N_2008,PYN_N_2008,4,6,4,4,4.5,1.00000,0,16,.,3,38,63,3,.,3,3,.,.,.,.
2008,PYN,N,PYN_N,PYN_N_2008,PYN_N_2008,5,4,4,5,4.5,0.57735,0,16,.,38,16,16,0,.,3,38,.,.,.,.
2008,PYN,N,PYN_N,PYN_N_2008,PYN_N_2008,4,4,4,5,4.25,0.50000,0,38,.,63,3,16,0,.,0,38,.,.,.,.
2008,PYN,N,PYN_N,PYN_N_2008,PYN_N_2008,8,2,2,5,4.25,2.87228,3,38,.,38,16,63,0,.,3,3,.,.,.,.
2008,PYN,N,PYN_N,PYN_N_2008,PYN_N_2008,5,4,3,4,4,0.81650,3,38,.,3,16,38,0,.,16,3,.,.,.,.
2008,PYN,N,PYN_N,PYN_N_2008,PYN_N_2008,5,3,3,5,4,1.15470,0,38,.,3,3,38,0,.,3,16,.,.,.,.
2008,PYN,N,PYN_N,PYN_N_2008,PYN_N_2008,2,4,4,5,3.75,1.25831,0,63,.,3,16,3,38,.,0,63,.,.,.,.
2008,PYN,N,PYN_N,PYN_N_2008,PYN_N_2008,4,4,3,4,3.75,0.50000,3,63,.,3,16,16,0,.,0,63,.,.,.,.
2008,PYN,N,PYN_N,PYN_N_2008,PYN_N_2008,5,3,4,2,3.5,1.29099,3,16,.,38,16,63,0,.,0,16,.,.,.,.
2008,PYN,N,PYN_N,PYN_N_2008,PYN_N_2008,4,4,1,4,3.25,1.50000,3,63,.,16,38,38,0,.,0,38,.,.,.,.
2008,PYN,N,PYN_N,PYN_N_2008,PYN_N_2008,2,4,4,3,3.25,0.95743,0,63,.,16,16,0,0,.,0,63,.,.,.,.
2008,PYN,N,PYN_N,PYN_N_2008,PYN_N_2008,2,3,3,5,3.25,1.25831,0,38,.,38,16,0,0,.,0,63,.,.,.,.
2008,PYN,N,PYN_N,PYN_N_2008,PYN_N_2008,4,4,2,2,3,1.15470,0,63,.,16,16,16,0,.,0,38,.,.,.,.
2008,PYN,N,PYN_N,PYN_N_2008,PYN_N_2008,2,3,3,2,2.5,0.57735,0,63,.,16,16,16,0,.,0,63,.,.,.,.
2008,PYN,N,PYN_N,PYN_N_2008,PYN_N_2008,2,3,2,2,2.25,0.50000,0,38,.,63,16,38,0,.,0,16,.,.,.,.
2008,PYN,N,PYN_N,PYN_N_2008,PYN_N_2008,2,3,2,2,2.25,0.50000,3,63,.,3,38,38,0,.,0,63,.,.,.,.
2008,PYN,N,PYN_N,PYN_N_2008,PYN_N_2008,2,2,2,2,2,0.00000,0,63,.,16,16,16,0,.,0,16,.,.,.,.
2008,PYN,N,PYN_N,PYN_N_2008,PYN_N_2008,2,2,2,2,2,0.00000,3,38,.,16,3,38,0,.,3,38,.,.,.,.
2008,PYN,N,PYN_N,PYN_N_2008,PYN_N_2008,3,2,2,1,2,0.81650,3,63,.,3,38,3,16,.,0,63,.,.,.,.
2008,PYN,N,PYN_N,PYN_N_2008,PYN_N_2008,2,2,2,1,1.75,0.50000,38,16,.,3,38,16,0,.,16,16,.,.,.,.
2008,PYN,N,PYN_N,PYN_N_2008,PYN_N_2008,2,1,1,1,1.25,0.50000,3,16,.,16,63,38,0,.,0,16,.,.,.,.
2008,PYN,N,PYN_N,PYN_N_2008,PYN_N_2008,1,1,1,1,1,0.00000,0,63,.,16,3,38,0,.,0,38,.,.,.,.
2008,PYN,N,PYN_N,PYN_N_2008,PYN_N_2008,1,1,1,1,1,0.00000,3,38,.,38,16,63,0,.,0,3,.,.,.,.
2008,PYN,S,PYN_S,PYN_S_2008,PYN_S_2008,8,5,6,6,6.25,1.25831,3,16,.,38,3,16,0,.,38,38,.,.,.,.
2008,PYN,S,PYN_S,PYN_S_2008,PYN_S_2008,6,6,4,6,5.5,1.00000,0,63,.,3,38,38,0,.,0,63,.,.,.,.
2008,PYN,S,PYN_S,PYN_S_2008,PYN_S_2008,5,5,4,6,5,0.81650,3,16,.,38,3,16,0,.,3,63,.,.,.,.
2008,PYN,S,PYN_S,PYN_S_2008,PYN_S_2008,5,5,4,5,4.75,0.50000,3,63,.,16,16,3,0,.,0,86,.,.,.,.
2008,PYN,S,PYN_S,PYN_S_2008,PYN_S_2008,5,5,4,4,4.5,0.57735,3,63,.,3,38,38,0,.,0,63,.,.,.,.
2008,PYN,S,PYN_S,PYN_S_2008,PYN_S_2008,6,4,4,3,4.25,1.25831,0,38,.,38,38,3,0,.,3,16,.,.,.,.
2008,PYN,S,PYN_S,PYN_S_2008,PYN_S_2008,4,4,4,4,4,0.00000,0,63,.,3,38,3,0,.,0,86,.,.,.,.
2008,PYN,S,PYN_S,PYN_S_2008,PYN_S_2008,3,4,4,4,3.75,0.50000,0,63,.,16,38,16,0,.,0,63,.,.,.,.
2008,PYN,S,PYN_S,PYN_S_2008,PYN_S_2008,3,4,3,5,3.75,0.95743,0,38,.,3,16,38,38,.,0,63,.,.,.,.
2008,PYN,S,PYN_S,PYN_S_2008,PYN_S_2008,3,4,4,4,3.75,0.50000,0,63,.,16,3,38,0,.,3,63,.,.,.,.
2008,PYN,S,PYN_S,PYN_S_2008,PYN_S_2008,6,2,3,3,3.5,1.73205,0,63,.,3,16,16,0,.,0,63,.,.,.,.
2008,PYN,S,PYN_S,PYN_S_2008,PYN_S_2008,4,3,3,4,3.5,0.57735,3,16,.,16,16,38,0,.,38,16,.,.,.,.
2008,PYN,S,PYN_S,PYN_S_2008,PYN_S_2008,3,3,4,3,3.25,0.50000,0,63,.,16,16,16,0,.,3,63,.,.,.,.
2008,PYN,S,PYN_S,PYN_S_2008,PYN_S_2008,4,2,3,4,3.25,0.95743,0,16,.,3,38,63,0,.,3,63,.,.,.,.
2008,PYN,S,PYN_S,PYN_S_2008,PYN_S_2008,4,2,3,3,3,0.81650,0,38,.,16,38,38,0,.,0,38,.,.,.,.
2008,PYN,S,PYN_S,PYN_S_2008,PYN_S_2008,2,4,3,3,3,0.81650,16,63,.,16,16,3,0,.,0,63,.,.,.,.
2008,PYN,S,PYN_S,PYN_S_2008,PYN_S_2008,2,3,3,3,2.75,0.50000,63,16,.,16,3,16,0,.,0,63,.,.,.,.
2008,PYN,S,PYN_S,PYN_S_2008,PYN_S_2008,2,3,3,3,2.75,0.50000,0,63,.,16,3,38,0,.,3,63,.,.,.,.
2008,PYN,S,PYN_S,PYN_S_2008,PYN_S_2008,2,2,3,3,2.5,0.57735,16,63,.,16,3,16,0,.,0,38,.,.,.,.
2008,PYN,S,PYN_S,PYN_S_2008,PYN_S_2008,3,2,2,3,2.5,0.57735,0,38,.,38,16,16,0,.,0,63,.,.,.,.
2008,PYN,S,PYN_S,PYN_S_2008,PYN_S_2008,1,2,2,4,2.25,1.25831,3,63,.,3,16,38,0,.,3,63,.,.,.,.
2008,PYN,S,PYN_S,PYN_S_2008,PYN_S_2008,3,4,1,1,2.25,1.50000,0,63,.,16,3,38,0,.,0,38,.,.,.,.
2008,PYN,S,PYN_S,PYN_S_2008,PYN_S_2008,2,2,2,2,2,0.00000,0,63,.,16,16,38,0,.,0,38,.,.,.,.
2008,PYN,S,PYN_S,PYN_S_2008,PYN_S_2008,2,2,1,2,1.75,0.50000,0,63,.,3,3,38,3,.,3,63,.,.,.,.
2008,PYN,S,PYN_S,PYN_S_2008,PYN_S_2008,1,1,2,2,1.5,0.57735,0,63,.,3,16,0,3,.,0,63,.,.,.,.
2008,PYN,S,PYN_S,PYN_S_2008,PYN_S_2008,2,2,1,1,1.5,0.57735,3,38,.,16,16,63,0,.,0,38,.,.,.,.
2008,PYN,S,PYN_S,PYN_S_2008,PYN_S_2008,1,2,2,1,1.5,0.57735,38,38,.,16,16,38,0,.,0,38,.,.,.,.
2008,PYN,S,PYN_S,PYN_S_2008,PYN_S_2008,1,2,2,1,1.5,0.57735,38,38,.,38,3,16,0,.,3,38,.,.,.,.
2008,PYN,S,PYN_S,PYN_S_2008,PYN_S_2008,1,2,1,2,1.5,0.57735,0,63,.,38,3,16,0,.,0,38,.,.,.,.
2008,PYN,S,PYN_S,PYN_S_2008,PYN_S_2008,1,2,1,1,1.25,0.50000,38,38,.,16,3,38,0,.,0,38,.,.,.,.
2008,PYN,W,PYN_W,PYN_W_2008,PYN_W_2008,6,8,4,5,5.75,1.70783,3,16,.,3,63,16,3,.,16,3,.,.,.,.
2008,PYN,W,PYN_W,PYN_W_2008,PYN_W_2008,4,4,5,6,4.75,0.95743,16,16,.,16,63,16,0,.,16,3,.,.,.,.
2008,PYN,W,PYN_W,PYN_W_2008,PYN_W_2008,4,4,3,4,3.75,0.50000,16,16,.,3,16,63,0,.,3,3,.,.,.,.
2008,PYN,W,PYN_W,PYN_W_2008,PYN_W_2008,4,3,3,4,3.5,0.57735,0,63,.,3,3,0,16,.,0,63,.,.,.,.
2008,PYN,W,PYN_W,PYN_W_2008,PYN_W_2008,3,3,2,6,3.5,1.73205,38,38,.,3,38,63,0,.,16,3,.,.,.,.
2008,PYN,W,PYN_W,PYN_W_2008,PYN_W_2008,2,2,4,5,3.25,1.50000,16,38,.,16,38,38,0,.,16,3,.,.,.,.
2008,PYN,W,PYN_W,PYN_W_2008,PYN_W_2008,3,5,2,2,3,1.41421,0,63,.,16,63,38,0,.,0,3,.,.,.,.
2008,PYN,W,PYN_W,PYN_W_2008,PYN_W_2008,4,2,2,4,3,1.15470,16,16,.,63,3,16,0,.,3,3,.,.,.,.
2008,PYN,W,PYN_W,PYN_W_2008,PYN_W_2008,4,3,2,2,2.75,0.95743,3,16,.,3,38,38,0,.,16,3,.,.,.,.
2008,PYN,W,PYN_W,PYN_W_2008,PYN_W_2008,4,2,2,2,2.5,1.00000,3,16,.,3,38,38,0,.,38,3,.,.,.,.
2008,PYN,W,PYN_W,PYN_W_2008,PYN_W_2008,6,1,2,1,2.5,2.38048,3,3,.,16,38,38,0,.,38,3,.,.,.,.
2008,PYN,W,PYN_W,PYN_W_2008,PYN_W_2008,2,2,3,2,2.25,0.50000,16,38,.,3,63,3,0,.,3,16,.,.,.,.
2008,PYN,W,PYN_W,PYN_W_2008,PYN_W_2008,3,2,2,2,2.25,0.50000,0,63,.,16,3,0,0,.,0,16,.,.,.,.
2008,PYN,W,PYN_W,PYN_W_2008,PYN_W_2008,2,2,2,3,2.25,0.50000,16,16,.,3,16,63,0,.,38,3,.,.,.,.
2008,PYN,W,PYN_W,PYN_W_2008,PYN_W_2008,2,3,2,1,2,0.81650,0,63,.,3,16,16,0,.,3,38,.,.,.,.
2008,PYN,W,PYN_W,PYN_W_2008,PYN_W_2008,3,1,3,1,2,1.15470,16,16,.,63,16,63,0,.,3,1,.,.,.,.
2008,PYN,W,PYN_W,PYN_W_2008,PYN_W_2008,2,2,2,2,2,0.00000,16,16,.,16,16,38,0,.,63,0,.,.,.,.
2008,PYN,W,PYN_W,PYN_W_2008,PYN_W_2008,2,2,3,1,2,0.81650,16,16,.,38,16,63,0,.,16,1,.,.,.,.
2008,PYN,W,PYN_W,PYN_W_2008,PYN_W_2008,2,3,1,1,1.75,0.95743,3,38,.,3,38,38,0,.,3,16,.,.,.,.
2008,PYN,W,PYN_W,PYN_W_2008,PYN_W_2008,3,2,1,1,1.75,0.95743,3,16,.,38,38,16,0,.,3,38,.,.,.,.
2008,PYN,W,PYN_W,PYN_W_2008,PYN_W_2008,2,1,2,2,1.75,0.50000,0,38,.,38,16,63,0,.,3,3,.,.,.,.
2008,PYN,W,PYN_W,PYN_W_2008,PYN_W_2008,2,1,3,1,1.75,0.95743,16,38,.,16,3,38,0,.,16,3,.,.,.,.
2008,PYN,W,PYN_W,PYN_W_2008,PYN_W_2008,1,1,2,2,1.5,0.57735,16,38,.,16,38,38,0,.,16,16,.,.,.,.
2008,PYN,W,PYN_W,PYN_W_2008,PYN_W_2008,2,2,1,1,1.5,0.57735,3,3,.,38,3,38,0,.,16,3,.,.,.,.
2008,PYN,W,PYN_W,PYN_W_2008,PYN_W_2008,2,2,1,1,1.5,0.57735,3,16,.,38,16,38,0,.,3,16,.,.,.,.
2008,PYN,W,PYN_W,PYN_W_2008,PYN_W_2008,2,2,1,1,1.5,0.57735,16,16,.,16,16,86,0,.,16,0,.,.,.,.
2008,PYN,W,PYN_W,PYN_W_2008,PYN_W_2008,1,1,2,1,1.25,0.50000,0,16,.,38,16,16,0,.,16,3,.,.,.,.
2008,PYN,W,PYN_W,PYN_W_2008,PYN_W_2008,2,1,1,1,1.25,0.50000,3,16,.,16,16,38,0,.,16,3,.,.,.,.
2008,PYN,W,PYN_W,PYN_W_2008,PYN_W_2008,1,1,1,2,1.25,0.50000,16,16,.,3,38,16,0,.,63,3,.,.,.,.
2008,PYN,W,PYN_W,PYN_W_2008,PYN_W_2008,1,1,1,1,1,0.00000,3,16,.,16,16,63,0,.,16,3,.,.,.,.
2008,PYS,N,PYS_N,PYS_N_2008,PYS_N_2008,7,8,8,8,7.75,0.50000,0,38,.,38,38,0,0,.,3,38,.,.,.,.
2008,PYS,N,PYS_N,PYS_N_2008,PYS_N_2008,7,6,7,6,6.5,0.57735,0,38,.,38,3,38,0,.,0,63,.,.,.,.
2008,PYS,N,PYS_N,PYS_N_2008,PYS_N_2008,7,6,5,6,6,0.81650,0,86,.,3,3,16,16,.,0,63,.,.,.,.
2008,PYS,N,PYS_N,PYS_N_2008,PYS_N_2008,6,5,6,5,5.5,0.57735,0,63,.,16,16,3,0,.,3,38,.,.,.,.
2008,PYS,N,PYS_N,PYS_N_2008,PYS_N_2008,5,6,6,5,5.5,0.57735,3,38,.,16,38,16,0,.,0,63,.,.,.,.
2008,PYS,N,PYS_N,PYS_N_2008,PYS_N_2008,5,5,6,6,5.5,0.57735,0,38,.,16,16,38,0,.,0,63,.,.,.,.
2008,PYS,N,PYS_N,PYS_N_2008,PYS_N_2008,6,4,6,5,5.25,0.95743,0,86,.,3,3,3,0,.,0,63,.,.,.,.
2008,PYS,N,PYS_N,PYS_N_2008,PYS_N_2008,5,6,4,5,5,0.81650,0,63,.,16,3,16,0,.,0,63,.,.,.,.
2008,PYS,N,PYS_N,PYS_N_2008,PYS_N_2008,6,4,5,3,4.5,1.29099,0,38,.,16,16,3,3,.,0,86,.,.,.,.
2008,PYS,N,PYS_N,PYS_N_2008,PYS_N_2008,5,4,4,5,4.5,0.57735,16,38,.,3,38,16,3,.,0,63,.,.,.,.
2008,PYS,N,PYS_N,PYS_N_2008,PYS_N_2008,5,4,3,5,4.25,0.95743,16,16,.,63,38,0,0,.,0,38,.,.,.,.
2008,PYS,N,PYS_N,PYS_N_2008,PYS_N_2008,5,4,4,4,4.25,0.50000,38,3,.,3,38,3,0,.,0,63,.,.,.,.
2008,PYS,N,PYS_N,PYS_N_2008,PYS_N_2008,4,4,4,5,4.25,0.50000,0,63,.,3,3,16,0,.,0,63,.,.,.,.
2008,PYS,N,PYS_N,PYS_N_2008,PYS_N_2008,3,3,4,4,3.5,0.57735,0,16,.,3,38,3,0,.,0,86,.,.,.,.
2008,PYS,N,PYS_N,PYS_N_2008,PYS_N_2008,3,3,4,4,3.5,0.57735,0,38,.,3,16,3,0,.,0,63,.,.,.,.
2008,PYS,N,PYS_N,PYS_N_2008,PYS_N_2008,4,2,3,4,3.25,0.95743,0,63,.,3,3,63,0,.,3,16,.,.,.,.
2008,PYS,N,PYS_N,PYS_N_2008,PYS_N_2008,4,3,3,3,3.25,0.50000,0,63,.,16,16,16,0,.,0,63,.,.,.,.
2008,PYS,N,PYS_N,PYS_N_2008,PYS_N_2008,4,5,2,2,3.25,1.50000,0,63,.,3,16,0,3,.,0,38,.,.,.,.
2008,PYS,N,PYS_N,PYS_N_2008,PYS_N_2008,3,3,5,2,3.25,1.25831,0,16,.,3,16,3,38,.,0,63,.,.,.,.
2008,PYS,N,PYS_N,PYS_N_2008,PYS_N_2008,4,3,2,3,3,0.81650,0,16,.,16,38,16,0,.,0,63,.,.,.,.
2008,PYS,N,PYS_N,PYS_N_2008,PYS_N_2008,2,3,3,3,2.75,0.50000,0,63,.,3,16,3,0,.,0,63,.,.,.,.
2008,PYS,N,PYS_N,PYS_N_2008,PYS_N_2008,2,2,3,3,2.5,0.57735,0,38,.,16,16,38,0,.,0,63,.,.,.,.
2008,PYS,N,PYS_N,PYS_N_2008,PYS_N_2008,3,2,2,3,2.5,0.57735,0,38,.,16,16,3,0,.,0,63,.,.,.,.
2008,PYS,N,PYS_N,PYS_N_2008,PYS_N_2008,2,2,2,3,2.25,0.50000,0,16,.,38,16,3,0,.,0,63,.,.,.,.
2008,PYS,N,PYS_N,PYS_N_2008,PYS_N_2008,2,2,2,3,2.25,0.50000,0,16,.,16,16,63,0,.,3,16,.,.,.,.
2008,PYS,N,PYS_N,PYS_N_2008,PYS_N_2008,2,2,2,3,2.25,0.50000,0,38,.,3,16,16,0,.,0,63,.,.,.,.
2008,PYS,N,PYS_N,PYS_N_2008,PYS_N_2008,2,2,2,3,2.25,0.50000,0,38,.,16,16,3,0,.,3,63,.,.,.,.
2008,PYS,N,PYS_N,PYS_N_2008,PYS_N_2008,2,2,2,2,2,0.00000,0,16,.,16,63,3,0,.,3,38,.,.,.,.
2008,PYS,N,PYS_N,PYS_N_2008,PYS_N_2008,2,2,2,2,2,0.00000,0,16,.,16,16,38,0,.,0,38,.,.,.,.
2008,PYS,N,PYS_N,PYS_N_2008,PYS_N_2008,2,1,1,2,1.5,0.57735,0,38,.,3,16,38,0,.,3,38,.,.,.,.
2008,PYS,S,PYS_S,PYS_S_2008,PYS_S_2008,3,3,4,20,7.5,8.34666,0,16,.,16,38,38,0,.,0,3,.,.,.,.
2008,PYS,S,PYS_S,PYS_S_2008,PYS_S_2008,6,5,4,4,4.75,0.95743,0,16,.,63,16,0,0,.,0,38,.,.,.,.
2008,PYS,S,PYS_S,PYS_S_2008,PYS_S_2008,6,3,3,7,4.75,2.06155,0,38,.,38,16,16,0,.,0,38,.,.,.,.
2008,PYS,S,PYS_S,PYS_S_2008,PYS_S_2008,3,3,5,6,4.25,1.50000,0,38,.,16,38,38,3,.,0,16,.,.,.,.
2008,PYS,S,PYS_S,PYS_S_2008,PYS_S_2008,5,2,5,5,4.25,1.50000,3,16,.,3,38,63,0,.,16,0,.,.,.,.
2008,PYS,S,PYS_S,PYS_S_2008,PYS_S_2008,3,4,4,3,3.5,0.57735,0,38,.,16,0,38,0,.,16,0,.,.,.,.
2008,PYS,S,PYS_S,PYS_S_2008,PYS_S_2008,2,4,4,2,3,1.15470,0,38,.,16,63,16,0,.,1,16,.,.,.,.
2008,PYS,S,PYS_S,PYS_S_2008,PYS_S_2008,2,4,2,4,3,1.15470,0,63,.,16,38,16,0,.,16,16,.,.,.,.
2008,PYS,S,PYS_S,PYS_S_2008,PYS_S_2008,2,3,5,2,3,1.41421,0,38,.,3,38,16,0,.,3,3,.,.,.,.
2008,PYS,S,PYS_S,PYS_S_2008,PYS_S_2008,3,2,2,4,2.75,0.95743,0,63,.,0,3,16,0,.,3,38,.,.,.,.
2008,PYS,S,PYS_S,PYS_S_2008,PYS_S_2008,2,1,5,3,2.75,1.70783,0,3,.,3,16,86,0,.,3,3,.,.,.,.
2008,PYS,S,PYS_S,PYS_S_2008,PYS_S_2008,2,4,2,3,2.75,0.95743,3,38,.,16,38,63,0,.,3,16,.,.,.,.
2008,PYS,S,PYS_S,PYS_S_2008,PYS_S_2008,2,3,3,2,2.5,0.57735,3,38,.,3,3,63,0,.,16,3,.,.,.,.
2008,PYS,S,PYS_S,PYS_S_2008,PYS_S_2008,1,1,2,5,2.25,1.89297,0,38,.,3,16,63,0,.,3,3,.,.,.,.
2008,PYS,S,PYS_S,PYS_S_2008,PYS_S_2008,2,2,2,2,2,0.00000,0,3,.,16,38,63,0,.,16,3,.,.,.,.
2008,PYS,S,PYS_S,PYS_S_2008,PYS_S_2008,2,1,3,2,2,0.81650,3,16,.,38,3,38,0,.,3,0,.,.,.,.
2008,PYS,S,PYS_S,PYS_S_2008,PYS_S_2008,1,2,3,2,2,0.81650,0,63,.,3,16,86,0,.,0,16,.,.,.,.
2008,PYS,S,PYS_S,PYS_S_2008,PYS_S_2008,2,2,3,1,2,0.81650,3,38,.,3,3,38,0,.,16,3,.,.,.,.
2008,PYS,S,PYS_S,PYS_S_2008,PYS_S_2008,3,1,2,2,2,0.81650,3,16,.,3,3,63,0,.,3,1,.,.,.,.
2008,PYS,S,PYS_S,PYS_S_2008,PYS_S_2008,2,1,2,2,1.75,0.50000,16,16,.,38,3,38,0,.,16,0,.,.,.,.
2008,PYS,S,PYS_S,PYS_S_2008,PYS_S_2008,1,2,3,1,1.75,0.95743,0,38,.,38,3,38,0,.,16,0,.,.,.,.
2008,PYS,S,PYS_S,PYS_S_2008,PYS_S_2008,3,1,1,2,1.75,0.95743,0,16,.,3,3,63,3,.,16,3,.,.,.,.
2008,PYS,S,PYS_S,PYS_S_2008,PYS_S_2008,2,1,2,2,1.75,0.50000,3,16,.,16,3,38,0,.,16,1,.,.,.,.
2008,PYS,S,PYS_S,PYS_S_2008,PYS_S_2008,1,2,2,2,1.75,0.50000,0,38,.,3,16,38,0,.,3,38,.,.,.,.
2008,PYS,S,PYS_S,PYS_S_2008,PYS_S_2008,2,1,1,2,1.5,0.57735,0,3,.,3,3,86,0,.,3,3,.,.,.,.
2008,PYS,S,PYS_S,PYS_S_2008,PYS_S_2008,2,1,1,2,1.5,0.57735,3,38,.,3,16,38,0,.,16,1,.,.,.,.
2008,PYS,S,PYS_S,PYS_S_2008,PYS_S_2008,1,1,2,1,1.25,0.50000,0,16,.,16,38,16,3,.,3,3,.,.,.,.
2008,PYS,S,PYS_S,PYS_S_2008,PYS_S_2008,1,1,2,1,1.25,0.50000,0,16,.,3,3,86,0,.,3,16,.,.,.,.
2008,PYS,S,PYS_S,PYS_S_2008,PYS_S_2008,1,1,1,1,1,0.00000,3,38,.,16,3,63,0,.,16,16,.,.,.,.
2008,PYS,W,PYS_W,PYS_W_2008,PYS_W_2008,6,4,7,6,5.75,1.25831,0,63,.,3,16,63,0,.,0,16,.,.,.,.
2008,PYS,W,PYS_W,PYS_W_2008,PYS_W_2008,6,5,4,5,5,0.81650,0,63,.,3,16,16,0,.,0,63,.,.,.,.
2008,PYS,W,PYS_W,PYS_W_2008,PYS_W_2008,5,4,4,7,5,1.41421,3,38,.,16,16,16,0,.,0,63,.,.,.,.
2008,PYS,W,PYS_W,PYS_W_2008,PYS_W_2008,4,5,4,6,4.75,0.95743,0,38,.,16,63,16,0,.,0,63,.,.,.,.
2008,PYS,W,PYS_W,PYS_W_2008,PYS_W_2008,4,4,3,5,4,0.81650,38,38,.,3,16,38,0,.,0,38,.,.,.,.
2008,PYS,W,PYS_W,PYS_W_2008,PYS_W_2008,4,3,4,5,4,0.81650,38,16,.,3,38,16,0,.,3,38,.,.,.,.
2008,PYS,W,PYS_W,PYS_W_2008,PYS_W_2008,3,2,6,4,3.75,1.70783,0,38,.,3,38,16,0,.,0,63,.,.,.,.
2008,PYS,W,PYS_W,PYS_W_2008,PYS_W_2008,3,4,3,5,3.75,0.95743,3,38,.,3,38,16,0,.,0,38,.,.,.,.
2008,PYS,W,PYS_W,PYS_W_2008,PYS_W_2008,3,4,5,3,3.75,0.95743,3,38,.,16,3,38,0,.,3,38,.,.,.,.
2008,PYS,W,PYS_W,PYS_W_2008,PYS_W_2008,3,5,4,3,3.75,0.95743,3,16,.,38,38,3,0,.,0,38,.,.,.,.
2008,PYS,W,PYS_W,PYS_W_2008,PYS_W_2008,4,3,3,4,3.5,0.57735,0,3,.,38,38,0,3,.,38,63,.,.,.,.
2008,PYS,W,PYS_W,PYS_W_2008,PYS_W_2008,3,2,3,6,3.5,1.73205,3,63,.,3,3,63,0,.,0,38,.,.,.,.
2008,PYS,W,PYS_W,PYS_W_2008,PYS_W_2008,3,2,4,4,3.25,0.95743,0,38,.,3,16,38,0,.,1,38,.,.,.,.
2008,PYS,W,PYS_W,PYS_W_2008,PYS_W_2008,3,3,4,3,3.25,0.50000,0,86,.,3,3,3,0,.,3,63,.,.,.,.
2008,PYS,W,PYS_W,PYS_W_2008,PYS_W_2008,3,3,3,4,3.25,0.50000,38,16,.,16,16,3,0,.,0,38,.,.,.,.
2008,PYS,W,PYS_W,PYS_W_2008,PYS_W_2008,4,2,3,3,3,0.81650,3,16,.,16,16,63,0,.,3,0,.,.,.,.
2008,PYS,W,PYS_W,PYS_W_2008,PYS_W_2008,3,3,3,3,3,0.00000,16,16,.,16,38,38,0,.,0,38,.,.,.,.
2008,PYS,W,PYS_W,PYS_W_2008,PYS_W_2008,2,3,3,3,2.75,0.50000,0,16,.,16,16,63,0,.,0,63,.,.,.,.
2008,PYS,W,PYS_W,PYS_W_2008,PYS_W_2008,2,3,2,4,2.75,0.95743,3,16,.,3,3,63,0,.,3,38,.,.,.,.
2008,PYS,W,PYS_W,PYS_W_2008,PYS_W_2008,3,2,3,3,2.75,0.50000,0,16,.,38,16,16,0,.,3,38,.,.,.,.
2008,PYS,W,PYS_W,PYS_W_2008,PYS_W_2008,4,3,2,2,2.75,0.95743,3,16,.,3,63,3,0,.,0,38,.,.,.,.
2008,PYS,W,PYS_W,PYS_W_2008,PYS_W_2008,3,2,3,2,2.5,0.57735,0,16,.,38,16,3,0,.,0,63,.,.,.,.
2008,PYS,W,PYS_W,PYS_W_2008,PYS_W_2008,2,3,2,2,2.25,0.50000,0,16,.,38,3,38,0,.,3,63,.,.,.,.
2008,PYS,W,PYS_W,PYS_W_2008,PYS_W_2008,2,2,3,2,2.25,0.50000,0,63,.,3,38,16,0,.,3,63,.,.,.,.
2008,PYS,W,PYS_W,PYS_W_2008,PYS_W_2008,2,2,2,2,2,0.00000,0,3,.,16,63,38,0,.,0,38,.,.,.,.
2008,PYS,W,PYS_W,PYS_W_2008,PYS_W_2008,2,2,2,2,2,0.00000,0,38,.,16,3,86,0,.,3,3,.,.,.,.
2008,PYS,W,PYS_W,PYS_W_2008,PYS_W_2008,2,2,2,2,2,0.00000,0,63,.,16,3,3,0,.,1,63,.,.,.,.
2008,PYS,W,PYS_W,PYS_W_2008,PYS_W_2008,2,1,1,2,1.5,0.57735,0,16,.,3,3,63,0,.,3,16,.,.,.,.
2008,PYS,W,PYS_W,PYS_W_2008,PYS_W_2008,2,2,1,1,1.5,0.57735,0,16,.,16,16,63,0,.,3,16,.,.,.,.
2008,PYS,W,PYS_W,PYS_W_2008,PYS_W_2008,2,1,1,1,1.25,0.50000,0,38,.,16,3,63,0,.,3,38,.,.,.,.
2008,PYW,C,PYW_C,PYW_C_2008,PYW_C_2008,7,7,8,6,7,0.81650,0,38,.,16,63,0,3,.,0,63,.,.,.,.
2008,PYW,C,PYW_C,PYW_C_2008,PYW_C_2008,8,10,4,4,6.5,3.00000,0,38,.,16,38,0,16,.,0,63,.,.,.,.
2008,PYW,C,PYW_C,PYW_C_2008,PYW_C_2008,6,5,8,6,6.25,1.25831,38,16,.,3,16,16,0,.,3,38,.,.,.,.
2008,PYW,C,PYW_C,PYW_C_2008,PYW_C_2008,7,5,6,5,5.75,0.95743,0,16,.,38,38,0,38,.,0,63,.,.,.,.
2008,PYW,C,PYW_C,PYW_C_2008,PYW_C_2008,6,4,6,5,5.25,0.95743,0,63,.,3,3,3,0,.,0,16,.,.,.,.
2008,PYW,C,PYW_C,PYW_C_2008,PYW_C_2008,5,5,7,4,5.25,1.25831,0,86,.,3,3,3,0,.,0,16,.,.,.,.
2008,PYW,C,PYW_C,PYW_C_2008,PYW_C_2008,4,6,6,4,5,1.15470,0,16,.,3,63,3,0,.,0,16,.,.,.,.
2008,PYW,C,PYW_C,PYW_C_2008,PYW_C_2008,5,5,5,4,4.75,0.50000,0,63,.,3,63,3,0,.,0,38,.,.,.,.
2008,PYW,C,PYW_C,PYW_C_2008,PYW_C_2008,5,4,5,4,4.5,0.57735,38,3,.,16,38,16,0,.,0,38,.,.,.,.
2008,PYW,C,PYW_C,PYW_C_2008,PYW_C_2008,5,4,6,3,4.5,1.29099,3,38,.,16,38,16,0,.,0,38,.,.,.,.
2008,PYW,C,PYW_C,PYW_C_2008,PYW_C_2008,5,4,4,4,4.25,0.50000,38,16,.,3,38,3,3,.,0,63,.,.,.,.
2008,PYW,C,PYW_C,PYW_C_2008,PYW_C_2008,5,4,3,4,4,0.81650,63,3,.,3,16,3,0,.,0,63,.,.,.,.
2008,PYW,C,PYW_C,PYW_C_2008,PYW_C_2008,5,4,3,4,4,0.81650,63,3,.,3,16,3,0,.,0,63,.,.,.,.
2008,PYW,C,PYW_C,PYW_C_2008,PYW_C_2008,4,4,4,4,4,0.00000,1,86,.,16,3,0,0,.,0,63,.,.,.,.
2008,PYW,C,PYW_C,PYW_C_2008,PYW_C_2008,4,4,4,3,3.75,0.50000,3,63,.,3,38,16,0,.,0,16,.,.,.,.
2008,PYW,C,PYW_C,PYW_C_2008,PYW_C_2008,2,6,4,3,3.75,1.70783,0,38,.,3,16,63,0,.,0,16,.,.,.,.
2008,PYW,C,PYW_C,PYW_C_2008,PYW_C_2008,3,4,3,4,3.5,0.57735,16,3,.,16,38,38,0,.,0,38,.,.,.,.
2008,PYW,C,PYW_C,PYW_C_2008,PYW_C_2008,5,2,2,5,3.5,1.73205,16,3,.,3,63,3,0,.,0,38,.,.,.,.
2008,PYW,C,PYW_C,PYW_C_2008,PYW_C_2008,3,3,3,4,3.25,0.50000,0,38,.,38,63,3,0,.,0,63,.,.,.,.
2008,PYW,C,PYW_C,PYW_C_2008,PYW_C_2008,4,3,3,3,3.25,0.50000,0,86,.,3,3,0,0,.,0,63,.,.,.,.
2008,PYW,C,PYW_C,PYW_C_2008,PYW_C_2008,4,2,2,4,3,1.15470,38,38,.,3,3,16,0,.,3,63,.,.,.,.
2008,PYW,C,PYW_C,PYW_C_2008,PYW_C_2008,4,3,3,2,3,0.81650,38,16,.,3,16,63,0,.,3,16,.,.,.,.
2008,PYW,C,PYW_C,PYW_C_2008,PYW_C_2008,3,3,2,2,2.5,0.57735,3,16,.,38,63,3,0,.,0,63,.,.,.,.
2008,PYW,C,PYW_C,PYW_C_2008,PYW_C_2008,4,2,2,2,2.5,1.00000,3,63,.,3,16,3,16,.,0,63,.,.,.,.
2008,PYW,C,PYW_C,PYW_C_2008,PYW_C_2008,3,2,2,2,2.25,0.50000,3,3,.,3,38,3,0,.,63,63,.,.,.,.
2008,PYW,C,PYW_C,PYW_C_2008,PYW_C_2008,2,3,2,2,2.25,0.50000,0,16,.,3,63,63,0,.,16,3,.,.,.,.
2008,PYW,C,PYW_C,PYW_C_2008,PYW_C_2008,2,2,2,2,2,0.00000,3,38,.,16,38,3,0,.,1,63,.,.,.,.
2008,PYW,C,PYW_C,PYW_C_2008,PYW_C_2008,2,2,2,2,2,0.00000,3,38,.,0,38,38,0,.,3,16,.,.,.,.
2008,PYW,C,PYW_C,PYW_C_2008,PYW_C_2008,2,2,3,1,2,0.81650,16,16,.,3,16,38,3,.,3,16,.,.,.,.
2008,PYW,C,PYW_C,PYW_C_2008,PYW_C_2008,1,1,1,1,1,0.00000,3,16,.,3,16,63,0,.,3,3,.,.,.,.
2008,PYW,N,PYW_N,PYW_N_2008,PYW_N_2008,7,7,7,7,7,0.00000,0,86,.,16,16,0,0,.,0,63,.,.,.,.
2008,PYW,N,PYW_N,PYW_N_2008,PYW_N_2008,4,3,10,2,4.75,3.59398,0,63,.,3,16,3,0,.,0,86,.,.,.,.
2008,PYW,N,PYW_N,PYW_N_2008,PYW_N_2008,4,5,5,4,4.5,0.57735,38,16,.,16,3,16,0,.,0,63,.,.,.,.
2008,PYW,N,PYW_N,PYW_N_2008,PYW_N_2008,5,3,4,5,4.25,0.95743,3,38,.,3,38,38,0,.,3,3,.,.,.,.
2008,PYW,N,PYW_N,PYW_N_2008,PYW_N_2008,4,3,6,4,4.25,1.25831,0,63,.,16,16,3,0,.,0,86,.,.,.,.
2008,PYW,N,PYW_N,PYW_N_2008,PYW_N_2008,6,3,4,4,4.25,1.25831,0,63,.,0,38,3,0,.,0,63,.,.,.,.
2008,PYW,N,PYW_N,PYW_N_2008,PYW_N_2008,4,4,5,3,4,0.81650,0,86,.,3,3,0,0,.,0,38,.,.,.,.
2008,PYW,N,PYW_N,PYW_N_2008,PYW_N_2008,4,5,3,4,4,0.81650,16,16,.,3,38,38,0,.,0,38,.,.,.,.
2008,PYW,N,PYW_N,PYW_N_2008,PYW_N_2008,4,3,5,4,4,0.81650,0,63,.,3,16,0,0,.,0,63,.,.,.,.
2008,PYW,N,PYW_N,PYW_N_2008,PYW_N_2008,4,5,3,3,3.75,0.95743,3,38,.,3,38,3,0,.,0,63,.,.,.,.
2008,PYW,N,PYW_N,PYW_N_2008,PYW_N_2008,4,3,4,4,3.75,0.50000,0,63,.,16,16,38,0,.,0,38,.,.,.,.
2008,PYW,N,PYW_N,PYW_N_2008,PYW_N_2008,4,3,4,4,3.75,0.50000,0,63,.,3,16,0,0,.,0,63,.,.,.,.
2008,PYW,N,PYW_N,PYW_N_2008,PYW_N_2008,3,3,4,4,3.5,0.57735,0,86,.,3,16,3,0,.,0,63,.,.,.,.
2008,PYW,N,PYW_N,PYW_N_2008,PYW_N_2008,4,3,3,3,3.25,0.50000,0,16,.,16,63,38,0,.,0,63,.,.,.,.
2008,PYW,N,PYW_N,PYW_N_2008,PYW_N_2008,3,3,4,2,3,0.81650,16,38,.,3,16,38,0,.,3,16,.,.,.,.
2008,PYW,N,PYW_N,PYW_N_2008,PYW_N_2008,4,3,2,3,3,0.81650,16,38,.,16,38,38,0,.,0,38,.,.,.,.
2008,PYW,N,PYW_N,PYW_N_2008,PYW_N_2008,2,3,4,2,2.75,0.95743,38,16,.,16,16,38,0,.,3,63,.,.,.,.
2008,PYW,N,PYW_N,PYW_N_2008,PYW_N_2008,3,3,2,3,2.75,0.50000,63,3,.,16,38,3,0,.,0,63,.,.,.,.
2008,PYW,N,PYW_N,PYW_N_2008,PYW_N_2008,4,2,3,2,2.75,0.95743,3,16,.,3,63,38,0,.,3,16,.,.,.,.
2008,PYW,N,PYW_N,PYW_N_2008,PYW_N_2008,3,2,3,3,2.75,0.50000,0,63,.,3,38,16,0,.,3,38,.,.,.,.
2008,PYW,N,PYW_N,PYW_N_2008,PYW_N_2008,2,2,4,3,2.75,0.95743,0,63,.,3,16,3,0,.,3,86,.,.,.,.
2008,PYW,N,PYW_N,PYW_N_2008,PYW_N_2008,3,2,3,2,2.5,0.57735,3,38,.,16,16,38,0,.,3,38,.,.,.,.
2008,PYW,N,PYW_N,PYW_N_2008,PYW_N_2008,4,2,2,2,2.5,1.00000,3,38,.,3,38,0,0,.,0,86,.,.,.,.
2008,PYW,N,PYW_N,PYW_N_2008,PYW_N_2008,2,3,2,2,2.25,0.50000,0,63,.,3,16,63,0,.,0,16,.,.,.,.
2008,PYW,N,PYW_N,PYW_N_2008,PYW_N_2008,3,2,2,2,2.25,0.50000,16,38,.,3,38,16,0,.,0,63,.,.,.,.
2008,PYW,N,PYW_N,PYW_N_2008,PYW_N_2008,2,2,2,2,2,0.00000,3,38,.,16,38,16,0,.,3,63,.,.,.,.
2008,PYW,N,PYW_N,PYW_N_2008,PYW_N_2008,2,1,2,2,1.75,0.50000,0,16,.,3,38,38,0,.,0,16,.,.,.,.
2008,PYW,N,PYW_N,PYW_N_2008,PYW_N_2008,1,2,1,2,1.5,0.57735,3,38,.,63,16,38,0,.,3,1,.,.,.,.
2008,PYW,N,PYW_N,PYW_N_2008,PYW_N_2008,2,2,1,1,1.5,0.57735,3,16,.,38,3,63,0,.,38,0,.,.,.,.
2008,PYW,N,PYW_N,PYW_N_2008,PYW_N_2008,1,1,1,3,1.5,1.00000,3,16,.,3,16,38,0,.,3,38,.,.,.,.
2008,PYW,S,PYW_S,PYW_S_2008,PYW_S_2008,6,7,6,3,5.5,1.73205,38,3,.,16,38,0,16,.,0,63,.,.,.,.
2008,PYW,S,PYW_S,PYW_S_2008,PYW_S_2008,4,5,7,6,5.5,1.29099,0,63,.,16,3,0,0,.,0,16,.,.,.,.
2008,PYW,S,PYW_S,PYW_S_2008,PYW_S_2008,3,7,5,5,5,1.63299,3,38,.,16,16,16,0,.,3,16,.,.,.,.
2008,PYW,S,PYW_S,PYW_S_2008,PYW_S_2008,4,3,5,6,4.5,1.29099,38,38,.,3,16,16,0,.,3,38,.,.,.,.
2008,PYW,S,PYW_S,PYW_S_2008,PYW_S_2008,5,4,3,3,3.75,0.95743,3,38,.,3,16,63,0,.,16,3,.,.,.,.
2008,PYW,S,PYW_S,PYW_S_2008,PYW_S_2008,3,4,5,3,3.75,0.95743,3,38,.,16,3,63,0,.,3,3,.,.,.,.
2008,PYW,S,PYW_S,PYW_S_2008,PYW_S_2008,4,2,5,3,3.5,1.29099,3,38,.,0,3,38,16,.,0,63,.,.,.,.
2008,PYW,S,PYW_S,PYW_S_2008,PYW_S_2008,4,3,4,3,3.5,0.57735,38,16,.,3,0,38,0,.,0,38,.,.,.,.
2008,PYW,S,PYW_S,PYW_S_2008,PYW_S_2008,4,2,3,5,3.5,1.29099,16,38,.,16,16,38,0,.,3,16,.,.,.,.
2008,PYW,S,PYW_S,PYW_S_2008,PYW_S_2008,4,3,4,3,3.5,0.57735,3,38,.,3,16,38,0,.,0,38,.,.,.,.
2008,PYW,S,PYW_S,PYW_S_2008,PYW_S_2008,4,2,4,3,3.25,0.95743,0,38,.,16,16,16,16,.,0,63,.,.,.,.
2008,PYW,S,PYW_S,PYW_S_2008,PYW_S_2008,3,3,4,2,3,0.81650,16,16,.,3,38,38,0,.,0,16,.,.,.,.
2008,PYW,S,PYW_S,PYW_S_2008,PYW_S_2008,2,6,2,2,3,2.00000,16,38,.,3,3,38,0,.,3,63,.,.,.,.
2008,PYW,S,PYW_S,PYW_S_2008,PYW_S_2008,4,2,3,2,2.75,0.95743,16,16,.,3,3,86,0,.,3,1,.,.,.,.
2008,PYW,S,PYW_S,PYW_S_2008,PYW_S_2008,3,2,3,2,2.5,0.57735,3,3,.,16,3,86,0,.,16,3,.,.,.,.
2008,PYW,S,PYW_S,PYW_S_2008,PYW_S_2008,2,2,3,3,2.5,0.57735,3,63,.,3,16,3,0,.,3,63,.,.,.,.
2008,PYW,S,PYW_S,PYW_S_2008,PYW_S_2008,3,2,2,3,2.5,0.57735,3,86,.,3,3,3,0,.,0,86,.,.,.,.
2008,PYW,S,PYW_S,PYW_S_2008,PYW_S_2008,3,2,3,2,2.5,0.57735,0,38,.,3,38,63,0,.,16,16,.,.,.,.
2008,PYW,S,PYW_S,PYW_S_2008,PYW_S_2008,2,2,3,2,2.25,0.50000,3,63,.,3,16,38,0,.,0,63,.,.,.,.
2008,PYW,S,PYW_S,PYW_S_2008,PYW_S_2008,2,2,2,3,2.25,0.50000,0,63,.,3,3,3,0,.,0,86,.,.,.,.
2008,PYW,S,PYW_S,PYW_S_2008,PYW_S_2008,2,3,2,2,2.25,0.50000,0,38,.,3,38,38,0,.,3,16,.,.,.,.
2008,PYW,S,PYW_S,PYW_S_2008,PYW_S_2008,3,2,2,1,2,0.81650,16,38,.,3,3,38,0,.,0,63,.,.,.,.
2008,PYW,S,PYW_S,PYW_S_2008,PYW_S_2008,2,2,2,2,2,0.00000,3,38,.,3,16,16,0,.,3,63,.,.,.,.
2008,PYW,S,PYW_S,PYW_S_2008,PYW_S_2008,2,2,2,2,2,0.00000,16,16,.,3,38,63,0,.,3,38,.,.,.,.
2008,PYW,S,PYW_S,PYW_S_2008,PYW_S_2008,2,2,2,2,2,0.00000,0,38,.,3,16,38,0,.,3,38,.,.,.,.
2008,PYW,S,PYW_S,PYW_S_2008,PYW_S_2008,2,2,1,2,1.75,0.50000,16,38,.,3,16,63,0,.,3,3,.,.,.,.
2008,PYW,S,PYW_S,PYW_S_2008,PYW_S_2008,1,3,2,1,1.75,0.95743,3,16,.,16,3,38,0,.,16,38,.,.,.,.
2008,PYW,S,PYW_S,PYW_S_2008,PYW_S_2008,1,2,2,1,1.5,0.57735,16,16,.,16,16,16,0,.,3,38,.,.,.,.
2008,PYW,S,PYW_S,PYW_S_2008,PYW_S_2008,2,1,1,2,1.5,0.57735,3,16,.,3,3,63,0,.,3,16,.,.,.,.
2008,PYW,S,PYW_S,PYW_S_2008,PYW_S_2008,1,1,1,1,1,0.00000,0,16,.,3,3,63,0,.,16,38,.,.,.,.
2008,RCH2007,S,RCH2007_S,RCH2007_S_2008,RCH2007_S_2008,10,9,9,11,9.75,0.95743,0,0,.,86,3,0,0,.,0,63,.,.,.,.
2008,RCH2007,S,RCH2007_S,RCH2007_S_2008,RCH2007_S_2008,11,10,10,8,9.75,1.25831,0,0,.,86,3,0,3,.,0,63,.,.,.,.
2008,RCH2007,S,RCH2007_S,RCH2007_S_2008,RCH2007_S_2008,7,11,8,11,9.25,2.06155,0,0,.,86,3,0,0,.,0,63,.,.,.,.
2008,RCH2007,S,RCH2007_S,RCH2007_S_2008,RCH2007_S_2008,9,9,9,9,9,0.00000,0,63,.,16,0,0,0,.,0,38,.,.,.,.
2008,RCH2007,S,RCH2007_S,RCH2007_S_2008,RCH2007_S_2008,10,10,6,10,9,2.00000,0,86,.,0,0,0,0,.,0,63,.,.,.,.
2008,RCH2007,S,RCH2007_S,RCH2007_S_2008,RCH2007_S_2008,9,9,8,9,8.75,0.50000,0,63,.,16,3,0,0,.,0,63,.,.,.,.
2008,RCH2007,S,RCH2007_S,RCH2007_S_2008,RCH2007_S_2008,8,8,7,10,8.25,1.25831,0,63,.,16,0,0,0,.,0,63,.,.,.,.
2008,RCH2007,S,RCH2007_S,RCH2007_S_2008,RCH2007_S_2008,10,7,8,8,8.25,1.25831,0,16,.,63,0,0,0,.,0,38,.,.,.,.
2008,RCH2007,S,RCH2007_S,RCH2007_S_2008,RCH2007_S_2008,4,20,4,4,8,8.00000,0,0,.,63,0,0,0,.,0,38,.,.,.,.
2008,RCH2007,S,RCH2007_S,RCH2007_S_2008,RCH2007_S_2008,8,8,8,8,8,0.00000,0,86,.,3,16,0,3,.,0,63,.,.,.,.
2008,RCH2007,S,RCH2007_S,RCH2007_S_2008,RCH2007_S_2008,8,7,8,8,7.75,0.50000,0,86,.,3,0,0,0,.,0,63,.,.,.,.
2008,RCH2007,S,RCH2007_S,RCH2007_S_2008,RCH2007_S_2008,9,8,7,7,7.75,0.95743,0,86,.,0,0,0,0,.,0,63,.,.,.,.
2008,RCH2007,S,RCH2007_S,RCH2007_S_2008,RCH2007_S_2008,7,9,6,7,7.25,1.25831,0,38,.,63,3,0,38,.,0,38,.,.,.,.
2008,RCH2007,S,RCH2007_S,RCH2007_S_2008,RCH2007_S_2008,8,6,8,6,7,1.15470,0,86,.,0,3,0,0,.,0,63,.,.,.,.
2008,RCH2007,S,RCH2007_S,RCH2007_S_2008,RCH2007_S_2008,6,7,5,7,6.25,0.95743,3,86,.,0,3,0,0,.,0,38,.,.,.,.
2008,RCH2007,S,RCH2007_S,RCH2007_S_2008,RCH2007_S_2008,8,5,5,6,6,1.41421,0,38,.,3,38,63,0,.,0,38,.,.,.,.
2008,RCH2007,S,RCH2007_S,RCH2007_S_2008,RCH2007_S_2008,6,6,6,6,6,0.00000,0,3,.,86,38,0,0,.,0,86,.,.,.,.
2008,RCH2007,S,RCH2007_S,RCH2007_S_2008,RCH2007_S_2008,6,6,6,6,6,0.00000,0,63,.,38,3,0,0,.,0,86,.,.,.,.
2008,RCH2007,S,RCH2007_S,RCH2007_S_2008,RCH2007_S_2008,6,5,6,6,5.75,0.50000,0,16,.,63,3,0,3,.,0,63,.,.,.,.
2008,RCH2007,S,RCH2007_S,RCH2007_S_2008,RCH2007_S_2008,5,6,6,6,5.75,0.50000,3,38,.,16,3,0,0,.,0,86,.,.,.,.
2008,RCH2007,S,RCH2007_S,RCH2007_S_2008,RCH2007_S_2008,6,6,4,6,5.5,1.00000,0,63,.,38,3,0,16,.,0,63,.,.,.,.
2008,RCH2007,S,RCH2007_S,RCH2007_S_2008,RCH2007_S_2008,6,4,6,6,5.5,1.00000,0,63,.,0,63,0,0,.,0,86,.,.,.,.
2008,RCH2007,S,RCH2007_S,RCH2007_S_2008,RCH2007_S_2008,6,5,5,5,5.25,0.50000,0,86,.,3,16,0,3,.,0,86,.,.,.,.
2008,RCH2007,S,RCH2007_S,RCH2007_S_2008,RCH2007_S_2008,4,6,5,6,5.25,0.95743,0,63,.,38,3,0,0,.,0,86,.,.,.,.
2008,RCH2007,S,RCH2007_S,RCH2007_S_2008,RCH2007_S_2008,5,4,5,6,5,0.81650,0,86,.,3,16,0,3,.,0,63,.,.,.,.
2008,RCH2007,S,RCH2007_S,RCH2007_S_2008,RCH2007_S_2008,4,4,5,5,4.5,0.57735,0,86,.,3,3,0,0,.,0,63,.,.,.,.
2008,RCH2007,S,RCH2007_S,RCH2007_S_2008,RCH2007_S_2008,4,4,5,5,4.5,0.57735,0,38,.,63,0,0,0,.,0,86,.,.,.,.
2008,RCH2007,S,RCH2007_S,RCH2007_S_2008,RCH2007_S_2008,4,4,4,5,4.25,0.50000,0,63,.,3,38,3,3,.,0,63,.,.,.,.
2008,RCH2007,S,RCH2007_S,RCH2007_S_2008,RCH2007_S_2008,5,4,4,4,4.25,0.50000,0,63,.,38,3,0,0,.,0,86,.,.,.,.
2008,RCH2007,S,RCH2007_S,RCH2007_S_2008,RCH2007_S_2008,4,5,4,4,4.25,0.50000,0,63,.,0,38,0,0,.,0,86,.,.,.,.
2008,RCH2007,N,RCH2007_N,RCH2007_N_2008,RCH2007_N_2008,11,11,8,8,9.5,1.73205,0,0,.,86,0,0,0,.,0,63,.,.,.,.
2008,RCH2007,N,RCH2007_N,RCH2007_N_2008,RCH2007_N_2008,8,11,9,9,9.25,1.25831,0,0,.,86,0,0,0,.,0,63,.,.,.,.
2008,RCH2007,N,RCH2007_N,RCH2007_N_2008,RCH2007_N_2008,9,11,9,8,9.25,1.25831,0,16,.,86,3,0,0,.,0,63,.,.,.,.
2008,RCH2007,N,RCH2007_N,RCH2007_N_2008,RCH2007_N_2008,9,9,9,9,9,0.00000,0,0,.,98,3,0,0,.,0,63,.,.,.,.
2008,RCH2007,N,RCH2007_N,RCH2007_N_2008,RCH2007_N_2008,8,12,7,8,8.75,2.21736,0,38,.,38,3,0,38,.,0,38,.,.,.,.
2008,RCH2007,N,RCH2007_N,RCH2007_N_2008,RCH2007_N_2008,8,9,8,8,8.25,0.50000,0,16,.,86,3,0,0,.,0,86,.,.,.,.
2008,RCH2007,N,RCH2007_N,RCH2007_N_2008,RCH2007_N_2008,9,5,8,10,8,2.16025,0,3,.,86,0,0,0,.,0,63,.,.,.,.
2008,RCH2007,N,RCH2007_N,RCH2007_N_2008,RCH2007_N_2008,7,9,8,8,8,0.81650,0,63,.,16,3,0,0,.,0,63,.,.,.,.
2008,RCH2007,N,RCH2007_N,RCH2007_N_2008,RCH2007_N_2008,7,8,7,9,7.75,0.95743,0,3,.,63,16,0,0,.,0,63,.,.,.,.
2008,RCH2007,N,RCH2007_N,RCH2007_N_2008,RCH2007_N_2008,8,8,7,8,7.75,0.50000,0,63,.,16,3,0,0,.,0,38,.,.,.,.
2008,RCH2007,N,RCH2007_N,RCH2007_N_2008,RCH2007_N_2008,8,9,7,7,7.75,0.95743,0,63,.,3,16,0,0,.,0,38,.,.,.,.
2008,RCH2007,N,RCH2007_N,RCH2007_N_2008,RCH2007_N_2008,9,6,7,8,7.5,1.29099,0,86,.,3,0,0,0,.,0,38,.,.,.,.
2008,RCH2007,N,RCH2007_N,RCH2007_N_2008,RCH2007_N_2008,6,8,8,8,7.5,1.00000,0,63,.,16,3,0,0,.,0,38,.,.,.,.
2008,RCH2007,N,RCH2007_N,RCH2007_N_2008,RCH2007_N_2008,7,6,8,7,7,0.81650,0,16,.,63,3,0,0,.,0,63,.,.,.,.
2008,RCH2007,N,RCH2007_N,RCH2007_N_2008,RCH2007_N_2008,8,7,5,7,6.75,1.25831,0,3,.,86,3,0,0,.,0,63,.,.,.,.
2008,RCH2007,N,RCH2007_N,RCH2007_N_2008,RCH2007_N_2008,6,6,7,7,6.5,0.57735,0,16,.,63,3,0,0,.,0,63,.,.,.,.
2008,RCH2007,N,RCH2007_N,RCH2007_N_2008,RCH2007_N_2008,6,6,7,6,6.25,0.50000,0,3,.,63,38,0,16,.,0,63,.,.,.,.
2008,RCH2007,N,RCH2007_N,RCH2007_N_2008,RCH2007_N_2008,6,6,7,6,6.25,0.50000,0,63,.,16,3,0,0,.,0,63,.,.,.,.
2008,RCH2007,N,RCH2007_N,RCH2007_N_2008,RCH2007_N_2008,7,6,4,7,6,1.41421,0,86,.,3,3,0,16,.,0,86,.,.,.,.
2008,RCH2007,N,RCH2007_N,RCH2007_N_2008,RCH2007_N_2008,5,8,5,6,6,1.41421,0,63,.,3,38,0,0,.,0,86,.,.,.,.
2008,RCH2007,N,RCH2007_N,RCH2007_N_2008,RCH2007_N_2008,6,6,5,7,6,0.81650,0,63,.,3,63,0,3,.,0,86,.,.,.,.
2008,RCH2007,N,RCH2007_N,RCH2007_N_2008,RCH2007_N_2008,7,8,6,3,6,2.16025,0,63,.,38,0,0,0,.,0,38,.,.,.,.
2008,RCH2007,N,RCH2007_N,RCH2007_N_2008,RCH2007_N_2008,5,5,7,7,6,1.15470,0,63,.,38,3,0,0,.,0,63,.,.,.,.
2008,RCH2007,N,RCH2007_N,RCH2007_N_2008,RCH2007_N_2008,6,5,6,6,5.75,0.50000,0,38,.,38,38,0,0,.,0,86,.,.,.,.
2008,RCH2007,N,RCH2007_N,RCH2007_N_2008,RCH2007_N_2008,6,5,7,4,5.5,1.29099,0,16,.,86,0,0,0,.,0,63,.,.,.,.
2008,RCH2007,N,RCH2007_N,RCH2007_N_2008,RCH2007_N_2008,5,6,5,5,5.25,0.50000,0,86,.,0,3,0,0,.,0,38,.,.,.,.
2008,RCH2007,N,RCH2007_N,RCH2007_N_2008,RCH2007_N_2008,5,6,4,4,4.75,0.95743,0,38,.,38,38,0,0,.,0,63,.,.,.,.
2008,RCH2007,N,RCH2007_N,RCH2007_N_2008,RCH2007_N_2008,3,6,5,5,4.75,1.25831,0,63,.,3,38,0,0,.,0,63,.,.,.,.
2008,RCH2007,N,RCH2007_N,RCH2007_N_2008,RCH2007_N_2008,2,4,5,5,4,1.41421,0,86,.,3,3,0,0,.,0,86,.,.,.,.
2008,RCH2007,N,RCH2007_N,RCH2007_N_2008,RCH2007_N_2008,4,3,2,4,3.25,0.95743,0,0,.,86,0,0,0,.,0,63,.,.,.,.
2008,RCH2007,W,RCH2007_W,RCH2007_W_2008,RCH2007_W_2008,13,12,9,11,11.25,1.70783,0,63,.,16,38,0,16,.,0,63,.,.,.,.
2008,RCH2007,W,RCH2007_W,RCH2007_W_2008,RCH2007_W_2008,13,9,8,10,10,2.16025,0,38,.,38,38,0,38,.,0,63,.,.,.,.
2008,RCH2007,W,RCH2007_W,RCH2007_W_2008,RCH2007_W_2008,13,10,7,8,9.5,2.64575,0,0,.,98,3,0,3,.,0,63,.,.,.,.
2008,RCH2007,W,RCH2007_W,RCH2007_W_2008,RCH2007_W_2008,10,8,9,8,8.75,0.95743,0,0,.,86,0,0,0,.,0,63,.,.,.,.
2008,RCH2007,W,RCH2007_W,RCH2007_W_2008,RCH2007_W_2008,10,8,4,10,8,2.82843,0,0,.,38,0,0,63,.,0,86,.,.,.,.
2008,RCH2007,W,RCH2007_W,RCH2007_W_2008,RCH2007_W_2008,8,8,8,8,8,0.00000,0,3,.,63,3,0,0,.,0,86,.,.,.,.
2008,RCH2007,W,RCH2007_W,RCH2007_W_2008,RCH2007_W_2008,7,8,7,9,7.75,0.95743,0,63,.,16,16,0,3,.,0,63,.,.,.,.
2008,RCH2007,W,RCH2007_W,RCH2007_W_2008,RCH2007_W_2008,6,11,7,6,7.5,2.38048,0,63,.,38,3,0,0,.,0,38,.,.,.,.
2008,RCH2007,W,RCH2007_W,RCH2007_W_2008,RCH2007_W_2008,9,7,5,9,7.5,1.91485,0,0,.,86,3,0,0,.,0,63,.,.,.,.
2008,RCH2007,W,RCH2007_W,RCH2007_W_2008,RCH2007_W_2008,8,6,7,7,7,0.81650,0,38,.,63,3,0,0,.,0,63,.,.,.,.
2008,RCH2007,W,RCH2007_W,RCH2007_W_2008,RCH2007_W_2008,8,4,4,10,6.5,3.00000,0,63,.,3,16,0,63,.,0,63,.,.,.,.
2008,RCH2007,W,RCH2007_W,RCH2007_W_2008,RCH2007_W_2008,6,7,6,7,6.5,0.57735,0,86,.,0,3,0,3,.,0,63,.,.,.,.
2008,RCH2007,W,RCH2007_W,RCH2007_W_2008,RCH2007_W_2008,6,7,6,6,6.25,0.50000,0,3,.,63,38,0,0,.,0,63,.,.,.,.
2008,RCH2007,W,RCH2007_W,RCH2007_W_2008,RCH2007_W_2008,6,6,6,7,6.25,0.50000,0,38,.,63,3,0,0,.,0,63,.,.,.,.
2008,RCH2007,W,RCH2007_W,RCH2007_W_2008,RCH2007_W_2008,7,6,6,5,6,0.81650,0,86,.,0,3,0,3,.,0,86,.,.,.,.
2008,RCH2007,W,RCH2007_W,RCH2007_W_2008,RCH2007_W_2008,6,5,6,6,5.75,0.50000,0,63,.,0,63,0,0,.,0,63,.,.,.,.
2008,RCH2007,W,RCH2007_W,RCH2007_W_2008,RCH2007_W_2008,5,5,6,6,5.5,0.57735,0,16,.,38,63,0,0,.,0,63,.,.,.,.
2008,RCH2007,W,RCH2007_W,RCH2007_W_2008,RCH2007_W_2008,4,5,6,7,5.5,1.29099,0,86,.,0,16,0,16,.,0,63,.,.,.,.
2008,RCH2007,W,RCH2007_W,RCH2007_W_2008,RCH2007_W_2008,6,5,5,6,5.5,0.57735,0,86,.,3,3,0,0,.,0,38,.,.,.,.
2008,RCH2007,W,RCH2007_W,RCH2007_W_2008,RCH2007_W_2008,5,6,4,6,5.25,0.95743,0,0,.,63,38,0,0,.,0,63,.,.,.,.
2008,RCH2007,W,RCH2007_W,RCH2007_W_2008,RCH2007_W_2008,6,5,5,5,5.25,0.50000,0,38,.,63,3,0,3,.,0,63,.,.,.,.
2008,RCH2007,W,RCH2007_W,RCH2007_W_2008,RCH2007_W_2008,6,5,4,5,5,0.81650,0,86,.,0,3,0,0,.,0,63,.,.,.,.
2008,RCH2007,W,RCH2007_W,RCH2007_W_2008,RCH2007_W_2008,5,5,5,5,5,0.00000,0,16,.,63,3,0,3,.,0,86,.,.,.,.
2008,RCH2007,W,RCH2007_W,RCH2007_W_2008,RCH2007_W_2008,4,6,3,6,4.75,1.50000,0,86,.,3,63,0,3,.,0,63,.,.,.,.
2008,RCH2007,W,RCH2007_W,RCH2007_W_2008,RCH2007_W_2008,4,6,4,4,4.5,1.00000,0,63,.,3,16,0,0,.,0,63,.,.,.,.
2008,RCH2007,W,RCH2007_W,RCH2007_W_2008,RCH2007_W_2008,5,4,4,5,4.5,0.57735,0,63,.,16,16,0,0,.,0,38,.,.,.,.
2008,RCH2007,W,RCH2007_W,RCH2007_W_2008,RCH2007_W_2008,4,5,3,5,4.25,0.95743,0,63,.,3,38,0,3,.,0,63,.,.,.,.
2008,RCH2007,W,RCH2007_W,RCH2007_W_2008,RCH2007_W_2008,4,5,4,4,4.25,0.50000,0,63,.,3,38,0,0,.,0,63,.,.,.,.
2008,RCH2007,W,RCH2007_W,RCH2007_W_2008,RCH2007_W_2008,4,3,3,5,3.75,0.95743,0,16,.,38,3,3,0,.,3,63,.,.,.,.
2008,RCH2007,W,RCH2007_W,RCH2007_W_2008,RCH2007_W_2008,3,4,3,2,3,0.81650,0,86,.,3,3,0,0,.,0,63,.,.,.,.
2008,RIN,E,RIN_E,RIN_E_2008,RIN_E_2008,19,15,17,6,14.25,5.73730,63,0,.,16,38,0,16,.,0,63,.,.,.,.
2008,RIN,E,RIN_E,RIN_E_2008,RIN_E_2008,10,11,13,20,13.5,4.50925,16,0,.,16,63,0,38,.,16,38,.,.,.,.
2008,RIN,E,RIN_E,RIN_E_2008,RIN_E_2008,9,13,12,13,11.75,1.89297,0,0,.,63,16,0,0,.,0,86,.,.,.,.
2008,RIN,E,RIN_E,RIN_E_2008,RIN_E_2008,9,8,8,8,8.25,0.50000,3,0,.,38,63,0,0,.,0,86,.,.,.,.
2008,RIN,E,RIN_E,RIN_E_2008,RIN_E_2008,7,8,9,6,7.5,1.29099,0,0,.,86,16,0,0,.,0,63,.,.,.,.
2008,RIN,E,RIN_E,RIN_E_2008,RIN_E_2008,10,5,4,9,7,2.94392,0,0,.,38,38,0,3,.,0,63,.,.,.,.
2008,RIN,E,RIN_E,RIN_E_2008,RIN_E_2008,8,6,6,7,6.75,0.95743,38,0,.,38,38,3,0,.,0,86,.,.,.,.
2008,RIN,E,RIN_E,RIN_E_2008,RIN_E_2008,7,6,6,8,6.75,0.95743,3,0,.,38,63,0,0,.,0,63,.,.,.,.
2008,RIN,E,RIN_E,RIN_E_2008,RIN_E_2008,7,6,6,7,6.5,0.57735,16,63,.,38,0,0,0,.,0,63,.,.,.,.
2008,RIN,E,RIN_E,RIN_E_2008,RIN_E_2008,7,6,6,6,6.25,0.50000,86,0,.,3,16,0,0,.,0,63,.,.,.,.
2008,RIN,E,RIN_E,RIN_E_2008,RIN_E_2008,6,6,6,7,6.25,0.50000,63,0,.,16,16,0,0,.,0,86,.,.,.,.
2008,RIN,E,RIN_E,RIN_E_2008,RIN_E_2008,6,6,6,7,6.25,0.50000,38,0,.,38,38,0,0,.,0,63,.,.,.,.
2008,RIN,E,RIN_E,RIN_E_2008,RIN_E_2008,6,6,6,6,6,0.00000,38,0,.,38,38,0,0,.,0,63,.,.,.,.
2008,RIN,E,RIN_E,RIN_E_2008,RIN_E_2008,5,5,6,5,5.25,0.50000,63,0,.,3,16,0,0,.,0,63,.,.,.,.
2008,RIN,E,RIN_E,RIN_E_2008,RIN_E_2008,6,5,5,4,5,0.81650,63,0,.,3,16,0,3,.,0,86,.,.,.,.
2008,RIN,E,RIN_E,RIN_E_2008,RIN_E_2008,4,4,6,6,5,1.15470,63,0,.,3,38,3,3,.,0,86,.,.,.,.
2008,RIN,E,RIN_E,RIN_E_2008,RIN_E_2008,5,6,5,4,5,0.81650,63,0,.,1,38,0,0,.,0,86,.,.,.,.
2008,RIN,E,RIN_E,RIN_E_2008,RIN_E_2008,4,6,6,4,5,1.15470,63,0,.,3,3,0,0,.,16,38,.,.,.,.
2008,RIN,E,RIN_E,RIN_E_2008,RIN_E_2008,5,4,4,4,4.25,0.50000,63,0,.,3,16,3,0,.,3,63,.,.,.,.
2008,RIN,E,RIN_E,RIN_E_2008,RIN_E_2008,4,6,3,3,4,1.41421,3,0,.,3,63,0,0,.,0,63,.,.,.,.
2008,RIN,E,RIN_E,RIN_E_2008,RIN_E_2008,3,4,5,4,4,0.81650,16,0,.,3,38,0,0,.,0,63,.,.,.,.
2008,RIN,E,RIN_E,RIN_E_2008,RIN_E_2008,4,4,3,4,3.75,0.50000,63,0,.,3,3,0,3,.,0,86,.,.,.,.
2008,RIN,E,RIN_E,RIN_E_2008,RIN_E_2008,3,4,4,4,3.75,0.50000,63,0,.,3,16,0,3,.,0,86,.,.,.,.
2008,RIN,E,RIN_E,RIN_E_2008,RIN_E_2008,2,4,4,4,3.5,1.00000,38,0,.,38,3,0,0,.,0,63,.,.,.,.
2008,RIN,E,RIN_E,RIN_E_2008,RIN_E_2008,3,3,3,4,3.25,0.50000,63,0,.,16,38,0,0,.,0,63,.,.,.,.
2008,RIN,E,RIN_E,RIN_E_2008,RIN_E_2008,3,2,3,4,3,0.81650,16,0,.,16,38,3,0,.,3,63,.,.,.,.
2008,RIN,E,RIN_E,RIN_E_2008,RIN_E_2008,2,3,4,2,2.75,0.95743,16,0,.,16,38,0,0,.,38,16,.,.,.,.
2008,RIN,E,RIN_E,RIN_E_2008,RIN_E_2008,2,2,4,2,2.5,1.00000,38,0,.,16,38,0,0,.,0,63,.,.,.,.
2008,RIN,E,RIN_E,RIN_E_2008,RIN_E_2008,3,2,4,1,2.5,1.29099,16,0,.,3,38,0,0,.,3,63,.,.,.,.
2008,RIN,E,RIN_E,RIN_E_2008,RIN_E_2008,2,2,3,3,2.5,0.57735,3,0,.,38,38,0,0,.,0,86,.,.,.,.
2008,RIN,S,RIN_S,RIN_S_2008,RIN_S_2008,9,10,11,7,9.25,1.70783,3,0,.,3,63,0,0,.,3,38,.,.,.,.
2008,RIN,S,RIN_S,RIN_S_2008,RIN_S_2008,7,5,8,10,7.5,2.08167,38,0,.,3,38,3,0,.,0,86,.,.,.,.
2008,RIN,S,RIN_S,RIN_S_2008,RIN_S_2008,7,8,6,8,7.25,0.95743,38,0,.,16,38,3,0,.,0,63,.,.,.,.
2008,RIN,S,RIN_S,RIN_S_2008,RIN_S_2008,6,7,9,6,7,1.41421,38,0,.,63,38,3,0,.,0,63,.,.,.,.
2008,RIN,S,RIN_S,RIN_S_2008,RIN_S_2008,7,8,6,6,6.75,0.95743,63,0,.,16,16,0,0,.,0,63,.,.,.,.
2008,RIN,S,RIN_S,RIN_S_2008,RIN_S_2008,6,8,8,4,6.5,1.91485,63,0,.,0,63,3,0,.,0,63,.,.,.,.
2008,RIN,S,RIN_S,RIN_S_2008,RIN_S_2008,7,6,6,7,6.5,0.57735,3,0,.,16,86,0,0,.,3,38,.,.,.,.
2008,RIN,S,RIN_S,RIN_S_2008,RIN_S_2008,11,5,5,4,6.25,3.20156,3,63,.,63,0,0,0,.,0,63,.,.,.,.
2008,RIN,S,RIN_S,RIN_S_2008,RIN_S_2008,4,11,6,4,6.25,3.30404,16,0,.,16,38,3,0,.,3,63,.,.,.,.
2008,RIN,S,RIN_S,RIN_S_2008,RIN_S_2008,4,8,6,5,5.75,1.70783,63,0,.,3,3,3,0,.,0,86,.,.,.,.
2008,RIN,S,RIN_S,RIN_S_2008,RIN_S_2008,7,10,4,2,5.75,3.50000,38,0,.,3,63,0,3,.,0,63,.,.,.,.
2008,RIN,S,RIN_S,RIN_S_2008,RIN_S_2008,6,4,6,5,5.25,0.95743,63,0,.,3,38,0,0,.,0,63,.,.,.,.
2008,RIN,S,RIN_S,RIN_S_2008,RIN_S_2008,6,5,5,5,5.25,0.50000,38,0,.,63,16,0,0,.,0,63,.,.,.,.
2008,RIN,S,RIN_S,RIN_S_2008,RIN_S_2008,6,5,5,5,5.25,0.50000,63,0,.,38,16,0,3,.,0,63,.,.,.,.
2008,RIN,S,RIN_S,RIN_S_2008,RIN_S_2008,5,5,5,5,5,0.00000,38,0,.,38,16,0,3,.,0,63,.,.,.,.
2008,RIN,S,RIN_S,RIN_S_2008,RIN_S_2008,4,10,2,4,5,3.46410,38,0,.,16,3,3,38,.,0,63,.,.,.,.
2008,RIN,S,RIN_S,RIN_S_2008,RIN_S_2008,5,5,4,5,4.75,0.50000,16,0,.,63,16,0,0,.,0,63,.,.,.,.
2008,RIN,S,RIN_S,RIN_S_2008,RIN_S_2008,4,5,6,4,4.75,0.95743,16,0,.,63,16,0,0,.,0,63,.,.,.,.
2008,RIN,S,RIN_S,RIN_S_2008,RIN_S_2008,5,6,4,4,4.75,0.95743,63,0,.,3,38,0,0,.,0,63,.,.,.,.
2008,RIN,S,RIN_S,RIN_S_2008,RIN_S_2008,5,3,5,6,4.75,1.25831,38,0,.,16,3,0,0,.,3,63,.,.,.,.
2008,RIN,S,RIN_S,RIN_S_2008,RIN_S_2008,4,4,3,6,4.25,1.25831,63,0,.,3,16,0,3,.,38,38,.,.,.,.
2008,RIN,S,RIN_S,RIN_S_2008,RIN_S_2008,4,4,4,5,4.25,0.50000,3,0,.,38,38,3,0,.,3,63,.,.,.,.
2008,RIN,S,RIN_S,RIN_S_2008,RIN_S_2008,4,5,4,4,4.25,0.50000,63,0,.,3,3,3,0,.,0,86,.,.,.,.
2008,RIN,S,RIN_S,RIN_S_2008,RIN_S_2008,4,4,4,4,4,0.00000,16,0,.,38,16,0,0,.,0,63,.,.,.,.
2008,RIN,S,RIN_S,RIN_S_2008,RIN_S_2008,4,4,4,4,4,0.00000,38,0,.,3,38,3,0,.,0,63,.,.,.,.
2008,RIN,S,RIN_S,RIN_S_2008,RIN_S_2008,5,4,4,3,4,0.81650,38,0,.,16,38,0,0,.,0,63,.,.,.,.
2008,RIN,S,RIN_S,RIN_S_2008,RIN_S_2008,5,4,2,4,3.75,1.25831,63,0,.,3,3,0,0,.,0,63,.,.,.,.
2008,RIN,S,RIN_S,RIN_S_2008,RIN_S_2008,3,3,2,3,2.75,0.50000,38,0,.,3,16,3,0,.,0,63,.,.,.,.
2008,RIN,S,RIN_S,RIN_S_2008,RIN_S_2008,2,3,2,4,2.75,0.95743,38,0,.,16,16,0,0,.,0,86,.,.,.,.
2008,RIN,S,RIN_S,RIN_S_2008,RIN_S_2008,2,3,2,2,2.25,0.50000,38,0,.,16,38,3,0,.,1,63,.,.,.,.
2008,RIN,W,RIN_W,RIN_W_2008,RIN_W_2008,12,12,12,12,12,0.00000,0,0,.,63,86,3,0,.,0,63,.,.,.,.
2008,RIN,W,RIN_W,RIN_W_2008,RIN_W_2008,11,12,10,12,11.25,0.95743,0,0,.,38,63,0,3,.,0,63,.,.,.,.
2008,RIN,W,RIN_W,RIN_W_2008,RIN_W_2008,10,10,9,11,10,0.81650,0,0,.,16,86,3,0,.,0,63,.,.,.,.
2008,RIN,W,RIN_W,RIN_W_2008,RIN_W_2008,11,10,9,8,9.5,1.29099,3,0,.,16,86,3,3,.,0,63,.,.,.,.
2008,RIN,W,RIN_W,RIN_W_2008,RIN_W_2008,10,10,4,10,8.5,3.00000,0,3,.,63,63,3,0,.,0,63,.,.,.,.
2008,RIN,W,RIN_W,RIN_W_2008,RIN_W_2008,7,10,6,10,8.25,2.06155,0,0,.,38,63,3,0,.,0,63,.,.,.,.
2008,RIN,W,RIN_W,RIN_W_2008,RIN_W_2008,9,5,6,11,7.75,2.75379,3,0,.,16,86,0,0,.,0,63,.,.,.,.
2008,RIN,W,RIN_W,RIN_W_2008,RIN_W_2008,7,6,9,8,7.5,1.29099,3,0,.,38,38,0,16,.,0,63,.,.,.,.
2008,RIN,W,RIN_W,RIN_W_2008,RIN_W_2008,8,5,6,9,7,1.82574,16,0,.,63,38,3,0,.,0,63,.,.,.,.
2008,RIN,W,RIN_W,RIN_W_2008,RIN_W_2008,7,6,7,7,6.75,0.50000,16,0,.,16,63,16,16,.,0,63,.,.,.,.
2008,RIN,W,RIN_W,RIN_W_2008,RIN_W_2008,6,6,8,5,6.25,1.25831,38,0,.,38,38,3,0,.,0,63,.,.,.,.
2008,RIN,W,RIN_W,RIN_W_2008,RIN_W_2008,5,7,5,8,6.25,1.50000,3,0,.,63,38,3,0,.,0,63,.,.,.,.
2008,RIN,W,RIN_W,RIN_W_2008,RIN_W_2008,9,6,6,4,6.25,2.06155,16,0,.,38,63,0,0,.,0,63,.,.,.,.
2008,RIN,W,RIN_W,RIN_W_2008,RIN_W_2008,6,6,8,4,6,1.63299,3,0,.,63,63,3,0,.,0,63,.,.,.,.
2008,RIN,W,RIN_W,RIN_W_2008,RIN_W_2008,6,7,5,4,5.5,1.29099,16,0,.,38,38,3,0,.,0,63,.,.,.,.
2008,RIN,W,RIN_W,RIN_W_2008,RIN_W_2008,6,5,6,5,5.5,0.57735,16,0,.,16,63,3,0,.,0,63,.,.,.,.
2008,RIN,W,RIN_W,RIN_W_2008,RIN_W_2008,6,6,5,4,5.25,0.95743,16,0,.,63,3,3,0,.,0,63,.,.,.,.
2008,RIN,W,RIN_W,RIN_W_2008,RIN_W_2008,6,4,5,5,5,0.81650,16,0,.,38,63,3,3,.,0,63,.,.,.,.
2008,RIN,W,RIN_W,RIN_W_2008,RIN_W_2008,6,4,5,4,4.75,0.95743,16,0,.,38,38,0,0,.,0,63,.,.,.,.
2008,RIN,W,RIN_W,RIN_W_2008,RIN_W_2008,5,6,4,4,4.75,0.95743,38,0,.,16,38,0,0,.,0,63,.,.,.,.
2008,RIN,W,RIN_W,RIN_W_2008,RIN_W_2008,5,4,4,5,4.5,0.57735,3,0,.,16,63,0,0,.,0,63,.,.,.,.
2008,RIN,W,RIN_W,RIN_W_2008,RIN_W_2008,4,5,4,4,4.25,0.50000,16,0,.,38,63,3,0,.,0,63,.,.,.,.
2008,RIN,W,RIN_W,RIN_W_2008,RIN_W_2008,4,5,4,4,4.25,0.50000,16,0,.,16,63,0,16,.,0,63,.,.,.,.
2008,RIN,W,RIN_W,RIN_W_2008,RIN_W_2008,5,4,4,3,4,0.81650,3,0,.,38,63,0,0,.,0,63,.,.,.,.
2008,RIN,W,RIN_W,RIN_W_2008,RIN_W_2008,4,3,4,5,4,0.81650,3,0,.,63,16,0,0,.,0,63,.,.,.,.
2008,RIN,W,RIN_W,RIN_W_2008,RIN_W_2008,3,3,5,4,3.75,0.95743,3,0,.,38,63,3,0,.,0,63,.,.,.,.
2008,RIN,W,RIN_W,RIN_W_2008,RIN_W_2008,4,4,3,4,3.75,0.50000,3,0,.,38,63,16,0,.,0,63,.,.,.,.
2008,RIN,W,RIN_W,RIN_W_2008,RIN_W_2008,4,3,4,3,3.5,0.57735,3,0,.,86,3,3,0,.,3,38,.,.,.,.
2008,RIN,W,RIN_W,RIN_W_2008,RIN_W_2008,4,2,3,3,3,0.81650,38,0,.,3,38,0,16,.,0,63,.,.,.,.
2008,RIN,W,RIN_W,RIN_W_2008,RIN_W_2008,2,3,4,2,2.75,0.95743,3,0,.,63,63,0,3,.,0,63,.,.,.,.
2008,RIS,C,RIS_C,RIS_C_2008,RIS_C_2008,10,10,12,10,10.5,1.00000,0,38,.,0,38,0,63,.,0,38,.,.,.,.
2008,RIS,C,RIS_C,RIS_C_2008,RIS_C_2008,5,4,6,8,5.75,1.70783,3,3,.,63,16,16,0,.,0,38,.,.,.,.
2008,RIS,C,RIS_C,RIS_C_2008,RIS_C_2008,6,6,5,5,5.5,0.57735,16,0,.,16,63,3,3,.,0,63,.,.,.,.
2008,RIS,C,RIS_C,RIS_C_2008,RIS_C_2008,7,6,4,4,5.25,1.50000,38,3,.,3,63,3,0,.,16,16,.,.,.,.
2008,RIS,C,RIS_C,RIS_C_2008,RIS_C_2008,5,4,4,5,4.5,0.57735,3,3,.,16,63,38,0,.,0,38,.,.,.,.
2008,RIS,C,RIS_C,RIS_C_2008,RIS_C_2008,5,5,4,3,4.25,0.95743,0,38,.,16,63,16,0,.,3,38,.,.,.,.
2008,RIS,C,RIS_C,RIS_C_2008,RIS_C_2008,1,5,5,5,4,2.00000,16,0,.,16,16,86,0,.,16,16,.,.,.,.
2008,RIS,C,RIS_C,RIS_C_2008,RIS_C_2008,3,3,5,4,3.75,0.95743,16,3,.,38,16,16,0,.,3,38,.,.,.,.
2008,RIS,C,RIS_C,RIS_C_2008,RIS_C_2008,5,5,2,3,3.75,1.50000,86,0,.,3,16,3,3,.,0,63,.,.,.,.
2008,RIS,C,RIS_C,RIS_C_2008,RIS_C_2008,4,3,4,3,3.5,0.57735,0,86,.,0,16,0,0,.,0,63,.,.,.,.
2008,RIS,C,RIS_C,RIS_C_2008,RIS_C_2008,5,2,3,4,3.5,1.29099,0,16,.,16,63,38,0,.,0,38,.,.,.,.
2008,RIS,C,RIS_C,RIS_C_2008,RIS_C_2008,10,2,1,1,3.5,4.35890,38,0,.,3,16,38,0,.,16,38,.,.,.,.
2008,RIS,C,RIS_C,RIS_C_2008,RIS_C_2008,6,4,2,2,3.5,1.91485,3,0,.,16,38,86,0,.,0,16,.,.,.,.
2008,RIS,C,RIS_C,RIS_C_2008,RIS_C_2008,3,4,4,3,3.5,0.57735,3,16,.,16,3,16,3,.,16,16,.,.,.,.
2008,RIS,C,RIS_C,RIS_C_2008,RIS_C_2008,3,5,2,3,3.25,1.25831,0,63,.,3,38,38,0,.,0,63,.,.,.,.
2008,RIS,C,RIS_C,RIS_C_2008,RIS_C_2008,6,2,2,2,3,2.00000,0,3,.,3,16,63,38,.,3,38,.,.,.,.
2008,RIS,C,RIS_C,RIS_C_2008,RIS_C_2008,2,4,3,2,2.75,0.95743,0,63,.,3,3,38,16,.,0,63,.,.,.,.
2008,RIS,C,RIS_C,RIS_C_2008,RIS_C_2008,3,3,2,3,2.75,0.50000,0,63,.,3,38,3,3,.,0,63,.,.,.,.
2008,RIS,C,RIS_C,RIS_C_2008,RIS_C_2008,2,4,2,3,2.75,0.95743,0,63,.,3,38,38,0,.,3,38,.,.,.,.
2008,RIS,C,RIS_C,RIS_C_2008,RIS_C_2008,2,4,2,2,2.5,1.00000,38,0,.,16,38,16,0,.,3,38,.,.,.,.
2008,RIS,C,RIS_C,RIS_C_2008,RIS_C_2008,3,2,2,2,2.25,0.50000,0,63,.,3,38,3,0,.,3,38,.,.,.,.
2008,RIS,C,RIS_C,RIS_C_2008,RIS_C_2008,3,2,2,2,2.25,0.50000,16,0,.,38,38,3,3,.,16,0,.,.,.,.
2008,RIS,C,RIS_C,RIS_C_2008,RIS_C_2008,2,2,2,2,2,0.00000,0,86,.,3,38,0,0,.,0,63,.,.,.,.
2008,RIS,C,RIS_C,RIS_C_2008,RIS_C_2008,2,1,4,1,2,1.41421,3,0,.,38,16,38,0,.,38,3,.,.,.,.
2008,RIS,C,RIS_C,RIS_C_2008,RIS_C_2008,2,2,1,2,1.75,0.50000,0,0,.,63,38,38,0,.,16,16,.,.,.,.
2008,RIS,C,RIS_C,RIS_C_2008,RIS_C_2008,2,2,2,1,1.75,0.50000,0,3,.,16,38,63,3,.,16,3,.,.,.,.
2008,RIS,C,RIS_C,RIS_C_2008,RIS_C_2008,1,2,2,1,1.5,0.57735,16,3,.,16,16,38,3,.,3,38,.,.,.,.
2008,RIS,C,RIS_C,RIS_C_2008,RIS_C_2008,1,2,2,1,1.5,0.57735,0,38,.,16,3,63,0,.,3,3,.,.,.,.
2008,RIS,C,RIS_C,RIS_C_2008,RIS_C_2008,2,2,1,1,1.5,0.57735,63,1,.,3,3,3,0,.,3,63,.,.,.,.
2008,RIS,C,RIS_C,RIS_C_2008,RIS_C_2008,2,1,1,1,1.25,0.50000,3,16,.,16,16,38,0,.,16,3,.,.,.,.
2008,RIS,N,RIS_N,RIS_N_2008,RIS_N_2008,3,20,4,3,7.5,8.34666,0,0,.,63,38,3,16,.,3,0,.,.,.,.
2008,RIS,N,RIS_N,RIS_N_2008,RIS_N_2008,5,4,6,5,5,0.81650,0,16,.,16,38,38,16,.,0,16,.,.,.,.
2008,RIS,N,RIS_N,RIS_N_2008,RIS_N_2008,7,4,3,6,5,1.82574,3,0,.,16,38,16,16,.,16,0,.,.,.,.
2008,RIS,N,RIS_N,RIS_N_2008,RIS_N_2008,5,6,5,2,4.5,1.73205,0,16,.,3,38,16,16,.,3,38,.,.,.,.
2008,RIS,N,RIS_N,RIS_N_2008,RIS_N_2008,3,4,6,3,4,1.41421,0,63,.,3,38,1,3,.,16,0,.,.,.,.
2008,RIS,N,RIS_N,RIS_N_2008,RIS_N_2008,1,8,3,2,3.5,3.10913,16,0,.,16,38,16,0,.,38,0,.,.,.,.
2008,RIS,N,RIS_N,RIS_N_2008,RIS_N_2008,5,3,3,3,3.5,1.00000,0,16,.,38,16,63,16,.,3,0,.,.,.,.
2008,RIS,N,RIS_N,RIS_N_2008,RIS_N_2008,3,3,4,3,3.25,0.50000,0,63,.,16,16,16,0,.,0,38,.,.,.,.
2008,RIS,N,RIS_N,RIS_N_2008,RIS_N_2008,4,4,2,3,3.25,0.95743,16,16,.,16,38,38,0,.,63,0,.,.,.,.
2008,RIS,N,RIS_N,RIS_N_2008,RIS_N_2008,3,2,3,3,2.75,0.50000,3,3,.,86,16,16,3,.,16,0,.,.,.,.
2008,RIS,N,RIS_N,RIS_N_2008,RIS_N_2008,3,2,3,3,2.75,0.50000,0,63,.,3,38,38,0,.,16,3,.,.,.,.
2008,RIS,N,RIS_N,RIS_N_2008,RIS_N_2008,1,1,1,7,2.5,3.00000,0,16,.,38,16,16,3,.,3,16,.,.,.,.
2008,RIS,N,RIS_N,RIS_N_2008,RIS_N_2008,3,2,2,3,2.5,0.57735,3,38,.,38,38,16,0,.,38,3,.,.,.,.
2008,RIS,N,RIS_N,RIS_N_2008,RIS_N_2008,3,3,2,2,2.5,0.57735,0,63,.,0,3,16,0,.,63,0,.,.,.,.
2008,RIS,N,RIS_N,RIS_N_2008,RIS_N_2008,3,1,2,3,2.25,0.95743,0,16,.,3,38,38,0,.,16,38,.,.,.,.
2008,RIS,N,RIS_N,RIS_N_2008,RIS_N_2008,3,2,2,2,2.25,0.50000,0,63,.,16,16,16,0,.,38,0,.,.,.,.
2008,RIS,N,RIS_N,RIS_N_2008,RIS_N_2008,1,3,2,3,2.25,0.95743,0,16,.,3,38,63,0,.,16,3,.,.,.,.
2008,RIS,N,RIS_N,RIS_N_2008,RIS_N_2008,2,3,2,2,2.25,0.50000,38,0,.,16,63,38,3,.,38,0,.,.,.,.
2008,RIS,N,RIS_N,RIS_N_2008,RIS_N_2008,2,1,4,1,2,1.41421,0,38,.,16,3,38,0,.,16,0,.,.,.,.
2008,RIS,N,RIS_N,RIS_N_2008,RIS_N_2008,2,3,2,1,2,0.81650,3,38,.,16,0,63,0,.,16,16,.,.,.,.
2008,RIS,N,RIS_N,RIS_N_2008,RIS_N_2008,2,3,2,1,2,0.81650,0,38,.,3,3,63,0,.,16,16,.,.,.,.
2008,RIS,N,RIS_N,RIS_N_2008,RIS_N_2008,2,2,2,2,2,0.00000,16,38,.,16,38,0,0,.,63,0,.,.,.,.
2008,RIS,N,RIS_N,RIS_N_2008,RIS_N_2008,1,2,1,3,1.75,0.95743,0,3,.,3,3,86,0,.,16,0,.,.,.,.
2008,RIS,N,RIS_N,RIS_N_2008,RIS_N_2008,2,2,2,1,1.75,0.50000,0,16,.,16,38,38,0,.,16,3,.,.,.,.
2008,RIS,N,RIS_N,RIS_N_2008,RIS_N_2008,2,3,1,1,1.75,0.95743,16,38,.,16,3,63,0,.,38,0,.,.,.,.
2008,RIS,N,RIS_N,RIS_N_2008,RIS_N_2008,2,2,1,1,1.5,0.57735,0,3,.,38,38,63,0,.,3,3,.,.,.,.
2008,RIS,N,RIS_N,RIS_N_2008,RIS_N_2008,1,1,1,3,1.5,1.00000,0,16,.,16,3,63,3,.,3,16,.,.,.,.
2008,RIS,N,RIS_N,RIS_N_2008,RIS_N_2008,1,1,2,2,1.5,0.57735,0,3,.,3,63,3,0,.,38,0,.,.,.,.
2008,RIS,N,RIS_N,RIS_N_2008,RIS_N_2008,1,1,1,1,1,0.00000,0,16,.,3,16,63,0,.,38,1,.,.,.,.
2008,RIS,N,RIS_N,RIS_N_2008,RIS_N_2008,1,1,1,1,1,0.00000,0,3,.,3,3,86,0,.,3,0,.,.,.,.
2008,RIS,S,RIS_S,RIS_S_2008,RIS_S_2008,6,6,6,2,5,2.00000,0,63,.,3,3,38,0,.,0,3,.,.,.,.
2008,RIS,S,RIS_S,RIS_S_2008,RIS_S_2008,2,3,13,1,4.75,5.56028,16,63,.,3,16,38,0,.,3,16,.,.,.,.
2008,RIS,S,RIS_S,RIS_S_2008,RIS_S_2008,3,6,5,5,4.75,1.25831,3,63,.,0,38,16,0,.,0,3,.,.,.,.
2008,RIS,S,RIS_S,RIS_S_2008,RIS_S_2008,3,4,4,5,4,0.81650,3,38,.,3,16,16,0,.,16,3,.,.,.,.
2008,RIS,S,RIS_S,RIS_S_2008,RIS_S_2008,5,3,4,4,4,0.81650,0,63,.,3,3,3,3,.,0,16,.,.,.,.
2008,RIS,S,RIS_S,RIS_S_2008,RIS_S_2008,3,4,3,4,3.5,0.57735,3,16,.,3,16,38,0,.,16,0,.,.,.,.
2008,RIS,S,RIS_S,RIS_S_2008,RIS_S_2008,5,4,2,2,3.25,1.50000,0,63,.,3,38,38,0,.,0,16,.,.,.,.
2008,RIS,S,RIS_S,RIS_S_2008,RIS_S_2008,4,3,3,3,3.25,0.50000,3,38,.,16,16,16,0,.,16,3,.,.,.,.
2008,RIS,S,RIS_S,RIS_S_2008,RIS_S_2008,5,2,2,4,3.25,1.50000,0,38,.,16,38,0,0,.,0,16,.,.,.,.
2008,RIS,S,RIS_S,RIS_S_2008,RIS_S_2008,4,2,2,4,3,1.15470,0,16,.,16,38,38,0,.,16,38,.,.,.,.
2008,RIS,S,RIS_S,RIS_S_2008,RIS_S_2008,3,3,4,2,3,0.81650,0,3,.,3,63,16,0,.,16,0,.,.,.,.
2008,RIS,S,RIS_S,RIS_S_2008,RIS_S_2008,2,2,4,3,2.75,0.95743,3,16,.,16,16,38,0,.,16,3,.,.,.,.
2008,RIS,S,RIS_S,RIS_S_2008,RIS_S_2008,2,2,2,5,2.75,1.50000,3,0,.,38,3,63,0,.,3,0,.,.,.,.
2008,RIS,S,RIS_S,RIS_S_2008,RIS_S_2008,2,3,3,2,2.5,0.57735,38,3,.,3,16,3,0,.,3,38,.,.,.,.
2008,RIS,S,RIS_S,RIS_S_2008,RIS_S_2008,3,2,2,3,2.5,0.57735,0,63,.,0,38,0,3,.,3,63,.,.,.,.
2008,RIS,S,RIS_S,RIS_S_2008,RIS_S_2008,5,1,1,2,2.25,1.89297,0,16,.,3,16,63,0,.,16,3,.,.,.,.
2008,RIS,S,RIS_S,RIS_S_2008,RIS_S_2008,2,2,2,3,2.25,0.50000,3,63,.,3,16,3,16,.,3,63,.,.,.,.
2008,RIS,S,RIS_S,RIS_S_2008,RIS_S_2008,3,2,2,2,2.25,0.50000,0,63,.,0,3,0,0,.,16,0,.,.,.,.
2008,RIS,S,RIS_S,RIS_S_2008,RIS_S_2008,2,2,2,2,2,0.00000,3,16,.,38,16,38,0,.,3,3,.,.,.,.
2008,RIS,S,RIS_S,RIS_S_2008,RIS_S_2008,1,3,1,2,1.75,0.95743,38,16,.,3,3,16,3,.,3,38,.,.,.,.
2008,RIS,S,RIS_S,RIS_S_2008,RIS_S_2008,1,1,1,4,1.75,1.50000,38,16,.,16,3,16,0,.,16,0,.,.,.,.
2008,RIS,S,RIS_S,RIS_S_2008,RIS_S_2008,2,2,2,1,1.75,0.50000,0,38,.,16,3,63,0,.,38,3,.,.,.,.
2008,RIS,S,RIS_S,RIS_S_2008,RIS_S_2008,2,2,1,1,1.5,0.57735,0,38,.,3,16,38,0,.,38,3,.,.,.,.
2008,RIS,S,RIS_S,RIS_S_2008,RIS_S_2008,1,3,1,1,1.5,1.00000,0,16,.,38,16,3,0,.,38,0,.,.,.,.
2008,RIS,S,RIS_S,RIS_S_2008,RIS_S_2008,1,1,2,2,1.5,0.57735,0,16,.,3,3,63,0,.,38,1,.,.,.,.
2008,RIS,S,RIS_S,RIS_S_2008,RIS_S_2008,1,2,1,1,1.25,0.50000,16,3,.,3,16,16,0,.,38,3,.,.,.,.
2008,RIS,S,RIS_S,RIS_S_2008,RIS_S_2008,1,2,1,1,1.25,0.50000,3,16,.,3,16,38,0,.,38,3,.,.,.,.
2008,RIS,S,RIS_S,RIS_S_2008,RIS_S_2008,2,1,1,1,1.25,0.50000,0,16,.,3,16,63,0,.,3,3,.,.,.,.
2008,RIS,S,RIS_S,RIS_S_2008,RIS_S_2008,1,1,1,2,1.25,0.50000,38,3,.,3,3,16,0,.,16,3,.,.,.,.
2008,RIS,S,RIS_S,RIS_S_2008,RIS_S_2008,1,2,1,1,1.25,0.50000,3,3,.,3,3,63,0,.,38,0,.,.,.,.
2008,STE,N,STE_N,STE_N_2008,STE_N_2008,7,11,9,11,9.5,1.91485,0,63,.,16,3,3,0,.,0,63,.,.,.,.
2008,STE,N,STE_N,STE_N_2008,STE_N_2008,7,8,9,8,8,0.81650,0,86,.,3,3,3,0,.,0,63,.,.,.,.
2008,STE,N,STE_N,STE_N_2008,STE_N_2008,9,8,7,8,8,0.81650,0,38,.,38,16,3,0,.,0,38,.,.,.,.
2008,STE,N,STE_N,STE_N_2008,STE_N_2008,6,9,8,8,7.75,1.25831,0,63,.,0,3,16,0,.,0,38,.,.,.,.
2008,STE,N,STE_N,STE_N_2008,STE_N_2008,6,8,7,8,7.25,0.95743,0,16,.,38,3,16,0,.,0,63,.,.,.,.
2008,STE,N,STE_N,STE_N_2008,STE_N_2008,6,8,6,8,7,1.15470,0,63,.,3,3,3,0,.,0,38,.,.,.,.
2008,STE,N,STE_N,STE_N_2008,STE_N_2008,6,6,6,8,6.5,1.00000,0,38,.,38,3,16,0,.,0,63,.,.,.,.
2008,STE,N,STE_N,STE_N_2008,STE_N_2008,6,6,8,6,6.5,1.00000,0,63,.,16,3,3,0,.,0,63,.,.,.,.
2008,STE,N,STE_N,STE_N_2008,STE_N_2008,6,3,6,8,5.75,2.06155,0,16,.,63,3,3,0,.,0,38,.,.,.,.
2008,STE,N,STE_N,STE_N_2008,STE_N_2008,5,6,4,8,5.75,1.70783,0,3,.,86,3,3,0,.,0,63,.,.,.,.
2008,STE,N,STE_N,STE_N_2008,STE_N_2008,5,6,6,6,5.75,0.50000,0,3,.,86,3,3,0,.,0,63,.,.,.,.
2008,STE,N,STE_N,STE_N_2008,STE_N_2008,6,2,8,6,5.5,2.51661,3,3,.,63,3,16,0,.,0,38,.,.,.,.
2008,STE,N,STE_N,STE_N_2008,STE_N_2008,5,6,6,5,5.5,0.57735,0,38,.,16,3,16,0,.,3,63,.,.,.,.
2008,STE,N,STE_N,STE_N_2008,STE_N_2008,7,6,4,5,5.5,1.29099,0,3,.,16,16,38,0,.,16,16,.,.,.,.
2008,STE,N,STE_N,STE_N_2008,STE_N_2008,5,5,6,4,5,0.81650,0,16,.,38,3,16,0,.,3,63,.,.,.,.
2008,STE,N,STE_N,STE_N_2008,STE_N_2008,7,3,3,7,5,2.30940,0,3,.,63,16,3,0,.,0,63,.,.,.,.
2008,STE,N,STE_N,STE_N_2008,STE_N_2008,5,3,7,4,4.75,1.70783,0,38,.,3,3,38,0,.,3,16,.,.,.,.
2008,STE,N,STE_N,STE_N_2008,STE_N_2008,5,4,4,5,4.5,0.57735,0,3,.,3,16,16,0,.,3,16,.,.,.,.
2008,STE,N,STE_N,STE_N_2008,STE_N_2008,2,6,3,6,4.25,2.06155,0,63,.,16,3,38,0,.,0,63,.,.,.,.
2008,STE,N,STE_N,STE_N_2008,STE_N_2008,4,3,6,4,4.25,1.25831,0,3,.,63,3,16,0,.,0,63,.,.,.,.
2008,STE,N,STE_N,STE_N_2008,STE_N_2008,2,7,3,4,4,2.16025,3,16,.,16,16,3,0,.,3,38,.,.,.,.
2008,STE,N,STE_N,STE_N_2008,STE_N_2008,4,4,5,3,4,0.81650,0,63,.,3,16,3,0,.,0,38,.,.,.,.
2008,STE,N,STE_N,STE_N_2008,STE_N_2008,6,2,2,6,4,2.30940,3,16,.,3,3,16,0,.,3,63,.,.,.,.
2008,STE,N,STE_N,STE_N_2008,STE_N_2008,3,4,3,4,3.5,0.57735,3,3,.,3,16,3,0,.,38,3,.,.,.,.
2008,STE,N,STE_N,STE_N_2008,STE_N_2008,3,3,4,3,3.25,0.50000,0,86,.,3,3,16,0,.,0,38,.,.,.,.
2008,STE,N,STE_N,STE_N_2008,STE_N_2008,3,3,4,3,3.25,0.50000,0,86,.,0,3,0,0,.,0,63,.,.,.,.
2008,STE,N,STE_N,STE_N_2008,STE_N_2008,3,3,3,2,2.75,0.50000,16,3,.,16,3,16,0,.,0,63,.,.,.,.
2008,STE,N,STE_N,STE_N_2008,STE_N_2008,2,2,2,4,2.5,1.00000,0,38,.,3,3,16,0,.,3,38,.,.,.,.
2008,STE,N,STE_N,STE_N_2008,STE_N_2008,1,2,2,3,2,0.81650,0,3,.,3,16,38,0,.,3,16,.,.,.,.
2008,STE,N,STE_N,STE_N_2008,STE_N_2008,2,1,2,1,1.5,0.57735,0,3,.,38,16,38,0,.,3,38,.,.,.,.
2008,STE,S,STE_S,STE_S_2008,STE_S_2008,8,7,8,7,7.5,0.57735,0,63,.,3,16,3,3,.,0,63,.,.,.,.
2008,STE,S,STE_S,STE_S_2008,STE_S_2008,7,7,8,7,7.25,0.50000,3,63,.,3,3,38,0,.,0,63,.,.,.,.
2008,STE,S,STE_S,STE_S_2008,STE_S_2008,6,8,7,7,7,0.81650,0,63,.,3,63,3,0,.,0,63,.,.,.,.
2008,STE,S,STE_S,STE_S_2008,STE_S_2008,7,6,7,7,6.75,0.50000,0,63,.,3,16,3,0,.,0,38,.,.,.,.
2008,STE,S,STE_S,STE_S_2008,STE_S_2008,6,6,6,8,6.5,1.00000,3,3,.,63,3,3,0,.,0,63,.,.,.,.
2008,STE,S,STE_S,STE_S_2008,STE_S_2008,6,8,6,6,6.5,1.00000,3,63,.,3,3,16,0,.,3,63,.,.,.,.
2008,STE,S,STE_S,STE_S_2008,STE_S_2008,8,8,4,6,6.5,1.91485,0,63,.,16,38,3,0,.,0,63,.,.,.,.
2008,STE,S,STE_S,STE_S_2008,STE_S_2008,5,7,6,7,6.25,0.95743,0,63,.,3,16,0,3,.,0,63,.,.,.,.
2008,STE,S,STE_S,STE_S_2008,STE_S_2008,7,6,7,5,6.25,0.95743,0,63,.,16,38,3,0,.,0,63,.,.,.,.
2008,STE,S,STE_S,STE_S_2008,STE_S_2008,5,6,6,7,6,0.81650,0,3,.,63,3,38,0,.,0,63,.,.,.,.
2008,STE,S,STE_S,STE_S_2008,STE_S_2008,4,5,7,7,5.75,1.50000,0,63,.,3,3,16,0,.,0,63,.,.,.,.
2008,STE,S,STE_S,STE_S_2008,STE_S_2008,6,7,6,4,5.75,1.25831,0,38,.,3,3,63,0,.,0,38,.,.,.,.
2008,STE,S,STE_S,STE_S_2008,STE_S_2008,4,7,7,5,5.75,1.50000,0,16,.,38,38,3,0,.,0,63,.,.,.,.
2008,STE,S,STE_S,STE_S_2008,STE_S_2008,5,8,3,6,5.5,2.08167,0,63,.,3,16,0,16,.,0,63,.,.,.,.
2008,STE,S,STE_S,STE_S_2008,STE_S_2008,5,5,6,5,5.25,0.50000,3,16,.,0,3,16,0,.,38,16,.,.,.,.
2008,STE,S,STE_S,STE_S_2008,STE_S_2008,4,5,6,6,5.25,0.95743,0,63,.,3,16,0,0,.,0,38,.,.,.,.
2008,STE,S,STE_S,STE_S_2008,STE_S_2008,5,4,6,5,5,0.81650,0,63,.,3,3,3,0,.,0,63,.,.,.,.
2008,STE,S,STE_S,STE_S_2008,STE_S_2008,4,3,6,6,4.75,1.50000,0,63,.,3,16,0,0,.,0,38,.,.,.,.
2008,STE,S,STE_S,STE_S_2008,STE_S_2008,5,7,3,4,4.75,1.70783,16,16,.,3,16,16,0,.,16,16,.,.,.,.
2008,STE,S,STE_S,STE_S_2008,STE_S_2008,4,4,5,5,4.5,0.57735,0,86,.,0,3,3,0,.,0,63,.,.,.,.
2008,STE,S,STE_S,STE_S_2008,STE_S_2008,3,4,6,5,4.5,1.29099,0,38,.,16,3,16,0,.,0,63,.,.,.,.
2008,STE,S,STE_S,STE_S_2008,STE_S_2008,5,3,4,5,4.25,0.95743,0,86,.,3,3,3,0,.,0,86,.,.,.,.
2008,STE,S,STE_S,STE_S_2008,STE_S_2008,2,4,5,5,4,1.41421,0,86,.,16,3,3,0,.,0,63,.,.,.,.
2008,STE,S,STE_S,STE_S_2008,STE_S_2008,5,3,3,5,4,1.15470,0,63,.,3,16,16,0,.,0,63,.,.,.,.
2008,STE,S,STE_S,STE_S_2008,STE_S_2008,4,4,4,4,4,0.00000,0,63,.,3,16,3,0,.,0,63,.,.,.,.
2008,STE,S,STE_S,STE_S_2008,STE_S_2008,4,3,4,4,3.75,0.50000,0,38,.,16,3,3,0,.,0,63,.,.,.,.
2008,STE,S,STE_S,STE_S_2008,STE_S_2008,4,4,3,4,3.75,0.50000,0,38,.,3,38,38,0,.,0,38,.,.,.,.
2008,STE,S,STE_S,STE_S_2008,STE_S_2008,4,3,3,4,3.5,0.57735,0,86,.,3,3,3,0,.,0,63,.,.,.,.
2008,STE,S,STE_S,STE_S_2008,STE_S_2008,3,4,3,3,3.25,0.50000,0,86,.,0,3,3,0,.,0,63,.,.,.,.
2008,STE,S,STE_S,STE_S_2008,STE_S_2008,3,3,3,4,3.25,0.50000,3,38,.,16,16,3,0,.,1,38,.,.,.,.
2008,STE,W,STE_W,STE_W_2008,STE_W_2008,7,7,7,19,10,6.00000,0,86,.,3,3,0,0,.,1,63,.,.,.,.
2008,STE,W,STE_W,STE_W_2008,STE_W_2008,10,9,7,7,8.25,1.50000,0,63,.,3,63,0,0,.,0,86,.,.,.,.
2008,STE,W,STE_W,STE_W_2008,STE_W_2008,6,8,6,7,6.75,0.95743,0,86,.,3,16,0,0,.,0,63,.,.,.,.
2008,STE,W,STE_W,STE_W_2008,STE_W_2008,6,7,7,6,6.5,0.57735,0,63,.,3,16,16,0,.,0,63,.,.,.,.
2008,STE,W,STE_W,STE_W_2008,STE_W_2008,7,5,7,6,6.25,0.95743,0,63,.,0,16,0,0,.,0,63,.,.,.,.
2008,STE,W,STE_W,STE_W_2008,STE_W_2008,6,6,6,6,6,0.00000,0,86,.,3,3,3,0,.,0,38,.,.,.,.
2008,STE,W,STE_W,STE_W_2008,STE_W_2008,5,5,6,7,5.75,0.95743,0,63,.,3,3,16,0,.,3,38,.,.,.,.
2008,STE,W,STE_W,STE_W_2008,STE_W_2008,6,6,6,5,5.75,0.50000,0,86,.,3,3,3,0,.,0,38,.,.,.,.
2008,STE,W,STE_W,STE_W_2008,STE_W_2008,6,6,6,5,5.75,0.50000,0,63,.,3,3,16,0,.,0,63,.,.,.,.
2008,STE,W,STE_W,STE_W_2008,STE_W_2008,7,5,6,3,5.25,1.70783,0,63,.,16,16,0,0,.,0,63,.,.,.,.
2008,STE,W,STE_W,STE_W_2008,STE_W_2008,8,4,4,4,5,2.00000,0,16,.,16,16,16,3,.,0,63,.,.,.,.
2008,STE,W,STE_W,STE_W_2008,STE_W_2008,6,3,6,5,5,1.41421,3,63,.,3,0,3,0,.,3,16,.,.,.,.
2008,STE,W,STE_W,STE_W_2008,STE_W_2008,4,6,2,8,5,2.58199,0,63,.,16,3,38,0,.,0,63,.,.,.,.
2008,STE,W,STE_W,STE_W_2008,STE_W_2008,6,4,4,6,5,1.15470,3,63,.,16,3,3,0,.,0,63,.,.,.,.
2008,STE,W,STE_W,STE_W_2008,STE_W_2008,5,6,3,5,4.75,1.25831,0,86,.,3,3,0,0,.,0,38,.,.,.,.
2008,STE,W,STE_W,STE_W_2008,STE_W_2008,3,3,6,6,4.5,1.73205,0,3,.,63,16,16,0,.,0,38,.,.,.,.
2008,STE,W,STE_W,STE_W_2008,STE_W_2008,4,4,4,5,4.25,0.50000,0,16,.,63,3,16,0,.,0,63,.,.,.,.
2008,STE,W,STE_W,STE_W_2008,STE_W_2008,4,5,2,4,3.75,1.25831,0,38,.,16,3,38,0,.,1,38,.,.,.,.
2008,STE,W,STE_W,STE_W_2008,STE_W_2008,5,3,3,4,3.75,0.95743,0,86,.,3,3,0,3,.,0,86,.,.,.,.
2008,STE,W,STE_W,STE_W_2008,STE_W_2008,3,2,4,4,3.25,0.95743,3,16,.,3,16,38,0,.,3,16,.,.,.,.
2008,STE,W,STE_W,STE_W_2008,STE_W_2008,4,3,3,3,3.25,0.50000,0,3,.,3,3,86,0,.,3,3,.,.,.,.
2008,STE,W,STE_W,STE_W_2008,STE_W_2008,3,3,4,3,3.25,0.50000,16,38,.,16,3,38,0,.,3,38,.,.,.,.
2008,STE,W,STE_W,STE_W_2008,STE_W_2008,3,5,2,3,3.25,1.25831,0,38,.,3,3,16,0,.,3,16,.,.,.,.
2008,STE,W,STE_W,STE_W_2008,STE_W_2008,4,3,3,2,3,0.81650,16,3,.,16,3,3,0,.,3,38,.,.,.,.
2008,STE,W,STE_W,STE_W_2008,STE_W_2008,5,2,3,2,3,1.41421,3,38,.,1,3,3,0,.,16,16,.,.,.,.
2008,STE,W,STE_W,STE_W_2008,STE_W_2008,4,1,2,3,2.5,1.29099,0,16,.,3,38,63,0,.,16,3,.,.,.,.
2008,STE,W,STE_W,STE_W_2008,STE_W_2008,3,2,2,2,2.25,0.50000,0,38,.,16,3,3,0,.,0,16,.,.,.,.
2008,STE,W,STE_W,STE_W_2008,STE_W_2008,2,2,1,3,2,0.81650,0,38,.,16,3,38,0,.,16,16,.,.,.,.
2008,STE,W,STE_W,STE_W_2008,STE_W_2008,1,2,1,2,1.5,0.57735,3,3,.,3,16,16,0,.,16,16,.,.,.,.
2008,STE,W,STE_W,STE_W_2008,STE_W_2008,1,1,1,3,1.5,1.00000,3,16,.,3,3,16,0,.,16,16,.,.,.,.
2007,GIL,C,GIL_C,GIL_C_2007,GIL_C_2007,11,7,7,9,8.5,1.91485,0,38,.,16,16,0,38,.,16,0,.,.,.,.
2007,GIL,C,GIL_C,GIL_C_2007,GIL_C_2007,7,8,8,8,7.75,0.50000,0,0,.,63,3,3,63,.,16,0,.,.,.,.
2007,GIL,C,GIL_C,GIL_C_2007,GIL_C_2007,7,7,7,9,7.5,1.00000,0,38,.,86,16,0,0,.,38,0,.,.,.,.
2007,GIL,C,GIL_C,GIL_C_2007,GIL_C_2007,7,8,7,8,7.5,0.57735,0,38,.,63,38,0,0,.,0,0,.,.,.,.
2007,GIL,C,GIL_C,GIL_C_2007,GIL_C_2007,5,8,7,9,7.25,1.70783,0,38,.,16,38,38,0,.,0,0,.,.,.,.
2007,GIL,C,GIL_C,GIL_C_2007,GIL_C_2007,7,7,7,7,7,0.00000,0,38,.,63,63,3,0,.,16,0,.,.,.,.
2007,GIL,C,GIL_C,GIL_C_2007,GIL_C_2007,7,6,7,7,6.75,0.50000,0,63,.,16,38,0,0,.,16,0,.,.,.,.
2007,GIL,C,GIL_C,GIL_C_2007,GIL_C_2007,7,6,7,6,6.5,0.57735,0,63,.,38,38,0,0,.,16,3,.,.,.,.
2007,GIL,C,GIL_C,GIL_C_2007,GIL_C_2007,7,6,7,6,6.5,0.57735,0,38,.,3,38,38,0,.,0,0,.,.,.,.
2007,GIL,C,GIL_C,GIL_C_2007,GIL_C_2007,6,6,6,8,6.5,1.00000,0,38,.,63,38,16,0,.,3,0,.,.,.,.
2007,GIL,C,GIL_C,GIL_C_2007,GIL_C_2007,6,6,6,6,6,0.00000,0,86,.,16,16,3,0,.,3,0,.,.,.,.
2007,GIL,C,GIL_C,GIL_C_2007,GIL_C_2007,7,6,6,5,6,0.81650,0,16,.,38,38,38,0,.,0,0,.,.,.,.
2007,GIL,C,GIL_C,GIL_C_2007,GIL_C_2007,6,6,6,6,6,0.00000,0,63,.,16,3,3,0,.,3,0,.,.,.,.
2007,GIL,C,GIL_C,GIL_C_2007,GIL_C_2007,6,6,6,6,6,0.00000,0,86,.,16,3,3,0,.,16,0,.,.,.,.
2007,GIL,C,GIL_C,GIL_C_2007,GIL_C_2007,5,5,5,7,5.5,1.00000,0,63,.,16,38,3,0,.,16,0,.,.,.,.
2007,GIL,C,GIL_C,GIL_C_2007,GIL_C_2007,4,8,5,5,5.5,1.73205,0,96,.,3,3,3,16,.,3,0,.,.,.,.
2007,GIL,C,GIL_C,GIL_C_2007,GIL_C_2007,4,5,9,4,5.5,2.38048,0,38,.,63,3,38,0,.,0,0,.,.,.,.
2007,GIL,C,GIL_C,GIL_C_2007,GIL_C_2007,3,6,6,6,5.25,1.50000,0,63,.,38,16,0,0,.,3,0,.,.,.,.
2007,GIL,C,GIL_C,GIL_C_2007,GIL_C_2007,5,5,5,5,5,0.00000,0,38,.,38,38,3,0,.,0,16,.,.,.,.
2007,GIL,C,GIL_C,GIL_C_2007,GIL_C_2007,5,5,5,5,5,0.00000,0,63,.,38,16,3,0,.,3,0,.,.,.,.
2007,GIL,C,GIL_C,GIL_C_2007,GIL_C_2007,5,5,5,5,5,0.00000,0,86,.,63,3,0,0,.,0,0,.,.,.,.
2007,GIL,C,GIL_C,GIL_C_2007,GIL_C_2007,5,5,5,4,4.75,0.50000,0,63,.,38,16,16,0,.,0,0,.,.,.,.
2007,GIL,C,GIL_C,GIL_C_2007,GIL_C_2007,4,4,7,4,4.75,1.50000,0,86,.,16,3,3,0,.,16,0,.,.,.,.
2007,GIL,C,GIL_C,GIL_C_2007,GIL_C_2007,5,4,5,4,4.5,0.57735,1,86,.,16,3,16,0,.,3,0,.,.,.,.
2007,GIL,C,GIL_C,GIL_C_2007,GIL_C_2007,4,4,5,5,4.5,0.57735,0,63,.,16,3,16,0,.,3,3,.,.,.,.
2007,GIL,C,GIL_C,GIL_C_2007,GIL_C_2007,4,4,4,4,4,0.00000,0,86,.,16,0,3,0,.,3,0,.,.,.,.
2007,GIL,C,GIL_C,GIL_C_2007,GIL_C_2007,4,4,4,4,4,0.00000,0,63,.,63,3,3,0,.,3,0,.,.,.,.
2007,GIL,C,GIL_C,GIL_C_2007,GIL_C_2007,4,4,4,4,4,0.00000,0,86,.,3,3,3,0,.,16,0,.,.,.,.
2007,GIL,C,GIL_C,GIL_C_2007,GIL_C_2007,3,3,3,5,3.5,1.00000,0,38,.,16,16,0,0,.,63,0,.,.,.,.
2007,GIL,C,GIL_C,GIL_C_2007,GIL_C_2007,3,3,3,3,3,0.00000,0,16,.,38,16,38,0,.,0,3,.,.,.,.
2007,GIL,N,GIL_N,GIL_N_2007,GIL_N_2007,7,10,6,6,7.25,1.89297,0,86,.,3,3,0,0,.,63,0,.,.,.,.
2007,GIL,N,GIL_N,GIL_N_2007,GIL_N_2007,7,7,7,7,7,0.00000,0,96,.,16,0,0,0,.,3,0,.,.,.,.
2007,GIL,N,GIL_N,GIL_N_2007,GIL_N_2007,6,9,6,7,7,1.41421,0,63,.,16,38,3,0,.,3,0,.,.,.,.
2007,GIL,N,GIL_N,GIL_N_2007,GIL_N_2007,7,7,7,7,7,0.00000,0,38,.,38,38,16,0,.,3,0,.,.,.,.
2007,GIL,N,GIL_N,GIL_N_2007,GIL_N_2007,5,6,5,5,5.25,0.50000,0,86,.,16,16,16,0,.,3,0,.,.,.,.
2007,GIL,N,GIL_N,GIL_N_2007,GIL_N_2007,6,5,5,5,5.25,0.50000,0,38,.,38,16,16,0,.,3,0,.,.,.,.
2007,GIL,N,GIL_N,GIL_N_2007,GIL_N_2007,5,5,5,6,5.25,0.50000,0,96,.,3,3,0,0,.,16,0,.,.,.,.
2007,GIL,N,GIL_N,GIL_N_2007,GIL_N_2007,6,6,4,4,5,1.15470,0,38,.,63,3,3,0,.,3,0,.,.,.,.
2007,GIL,N,GIL_N,GIL_N_2007,GIL_N_2007,5,5,5,5,5,0.00000,0,38,.,38,3,16,0,.,16,0,.,.,.,.
2007,GIL,N,GIL_N,GIL_N_2007,GIL_N_2007,6,5,5,4,5,0.81650,3,63,.,16,3,3,0,.,16,0,.,.,.,.
2007,GIL,N,GIL_N,GIL_N_2007,GIL_N_2007,5,5,5,5,5,0.00000,0,63,.,38,3,16,0,.,16,0,.,.,.,.
2007,GIL,N,GIL_N,GIL_N_2007,GIL_N_2007,4,6,4,4,4.5,1.00000,0,38,.,38,3,0,0,.,63,0,.,.,.,.
2007,GIL,N,GIL_N,GIL_N_2007,GIL_N_2007,4,5,5,4,4.5,0.57735,0,63,.,16,3,3,0,.,38,0,.,.,.,.
2007,GIL,N,GIL_N,GIL_N_2007,GIL_N_2007,4,5,4,5,4.5,0.57735,0,63,.,16,3,16,0,.,3,0,.,.,.,.
2007,GIL,N,GIL_N,GIL_N_2007,GIL_N_2007,4,5,4,4,4.25,0.50000,0,96,.,16,0,0,0,.,16,0,.,.,.,.
2007,GIL,N,GIL_N,GIL_N_2007,GIL_N_2007,4,5,4,4,4.25,0.50000,0,96,.,3,3,3,0,.,3,0,.,.,.,.
2007,GIL,N,GIL_N,GIL_N_2007,GIL_N_2007,4,5,4,4,4.25,0.50000,0,63,.,38,16,3,0,.,3,0,.,.,.,.
2007,GIL,N,GIL_N,GIL_N_2007,GIL_N_2007,4,4,5,4,4.25,0.50000,0,96,.,16,3,3,0,.,16,0,.,.,.,.
2007,GIL,N,GIL_N,GIL_N_2007,GIL_N_2007,4,5,3,4,4,0.81650,0,86,.,3,16,3,0,.,3,0,.,.,.,.
2007,GIL,N,GIL_N,GIL_N_2007,GIL_N_2007,4,4,4,3,3.75,0.50000,0,38,.,38,3,16,0,.,3,0,.,.,.,.
2007,GIL,N,GIL_N,GIL_N_2007,GIL_N_2007,5,3,4,3,3.75,0.95743,0,63,.,16,3,16,0,.,16,0,.,.,.,.
2007,GIL,N,GIL_N,GIL_N_2007,GIL_N_2007,4,4,3,3,3.5,0.57735,0,63,.,3,3,16,0,.,3,0,.,.,.,.
2007,GIL,N,GIL_N,GIL_N_2007,GIL_N_2007,4,3,3,4,3.5,0.57735,0,63,.,3,3,16,0,.,16,3,.,.,.,.
2007,GIL,N,GIL_N,GIL_N_2007,GIL_N_2007,3,3,3,3,3,0.00000,0,38,.,38,16,3,0,.,38,0,.,.,.,.
2007,GIL,N,GIL_N,GIL_N_2007,GIL_N_2007,3,3,3,3,3,0.00000,0,63,.,3,3,38,0,.,3,0,.,.,.,.
2007,GIL,N,GIL_N,GIL_N_2007,GIL_N_2007,3,2,2,2,2.25,0.50000,0,16,.,38,16,3,0,.,3,3,.,.,.,.
2007,GIL,N,GIL_N,GIL_N_2007,GIL_N_2007,1,2,2,1,1.5,0.57735,3,63,.,3,16,3,0,.,0,16,.,.,.,.
2007,GIL,N,GIL_N,GIL_N_2007,GIL_N_2007,1,1,1,2,1.25,0.50000,0,38,.,63,16,3,0,.,3,3,.,.,.,.
2007,GIL,N,GIL_N,GIL_N_2007,GIL_N_2007,1,1,1,1,1,0.00000,3,16,.,16,16,16,0,.,0,16,.,.,.,.
2007,GIL,N,GIL_N,GIL_N_2007,GIL_N_2007,1,1,1,1,1,0.00000,0,16,.,16,16,38,0,.,16,3,.,.,.,.
2007,GIL,S,GIL_S,GIL_S_2007,GIL_S_2007,11,13,11,10,11.25,1.25831,0,16,.,16,98,0,0,.,0,0,.,.,.,.
2007,GIL,S,GIL_S,GIL_S_2007,GIL_S_2007,12,10,12,9,10.75,1.50000,0,63,.,3,38,16,0,.,3,0,.,.,.,.
2007,GIL,S,GIL_S,GIL_S_2007,GIL_S_2007,8,5,21,7,10.25,7.27438,0,98,.,0,3,0,0,.,0,0,.,.,.,.
2007,GIL,S,GIL_S,GIL_S_2007,GIL_S_2007,10,8,11,11,10,1.41421,0,16,.,38,86,0,0,.,3,0,.,.,.,.
2007,GIL,S,GIL_S,GIL_S_2007,GIL_S_2007,12,9,12,7,10,2.44949,0,16,.,63,38,0,0,.,38,3,.,.,.,.
2007,GIL,S,GIL_S,GIL_S_2007,GIL_S_2007,9,11,7,11,9.5,1.91485,0,86,.,3,16,1,0,.,3,0,.,.,.,.
2007,GIL,S,GIL_S,GIL_S_2007,GIL_S_2007,7,10,8,12,9.25,2.21736,0,38,.,38,38,1,0,.,16,0,.,.,.,.
2007,GIL,S,GIL_S,GIL_S_2007,GIL_S_2007,7,9,9,9,8.5,1.00000,0,3,.,38,86,3,0,.,16,0,.,.,.,.
2007,GIL,S,GIL_S,GIL_S_2007,GIL_S_2007,4,4,3,21,8,8.67948,0,38,.,63,3,16,0,.,3,0,.,.,.,.
2007,GIL,S,GIL_S,GIL_S_2007,GIL_S_2007,10,5,12,5,8,3.55903,0,38,.,63,38,0,0,.,3,0,.,.,.,.
2007,GIL,S,GIL_S,GIL_S_2007,GIL_S_2007,8,7,5,9,7.25,1.70783,0,86,.,3,16,3,0,.,3,0,.,.,.,.
2007,GIL,S,GIL_S,GIL_S_2007,GIL_S_2007,5,8,5,10,7,2.44949,0,86,.,3,38,3,0,.,16,0,.,.,.,.
2007,GIL,S,GIL_S,GIL_S_2007,GIL_S_2007,7,7,7,7,7,0.00000,0,86,.,38,38,3,0,.,0,0,.,.,.,.
2007,GIL,S,GIL_S,GIL_S_2007,GIL_S_2007,6,6,5,9,6.5,1.73205,0,63,.,16,38,3,0,.,16,0,.,.,.,.
2007,GIL,S,GIL_S,GIL_S_2007,GIL_S_2007,6,7,7,6,6.5,0.57735,0,86,.,16,3,3,0,.,16,0,.,.,.,.
2007,GIL,S,GIL_S,GIL_S_2007,GIL_S_2007,6,6,6,7,6.25,0.50000,0,98,.,3,0,3,0,.,3,0,.,.,.,.
2007,GIL,S,GIL_S,GIL_S_2007,GIL_S_2007,6,6,6,6,6,0.00000,0,86,.,3,3,0,0,.,38,0,.,.,.,.
2007,GIL,S,GIL_S,GIL_S_2007,GIL_S_2007,7,6,6,5,6,0.81650,0,86,.,3,3,0,0,.,38,0,.,.,.,.
2007,GIL,S,GIL_S,GIL_S_2007,GIL_S_2007,9,5,5,5,6,2.00000,0,63,.,38,16,16,0,.,16,0,.,.,.,.
2007,GIL,S,GIL_S,GIL_S_2007,GIL_S_2007,5,5,9,5,6,2.00000,0,63,.,38,16,3,0,.,16,0,.,.,.,.
2007,GIL,S,GIL_S,GIL_S_2007,GIL_S_2007,5,6,5,7,5.75,0.95743,0,38,.,86,3,0,0,.,16,0,.,.,.,.
2007,GIL,S,GIL_S,GIL_S_2007,GIL_S_2007,3,10,5,5,5.75,2.98608,0,63,.,16,38,3,0,.,16,0,.,.,.,.
2007,GIL,S,GIL_S,GIL_S_2007,GIL_S_2007,4,5,5,8,5.5,1.73205,0,98,.,16,16,0,0,.,3,0,.,.,.,.
2007,GIL,S,GIL_S,GIL_S_2007,GIL_S_2007,5,5,5,5,5,0.00000,0,86,.,16,3,0,0,.,16,0,.,.,.,.
2007,GIL,S,GIL_S,GIL_S_2007,GIL_S_2007,5,5,5,5,5,0.00000,0,86,.,38,3,0,0,.,3,0,.,.,.,.
2007,GIL,S,GIL_S,GIL_S_2007,GIL_S_2007,5,5,5,5,5,0.00000,0,38,.,86,38,3,0,.,0,0,.,.,.,.
2007,GIL,S,GIL_S,GIL_S_2007,GIL_S_2007,5,4,5,5,4.75,0.50000,0,86,.,16,3,0,0,.,38,0,.,.,.,.
2007,GIL,S,GIL_S,GIL_S_2007,GIL_S_2007,4,4,4,5,4.25,0.50000,0,86,.,3,16,16,0,.,0,0,.,.,.,.
2007,GIL,S,GIL_S,GIL_S_2007,GIL_S_2007,3,5,3,3,3.5,1.00000,0,63,.,38,3,16,0,.,0,0,.,.,.,.
2007,GIL,S,GIL_S,GIL_S_2007,GIL_S_2007,3,3,3,5,3.5,1.00000,0,38,.,86,3,16,0,.,0,3,.,.,.,.
2007,KLN,C,KLN_C,KLN_C_2007,KLN_C_2007,9,7,7,7,7.5,1.00000,98,0,.,3,0,3,0,.,63,0,.,.,.,.
2007,KLN,C,KLN_C,KLN_C_2007,KLN_C_2007,7,7,8,7,7.25,0.50000,98,0,.,3,3,0,0,.,63,0,.,.,.,.
2007,KLN,C,KLN_C,KLN_C_2007,KLN_C_2007,7,7,7,7,7,0.00000,16,63,.,16,38,3,0,.,63,0,.,.,.,.
2007,KLN,C,KLN_C,KLN_C_2007,KLN_C_2007,7,7,7,7,7,0.00000,98,0,.,0,3,0,0,.,63,3,.,.,.,.
2007,KLN,C,KLN_C,KLN_C_2007,KLN_C_2007,6,6,9,7,7,1.41421,86,16,.,16,16,16,0,.,38,0,.,.,.,.
2007,KLN,C,KLN_C,KLN_C_2007,KLN_C_2007,7,6,6,7,6.5,0.57735,16,63,.,3,38,38,0,.,16,3,.,.,.,.
2007,KLN,C,KLN_C,KLN_C_2007,KLN_C_2007,6,7,5,6,6,0.81650,3,86,.,3,38,16,0,.,16,0,.,.,.,.
2007,KLN,C,KLN_C,KLN_C_2007,KLN_C_2007,6,6,6,6,6,0.00000,98,3,.,3,3,0,0,.,38,0,.,.,.,.
2007,KLN,C,KLN_C,KLN_C_2007,KLN_C_2007,6,6,6,6,6,0.00000,38,38,.,0,63,38,0,.,3,0,.,.,.,.
2007,KLN,C,KLN_C,KLN_C_2007,KLN_C_2007,6,6,6,6,6,0.00000,86,0,.,0,3,0,0,.,38,3,.,.,.,.
2007,KLN,C,KLN_C,KLN_C_2007,KLN_C_2007,6,7,5,6,6,0.81650,86,0,.,3,16,16,0,.,16,16,.,.,.,.
2007,KLN,C,KLN_C,KLN_C_2007,KLN_C_2007,6,6,5,6,5.75,0.50000,0,86,.,16,38,3,0,.,38,0,.,.,.,.
2007,KLN,C,KLN_C,KLN_C_2007,KLN_C_2007,5,7,5,5,5.5,1.00000,63,63,.,16,16,3,0,.,16,0,.,.,.,.
2007,KLN,C,KLN_C,KLN_C_2007,KLN_C_2007,3,9,5,5,5.5,2.51661,38,0,.,16,38,0,0,.,63,16,.,.,.,.
2007,KLN,C,KLN_C,KLN_C_2007,KLN_C_2007,6,5,5,6,5.5,0.57735,86,0,.,3,16,16,0,.,38,0,.,.,.,.
2007,KLN,C,KLN_C,KLN_C_2007,KLN_C_2007,5,5,5,6,5.25,0.50000,38,16,.,3,38,38,0,.,16,0,.,.,.,.
2007,KLN,C,KLN_C,KLN_C_2007,KLN_C_2007,5,5,5,6,5.25,0.50000,86,16,.,3,16,3,0,.,63,0,.,.,.,.
2007,KLN,C,KLN_C,KLN_C_2007,KLN_C_2007,6,5,5,5,5.25,0.50000,63,16,.,16,16,16,0,.,16,0,.,.,.,.
2007,KLN,C,KLN_C,KLN_C_2007,KLN_C_2007,6,5,5,5,5.25,0.50000,86,0,.,0,3,3,0,.,38,16,.,.,.,.
2007,KLN,C,KLN_C,KLN_C_2007,KLN_C_2007,5,5,5,5,5,0.00000,86,16,.,3,16,0,0,.,63,0,.,.,.,.
2007,KLN,C,KLN_C,KLN_C_2007,KLN_C_2007,5,5,5,5,5,0.00000,38,0,.,63,38,0,0,.,38,3,.,.,.,.
2007,KLN,C,KLN_C,KLN_C_2007,KLN_C_2007,5,5,5,5,5,0.00000,0,63,.,16,16,0,0,.,63,3,.,.,.,.
2007,KLN,C,KLN_C,KLN_C_2007,KLN_C_2007,5,5,5,5,5,0.00000,86,1,.,3,16,3,0,.,38,16,.,.,.,.
2007,KLN,C,KLN_C,KLN_C_2007,KLN_C_2007,6,4,4,5,4.75,0.95743,38,3,.,38,38,38,0,.,16,0,.,.,.,.
2007,KLN,C,KLN_C,KLN_C_2007,KLN_C_2007,4,5,5,4,4.5,0.57735,16,16,.,16,63,63,0,.,0,0,.,.,.,.
2007,KLN,C,KLN_C,KLN_C_2007,KLN_C_2007,4,5,4,5,4.5,0.57735,63,0,.,3,38,16,0,.,38,3,.,.,.,.
2007,KLN,C,KLN_C,KLN_C_2007,KLN_C_2007,5,4,4,4,4.25,0.50000,63,16,.,63,3,0,0,.,38,0,.,.,.,.
2007,KLN,C,KLN_C,KLN_C_2007,KLN_C_2007,4,4,4,4,4,0.00000,0,63,.,16,38,16,0,.,16,3,.,.,.,.
2007,KLN,C,KLN_C,KLN_C_2007,KLN_C_2007,3,4,3,4,3.5,0.57735,86,3,.,0,3,0,0,.,38,16,.,.,.,.
2007,KLN,C,KLN_C,KLN_C_2007,KLN_C_2007,3,2,2,2,2.25,0.50000,0,0,.,63,0,3,0,.,63,0,.,.,.,.
2007,KLN,E,KLN_E,KLN_E_2007,KLN_E_2007,8,8,8,9,8.25,0.50000,0,16,.,3,98,3,0,.,0,16,.,.,.,.
2007,KLN,E,KLN_E,KLN_E_2007,KLN_E_2007,8,5,6,9,7,1.82574,0,16,.,0,16,86,0,.,0,3,.,.,.,.
2007,KLN,E,KLN_E,KLN_E_2007,KLN_E_2007,9,7,5,6,6.75,1.70783,16,38,.,0,63,3,0,.,3,38,.,.,.,.
2007,KLN,E,KLN_E,KLN_E_2007,KLN_E_2007,6,7,6,7,6.5,0.57735,38,16,.,0,63,0,0,.,0,63,.,.,.,.
2007,KLN,E,KLN_E,KLN_E_2007,KLN_E_2007,6,7,7,5,6.25,0.95743,0,86,.,0,16,0,0,.,3,0,.,.,.,.
2007,KLN,E,KLN_E,KLN_E_2007,KLN_E_2007,9,6,5,5,6.25,1.89297,0,0,.,3,38,38,0,.,0,16,.,.,.,.
2007,KLN,E,KLN_E,KLN_E_2007,KLN_E_2007,6,6,6,7,6.25,0.50000,16,16,.,3,38,3,0,.,3,16,.,.,.,.
2007,KLN,E,KLN_E,KLN_E_2007,KLN_E_2007,5,7,5,6,5.75,0.95743,0,0,.,16,16,86,0,.,0,3,.,.,.,.
2007,KLN,E,KLN_E,KLN_E_2007,KLN_E_2007,7,6,6,3,5.5,1.73205,0,0,.,0,16,86,0,.,0,0,.,.,.,.
2007,KLN,E,KLN_E,KLN_E_2007,KLN_E_2007,6,5,3,7,5.25,1.70783,0,0,.,0,38,63,0,.,0,0,.,.,.,.
2007,KLN,E,KLN_E,KLN_E_2007,KLN_E_2007,5,6,5,5,5.25,0.50000,0,86,.,3,3,16,0,.,3,0,.,.,.,.
2007,KLN,E,KLN_E,KLN_E_2007,KLN_E_2007,4,5,6,6,5.25,0.95743,38,3,.,3,38,3,0,.,3,38,.,.,.,.
2007,KLN,E,KLN_E,KLN_E_2007,KLN_E_2007,5,5,5,6,5.25,0.50000,63,16,.,0,16,0,0,.,3,16,.,.,.,.
2007,KLN,E,KLN_E,KLN_E_2007,KLN_E_2007,5,5,5,6,5.25,0.50000,86,16,.,0,16,0,0,.,3,38,.,.,.,.
2007,KLN,E,KLN_E,KLN_E_2007,KLN_E_2007,5,5,5,5,5,0.00000,38,16,.,16,3,16,0,.,3,16,.,.,.,.
2007,KLN,E,KLN_E,KLN_E_2007,KLN_E_2007,4,7,5,4,5,1.41421,38,38,.,16,3,16,0,.,16,0,.,.,.,.
2007,KLN,E,KLN_E,KLN_E_2007,KLN_E_2007,4,7,4,5,5,1.41421,63,16,.,16,38,0,0,.,3,38,.,.,.,.
2007,KLN,E,KLN_E,KLN_E_2007,KLN_E_2007,3,5,6,5,4.75,1.25831,38,3,.,0,16,3,0,.,16,16,.,.,.,.
2007,KLN,E,KLN_E,KLN_E_2007,KLN_E_2007,5,4,5,5,4.75,0.50000,0,0,.,16,16,63,0,.,0,3,.,.,.,.
2007,KLN,E,KLN_E,KLN_E_2007,KLN_E_2007,3,5,5,6,4.75,1.25831,63,0,.,3,16,0,0,.,0,38,.,.,.,.
2007,KLN,E,KLN_E,KLN_E_2007,KLN_E_2007,4,6,4,5,4.75,0.95743,16,38,.,16,16,0,0,.,0,38,.,.,.,.
2007,KLN,E,KLN_E,KLN_E_2007,KLN_E_2007,5,3,5,5,4.5,1.00000,0,3,.,3,16,63,0,.,0,38,.,.,.,.
2007,KLN,E,KLN_E,KLN_E_2007,KLN_E_2007,4,5,4,5,4.5,0.57735,0,16,.,16,16,63,0,.,3,0,.,.,.,.
2007,KLN,E,KLN_E,KLN_E_2007,KLN_E_2007,5,3,5,4,4.25,0.95743,0,3,.,0,16,98,0,.,0,3,.,.,.,.
2007,KLN,E,KLN_E,KLN_E_2007,KLN_E_2007,4,4,4,4,4,0.00000,0,86,.,3,3,0,0,.,0,16,.,.,.,.
2007,KLN,E,KLN_E,KLN_E_2007,KLN_E_2007,3,4,5,3,3.75,0.95743,3,3,.,3,38,3,0,.,3,38,.,.,.,.
2007,KLN,E,KLN_E,KLN_E_2007,KLN_E_2007,3,5,3,3,3.5,1.00000,0,0,.,3,16,63,0,.,0,16,.,.,.,.
2007,KLN,E,KLN_E,KLN_E_2007,KLN_E_2007,3,3,3,4,3.25,0.50000,0,0,.,98,0,1,0,.,38,0,.,.,.,.
2007,KLN,E,KLN_E,KLN_E_2007,KLN_E_2007,3,3,3,3,3,0.00000,0,0,.,0,16,98,0,.,0,0,.,.,.,.
2007,KLN,E,KLN_E,KLN_E_2007,KLN_E_2007,2,2,2,2,2,0.00000,38,3,.,3,3,0,0,.,3,38,.,.,.,.
2007,KLN,W,KLN_W,KLN_W_2007,KLN_W_2007,7,7,7,7,7,0.00000,16,0,.,86,16,0,0,.,16,16,.,.,.,.
2007,KLN,W,KLN_W,KLN_W_2007,KLN_W_2007,7,7,7,6,6.75,0.50000,0,86,.,3,38,3,0,.,16,0,.,.,.,.
2007,KLN,W,KLN_W,KLN_W_2007,KLN_W_2007,7,6,7,7,6.75,0.50000,86,16,.,3,16,0,0,.,63,0,.,.,.,.
2007,KLN,W,KLN_W,KLN_W_2007,KLN_W_2007,7,6,7,6,6.5,0.57735,86,0,.,3,38,3,0,.,38,0,.,.,.,.
2007,KLN,W,KLN_W,KLN_W_2007,KLN_W_2007,7,6,7,6,6.5,0.57735,86,0,.,0,38,3,0,.,38,0,.,.,.,.
2007,KLN,W,KLN_W,KLN_W_2007,KLN_W_2007,7,7,6,6,6.5,0.57735,86,3,.,3,16,3,0,.,38,0,.,.,.,.
2007,KLN,W,KLN_W,KLN_W_2007,KLN_W_2007,6,6,6,6,6,0.00000,16,3,.,38,63,38,0,.,3,3,.,.,.,.
2007,KLN,W,KLN_W,KLN_W_2007,KLN_W_2007,7,5,6,6,6,0.81650,0,86,.,3,38,3,0,.,38,0,.,.,.,.
2007,KLN,W,KLN_W,KLN_W_2007,KLN_W_2007,6,6,6,6,6,0.00000,63,16,.,16,38,3,0,.,63,0,.,.,.,.
2007,KLN,W,KLN_W,KLN_W_2007,KLN_W_2007,6,6,6,6,6,0.00000,0,16,.,63,38,3,0,.,63,0,.,.,.,.
2007,KLN,W,KLN_W,KLN_W_2007,KLN_W_2007,6,6,6,6,6,0.00000,86,3,.,0,16,0,0,.,63,3,.,.,.,.
2007,KLN,W,KLN_W,KLN_W_2007,KLN_W_2007,5,7,5,6,5.75,0.95743,0,38,.,38,38,3,0,.,38,3,.,.,.,.
2007,KLN,W,KLN_W,KLN_W_2007,KLN_W_2007,5,6,6,5,5.5,0.57735,16,63,.,16,16,38,0,.,16,0,.,.,.,.
2007,KLN,W,KLN_W,KLN_W_2007,KLN_W_2007,5,6,5,5,5.25,0.50000,86,0,.,3,16,0,0,.,63,0,.,.,.,.
2007,KLN,W,KLN_W,KLN_W_2007,KLN_W_2007,6,5,5,5,5.25,0.50000,86,0,.,3,3,0,0,.,38,38,.,.,.,.
2007,KLN,W,KLN_W,KLN_W_2007,KLN_W_2007,5,5,5,5,5,0.00000,0,86,.,16,16,0,0,.,16,3,.,.,.,.
2007,KLN,W,KLN_W,KLN_W_2007,KLN_W_2007,5,5,5,5,5,0.00000,86,3,.,3,16,16,0,.,38,0,.,.,.,.
2007,KLN,W,KLN_W,KLN_W_2007,KLN_W_2007,5,5,5,5,5,0.00000,0,98,.,0,3,0,0,.,38,0,.,.,.,.
2007,KLN,W,KLN_W,KLN_W_2007,KLN_W_2007,5,5,5,5,5,0.00000,98,0,.,0,16,0,0,.,38,3,.,.,.,.
2007,KLN,W,KLN_W,KLN_W_2007,KLN_W_2007,5,5,5,5,5,0.00000,86,16,.,3,3,38,0,.,38,0,.,.,.,.
2007,KLN,W,KLN_W,KLN_W_2007,KLN_W_2007,5,5,5,5,5,0.00000,0,63,.,16,0,63,0,.,0,0,.,.,.,.
2007,KLN,W,KLN_W,KLN_W_2007,KLN_W_2007,5,5,5,5,5,0.00000,0,38,.,16,3,63,0,.,0,38,.,.,.,.
2007,KLN,W,KLN_W,KLN_W_2007,KLN_W_2007,5,5,5,5,5,0.00000,86,3,.,0,3,3,0,.,38,0,.,.,.,.
2007,KLN,W,KLN_W,KLN_W_2007,KLN_W_2007,4,4,5,4,4.25,0.50000,16,63,.,38,38,3,0,.,16,3,.,.,.,.
2007,KLN,W,KLN_W,KLN_W_2007,KLN_W_2007,4,4,4,4,4,0.00000,0,98,.,3,0,0,0,.,38,0,.,.,.,.
2007,KLN,W,KLN_W,KLN_W_2007,KLN_W_2007,4,4,4,4,4,0.00000,0,63,.,16,3,38,0,.,38,3,.,.,.,.
2007,KLN,W,KLN_W,KLN_W_2007,KLN_W_2007,4,3,4,3,3.5,0.57735,38,3,.,16,16,3,0,.,16,16,.,.,.,.
2007,KLN,W,KLN_W,KLN_W_2007,KLN_W_2007,3,3,3,4,3.25,0.50000,0,16,.,38,16,38,0,.,16,38,.,.,.,.
2007,KLN,W,KLN_W,KLN_W_2007,KLN_W_2007,3,3,3,4,3.25,0.50000,0,63,.,16,3,63,0,.,16,0,.,.,.,.
2007,KLN,W,KLN_W,KLN_W_2007,KLN_W_2007,3,3,3,3,3,0.00000,0,63,.,38,38,3,0,.,38,16,.,.,.,.
2007,KLT,E,KLT_E,KLT_E_2007,KLT_E_2007,13,13,13,13,13,0.00000,0,0,.,38,16,86,0,.,38,0,.,.,.,.
2007,KLT,E,KLT_E,KLT_E_2007,KLT_E_2007,12,11,10,10,10.75,0.95743,0,0,.,98,38,0,0,.,38,0,.,.,.,.
2007,KLT,E,KLT_E,KLT_E_2007,KLT_E_2007,11,13,9,9,10.5,1.91485,63,0,.,16,16,38,0,.,38,3,.,.,.,.
2007,KLT,E,KLT_E,KLT_E_2007,KLT_E_2007,11,10,10,10,10.25,0.50000,0,0,.,3,63,38,0,.,16,0,.,.,.,.
2007,KLT,E,KLT_E,KLT_E_2007,KLT_E_2007,12,9,11,9,10.25,1.50000,0,0,.,63,38,0,0,.,86,0,.,.,.,.
2007,KLT,E,KLT_E,KLT_E_2007,KLT_E_2007,8,10,11,11,10,1.41421,16,0,.,0,86,0,0,.,16,3,.,.,.,.
2007,KLT,E,KLT_E,KLT_E_2007,KLT_E_2007,8,9,8,9,8.5,0.57735,86,0,.,0,16,3,0,.,38,0,.,.,.,.
2007,KLT,E,KLT_E,KLT_E_2007,KLT_E_2007,9,7,11,7,8.5,1.91485,86,0,.,0,16,16,0,.,38,0,.,.,.,.
2007,KLT,E,KLT_E,KLT_E_2007,KLT_E_2007,11,7,9,7,8.5,1.91485,63,0,.,0,38,0,0,.,38,3,.,.,.,.
2007,KLT,E,KLT_E,KLT_E_2007,KLT_E_2007,9,8,8,7,8,0.81650,0,0,.,98,0,0,0,.,86,0,.,.,.,.
2007,KLT,E,KLT_E,KLT_E_2007,KLT_E_2007,9,7,7,7,7.5,1.00000,0,0,.,16,63,16,0,.,38,3,.,.,.,.
2007,KLT,E,KLT_E,KLT_E_2007,KLT_E_2007,6,6,9,8,7.25,1.50000,0,0,.,98,3,0,0,.,63,0,.,.,.,.
2007,KLT,E,KLT_E,KLT_E_2007,KLT_E_2007,7,7,7,8,7.25,0.50000,63,0,.,3,63,3,0,.,16,0,.,.,.,.
2007,KLT,E,KLT_E,KLT_E_2007,KLT_E_2007,7,7,7,7,7,0.00000,0,0,.,38,86,0,0,.,38,0,.,.,.,.
2007,KLT,E,KLT_E,KLT_E_2007,KLT_E_2007,7,7,7,7,7,0.00000,16,0,.,16,63,16,0,.,16,0,.,.,.,.
2007,KLT,E,KLT_E,KLT_E_2007,KLT_E_2007,7,7,7,7,7,0.00000,0,0,.,86,16,0,0,.,63,0,.,.,.,.
2007,KLT,E,KLT_E,KLT_E_2007,KLT_E_2007,7,7,7,7,7,0.00000,0,0,.,86,16,0,0,.,63,0,.,.,.,.
2007,KLT,E,KLT_E,KLT_E_2007,KLT_E_2007,7,7,7,7,7,0.00000,38,0,.,0,63,0,0,.,63,0,.,.,.,.
2007,KLT,E,KLT_E,KLT_E_2007,KLT_E_2007,7,7,7,7,7,0.00000,3,0,.,38,16,86,0,.,3,0,.,.,.,.
2007,KLT,E,KLT_E,KLT_E_2007,KLT_E_2007,7,7,8,5,6.75,1.25831,0,0,.,63,63,0,0,.,38,0,.,.,.,.
2007,KLT,E,KLT_E,KLT_E_2007,KLT_E_2007,7,6,7,6,6.5,0.57735,63,0,.,16,16,16,0,.,38,0,.,.,.,.
2007,KLT,E,KLT_E,KLT_E_2007,KLT_E_2007,6,7,6,7,6.5,0.57735,16,0,.,86,3,16,0,.,63,0,.,.,.,.
2007,KLT,E,KLT_E,KLT_E_2007,KLT_E_2007,6,8,6,6,6.5,1.00000,38,0,.,0,3,63,0,.,38,0,.,.,.,.
2007,KLT,E,KLT_E,KLT_E_2007,KLT_E_2007,6,6,6,6,6,0.00000,3,0,.,16,38,0,0,.,38,63,.,.,.,.
2007,KLT,E,KLT_E,KLT_E_2007,KLT_E_2007,6,6,6,6,6,0.00000,38,0,.,16,3,38,0,.,38,0,.,.,.,.
2007,KLT,E,KLT_E,KLT_E_2007,KLT_E_2007,7,6,5,5,5.75,0.95743,38,0,.,0,3,0,0,.,16,86,.,.,.,.
2007,KLT,E,KLT_E,KLT_E_2007,KLT_E_2007,6,6,5,6,5.75,0.50000,16,0,.,38,16,63,0,.,38,0,.,.,.,.
2007,KLT,E,KLT_E,KLT_E_2007,KLT_E_2007,5,6,6,5,5.5,0.57735,0,0,.,3,38,0,0,.,38,63,.,.,.,.
2007,KLT,E,KLT_E,KLT_E_2007,KLT_E_2007,5,5,5,5,5,0.00000,0,0,.,86,3,3,0,.,63,0,.,.,.,.
2007,KLT,E,KLT_E,KLT_E_2007,KLT_E_2007,5,5,5,5,5,0.00000,86,0,.,3,3,0,0,.,63,0,.,.,.,.
2007,KLT,S,KLT_S,KLT_S_2007,KLT_S_2007,6,12,12,12,10.5,3.00000,63,3,.,38,38,3,0,.,16,0,.,.,.,.
2007,KLT,S,KLT_S,KLT_S_2007,KLT_S_2007,8,13,10,10,10.25,2.06155,38,0,.,0,16,63,0,.,16,0,.,.,.,.
2007,KLT,S,KLT_S,KLT_S_2007,KLT_S_2007,9,10,9,10,9.5,0.57735,3,0,.,98,16,3,0,.,38,0,.,.,.,.
2007,KLT,S,KLT_S,KLT_S_2007,KLT_S_2007,10,7,10,9,9,1.41421,0,0,.,0,16,98,0,.,3,0,.,.,.,.
2007,KLT,S,KLT_S,KLT_S_2007,KLT_S_2007,9,9,9,8,8.75,0.50000,38,0,.,16,63,3,0,.,16,0,.,.,.,.
2007,KLT,S,KLT_S,KLT_S_2007,KLT_S_2007,11,10,1,10,8,4.69042,38,0,.,0,63,3,0,.,38,16,.,.,.,.
2007,KLT,S,KLT_S,KLT_S_2007,KLT_S_2007,7,9,7,9,8,1.15470,38,0,.,38,16,63,0,.,3,0,.,.,.,.
2007,KLT,S,KLT_S,KLT_S_2007,KLT_S_2007,7,8,7,7,7.25,0.50000,0,0,.,63,38,0,63,.,16,0,.,.,.,.
2007,KLT,S,KLT_S,KLT_S_2007,KLT_S_2007,7,7,7,7,7,0.00000,0,0,.,38,16,16,0,.,16,63,.,.,.,.
2007,KLT,S,KLT_S,KLT_S_2007,KLT_S_2007,7,6,7,7,6.75,0.50000,0,0,.,0,86,3,0,.,63,0,.,.,.,.
2007,KLT,S,KLT_S,KLT_S_2007,KLT_S_2007,7,4,6,7,6,1.41421,38,0,.,16,86,16,0,.,63,0,.,.,.,.
2007,KLT,S,KLT_S,KLT_S_2007,KLT_S_2007,7,6,6,5,6,0.81650,16,3,.,80,38,0,63,.,63,0,.,.,.,.
2007,KLT,S,KLT_S,KLT_S_2007,KLT_S_2007,6,6,6,6,6,0.00000,16,0,.,98,3,0,0,.,86,0,.,.,.,.
2007,KLT,S,KLT_S,KLT_S_2007,KLT_S_2007,5,5,9,5,6,2.00000,63,0,.,0,16,0,0,.,63,0,.,.,.,.
2007,KLT,S,KLT_S,KLT_S_2007,KLT_S_2007,5,5,6,7,5.75,0.95743,16,0,.,63,16,0,0,.,63,0,.,.,.,.
2007,KLT,S,KLT_S,KLT_S_2007,KLT_S_2007,6,5,5,6,5.5,0.57735,0,0,.,86,0,0,38,.,86,0,.,.,.,.
2007,KLT,S,KLT_S,KLT_S_2007,KLT_S_2007,5,5,6,5,5.25,0.50000,0,0,.,98,3,0,0,.,63,0,.,.,.,.
2007,KLT,S,KLT_S,KLT_S_2007,KLT_S_2007,3,5,9,4,5.25,2.62996,16,0,.,0,63,38,0,.,16,63,.,.,.,.
2007,KLT,S,KLT_S,KLT_S_2007,KLT_S_2007,5,5,5,5,5,0.00000,0,0,.,86,38,0,0,.,38,0,.,.,.,.
2007,KLT,S,KLT_S,KLT_S_2007,KLT_S_2007,5,5,5,5,5,0.00000,63,0,.,3,16,0,0,.,38,16,.,.,.,.
2007,KLT,S,KLT_S,KLT_S_2007,KLT_S_2007,5,5,4,4,4.5,0.57735,98,0,.,0,16,0,0,.,63,3,.,.,.,.
2007,KLT,S,KLT_S,KLT_S_2007,KLT_S_2007,5,5,3,5,4.5,1.00000,0,0,.,86,16,0,0,.,86,0,.,.,.,.
2007,KLT,S,KLT_S,KLT_S_2007,KLT_S_2007,4,4,4,6,4.5,1.00000,0,0,.,63,38,3,0,.,86,0,.,.,.,.
2007,KLT,S,KLT_S,KLT_S_2007,KLT_S_2007,5,4,3,4,4,0.81650,38,0,.,0,38,3,0,.,16,63,.,.,.,.
2007,KLT,S,KLT_S,KLT_S_2007,KLT_S_2007,4,4,4,4,4,0.00000,3,0,.,86,3,0,0,.,63,0,.,.,.,.
2007,KLT,S,KLT_S,KLT_S_2007,KLT_S_2007,4,4,3,4,3.75,0.50000,86,0,.,16,3,0,0,.,63,0,.,.,.,.
2007,KLT,S,KLT_S,KLT_S_2007,KLT_S_2007,5,3,3,3,3.5,1.00000,3,0,.,63,38,3,0,.,38,0,.,.,.,.
2007,KLT,S,KLT_S,KLT_S_2007,KLT_S_2007,2,3,3,3,2.75,0.50000,86,0,.,0,16,3,0,.,38,38,.,.,.,.
2007,KLT,S,KLT_S,KLT_S_2007,KLT_S_2007,2,3,1,3,2.25,0.95743,38,0,.,63,38,3,0,.,63,3,.,.,.,.
2007,KLT,S,KLT_S,KLT_S_2007,KLT_S_2007,2,1,3,2,2,0.81650,63,0,.,0,38,3,0,.,63,0,.,.,.,.
2007,KLT,W,KLT_W,KLT_W_2007,KLT_W_2007,13,9,13,9,11,2.30940,3,0,.,16,16,86,0,.,3,0,.,.,.,.
2007,KLT,W,KLT_W,KLT_W_2007,KLT_W_2007,8,13,13,9,10.75,2.62996,63,0,.,3,38,3,0,.,38,0,.,.,.,.
2007,KLT,W,KLT_W,KLT_W_2007,KLT_W_2007,11,10,11,10,10.5,0.57735,3,0,.,3,38,63,0,.,16,0,.,.,.,.
2007,KLT,W,KLT_W,KLT_W_2007,KLT_W_2007,10,12,10,10,10.5,1.00000,16,0,.,3,86,16,0,.,16,0,.,.,.,.
2007,KLT,W,KLT_W,KLT_W_2007,KLT_W_2007,11,10,9,12,10.5,1.29099,86,0,.,16,3,38,0,.,16,0,.,.,.,.
2007,KLT,W,KLT_W,KLT_W_2007,KLT_W_2007,9,12,8,12,10.25,2.06155,0,0,.,63,3,63,0,.,16,0,.,.,.,.
2007,KLT,W,KLT_W,KLT_W_2007,KLT_W_2007,9,10,9,11,9.75,0.95743,0,0,.,0,63,63,0,.,3,0,.,.,.,.
2007,KLT,W,KLT_W,KLT_W_2007,KLT_W_2007,10,9,10,9,9.5,0.57735,0,0,.,3,98,16,0,.,38,0,.,.,.,.
2007,KLT,W,KLT_W,KLT_W_2007,KLT_W_2007,9,10,9,9,9.25,0.50000,38,0,.,3,38,38,0,.,16,0,.,.,.,.
2007,KLT,W,KLT_W,KLT_W_2007,KLT_W_2007,9,10,9,9,9.25,0.50000,16,0,.,0,86,16,0,.,3,0,.,.,.,.
2007,KLT,W,KLT_W,KLT_W_2007,KLT_W_2007,9,9,10,9,9.25,0.50000,63,0,.,0,63,3,0,.,38,0,.,.,.,.
2007,KLT,W,KLT_W,KLT_W_2007,KLT_W_2007,9,9,9,9,9,0.00000,0,0,.,38,98,0,0,.,63,0,.,.,.,.
2007,KLT,W,KLT_W,KLT_W_2007,KLT_W_2007,9,9,9,9,9,0.00000,63,0,.,0,63,38,0,.,3,0,.,.,.,.
2007,KLT,W,KLT_W,KLT_W_2007,KLT_W_2007,9,9,8,9,8.75,0.50000,86,0,.,3,38,16,0,.,38,0,.,.,.,.
2007,KLT,W,KLT_W,KLT_W_2007,KLT_W_2007,8,7,10,10,8.75,1.50000,63,0,.,3,16,38,0,.,38,0,.,.,.,.
2007,KLT,W,KLT_W,KLT_W_2007,KLT_W_2007,8,8,8,10,8.5,1.00000,38,0,.,3,38,63,0,.,16,0,.,.,.,.
2007,KLT,W,KLT_W,KLT_W_2007,KLT_W_2007,10,8,8,7,8.25,1.25831,38,0,.,0,38,38,0,.,16,0,.,.,.,.
2007,KLT,W,KLT_W,KLT_W_2007,KLT_W_2007,8,8,8,8,8,0.00000,86,0,.,0,16,0,0,.,16,0,.,.,.,.
2007,KLT,W,KLT_W,KLT_W_2007,KLT_W_2007,8,8,8,7,7.75,0.50000,63,0,.,3,16,3,0,.,63,0,.,.,.,.
2007,KLT,W,KLT_W,KLT_W_2007,KLT_W_2007,8,8,8,7,7.75,0.50000,38,0,.,16,63,38,0,.,38,0,.,.,.,.
2007,KLT,W,KLT_W,KLT_W_2007,KLT_W_2007,7,9,7,8,7.75,0.95743,38,0,.,0,86,0,16,.,38,0,.,.,.,.
2007,KLT,W,KLT_W,KLT_W_2007,KLT_W_2007,7,7,8,7,7.25,0.50000,98,0,.,3,3,16,0,.,16,0,.,.,.,.
2007,KLT,W,KLT_W,KLT_W_2007,KLT_W_2007,7,7,7,8,7.25,0.50000,38,0,.,3,16,38,0,.,16,0,.,.,.,.
2007,KLT,W,KLT_W,KLT_W_2007,KLT_W_2007,7,7,7,8,7.25,0.50000,38,0,.,3,38,63,0,.,16,0,.,.,.,.
2007,KLT,W,KLT_W,KLT_W_2007,KLT_W_2007,7,7,7,7,7,0.00000,63,0,.,0,3,0,0,.,38,16,.,.,.,.
2007,KLT,W,KLT_W,KLT_W_2007,KLT_W_2007,7,7,7,7,7,0.00000,63,0,.,0,38,3,0,.,16,16,.,.,.,.
2007,KLT,W,KLT_W,KLT_W_2007,KLT_W_2007,7,7,6,7,6.75,0.50000,63,3,.,0,38,16,0,.,38,3,.,.,.,.
2007,KLT,W,KLT_W,KLT_W_2007,KLT_W_2007,5,5,5,11,6.5,3.00000,86,0,.,0,16,0,0,.,38,0,.,.,.,.
2007,KLT,W,KLT_W,KLT_W_2007,KLT_W_2007,6,6,6,7,6.25,0.50000,3,0,.,63,16,38,0,.,63,0,.,.,.,.
2007,KLT,W,KLT_W,KLT_W_2007,KLT_W_2007,6,7,6,6,6.25,0.50000,86,0,.,0,16,0,0,.,16,3,.,.,.,.
2007,LTR,C,LTR_C,LTR_C_2007,LTR_C_2007,11,10,21,9,12.75,5.56028,0,0,.,86,16,0,0,.,16,0,.,.,.,.
2007,LTR,C,LTR_C,LTR_C_2007,LTR_C_2007,11,11,13,11,11.5,1.00000,3,0,.,38,86,0,0,.,38,16,.,.,.,.
2007,LTR,C,LTR_C,LTR_C_2007,LTR_C_2007,11,11,11,11,11,0.00000,63,0,.,38,38,0,3,.,63,0,.,.,.,.
2007,LTR,C,LTR_C,LTR_C_2007,LTR_C_2007,11,9,10,10,10,0.81650,63,0,.,0,63,3,0,.,86,0,.,.,.,.
2007,LTR,C,LTR_C,LTR_C_2007,LTR_C_2007,10,10,10,10,10,0.00000,63,0,.,16,63,0,16,.,63,0,.,.,.,.
2007,LTR,C,LTR_C,LTR_C_2007,LTR_C_2007,9,9,9,9,9,0.00000,0,98,.,3,0,0,3,.,3,3,.,.,.,.
2007,LTR,C,LTR_C,LTR_C_2007,LTR_C_2007,9,9,9,9,9,0.00000,3,16,.,98,16,0,0,.,16,3,.,.,.,.
2007,LTR,C,LTR_C,LTR_C_2007,LTR_C_2007,8,8,8,8,8,0.00000,0,38,.,63,0,0,0,.,38,0,.,.,.,.
2007,LTR,C,LTR_C,LTR_C_2007,LTR_C_2007,8,8,8,8,8,0.00000,0,86,.,16,3,0,16,.,38,0,.,.,.,.
2007,LTR,C,LTR_C,LTR_C_2007,LTR_C_2007,8,8,8,8,8,0.00000,0,63,.,38,3,0,16,.,86,3,.,.,.,.
2007,LTR,C,LTR_C,LTR_C_2007,LTR_C_2007,7,8,8,8,7.75,0.50000,63,0,.,63,16,0,3,.,38,0,.,.,.,.
2007,LTR,C,LTR_C,LTR_C_2007,LTR_C_2007,10,6,7,7,7.5,1.73205,86,16,.,3,3,16,0,.,3,38,.,.,.,.
2007,LTR,C,LTR_C,LTR_C_2007,LTR_C_2007,8,7,7,7,7.25,0.50000,0,86,.,16,3,3,0,.,16,16,.,.,.,.
2007,LTR,C,LTR_C,LTR_C_2007,LTR_C_2007,8,7,7,7,7.25,0.50000,3,3,.,63,16,0,0,.,63,0,.,.,.,.
2007,LTR,C,LTR_C,LTR_C_2007,LTR_C_2007,7,7,7,7,7,0.00000,0,86,.,16,16,0,0,.,86,0,.,.,.,.
2007,LTR,C,LTR_C,LTR_C_2007,LTR_C_2007,7,7,7,7,7,0.00000,0,0,.,63,63,0,16,.,63,0,.,.,.,.
2007,LTR,C,LTR_C,LTR_C_2007,LTR_C_2007,8,6,6,7,6.75,0.95743,0,63,.,38,3,3,0,.,63,3,.,.,.,.
2007,LTR,C,LTR_C,LTR_C_2007,LTR_C_2007,9,6,6,6,6.75,1.50000,86,0,.,3,3,0,0,.,63,0,.,.,.,.
2007,LTR,C,LTR_C,LTR_C_2007,LTR_C_2007,6,8,6,6,6.5,1.00000,0,63,.,16,3,1,0,.,63,0,.,.,.,.
2007,LTR,C,LTR_C,LTR_C_2007,LTR_C_2007,7,5,7,6,6.25,0.95743,0,63,.,16,16,0,0,.,86,3,.,.,.,.
2007,LTR,C,LTR_C,LTR_C_2007,LTR_C_2007,7,7,5,6,6.25,0.95743,86,0,.,16,3,0,0,.,63,0,.,.,.,.
2007,LTR,C,LTR_C,LTR_C_2007,LTR_C_2007,6,6,6,6,6,0.00000,38,3,.,63,3,0,0,.,16,0,.,.,.,.
2007,LTR,C,LTR_C,LTR_C_2007,LTR_C_2007,5,6,5,7,5.75,0.95743,0,86,.,3,3,16,0,.,63,16,.,.,.,.
2007,LTR,C,LTR_C,LTR_C_2007,LTR_C_2007,6,5,6,6,5.75,0.50000,0,3,.,86,0,0,0,.,63,3,.,.,.,.
2007,LTR,C,LTR_C,LTR_C_2007,LTR_C_2007,5,6,6,5,5.5,0.57735,0,38,.,63,0,3,0,.,38,3,.,.,.,.
2007,LTR,C,LTR_C,LTR_C_2007,LTR_C_2007,6,6,5,5,5.5,0.57735,38,16,.,63,3,0,0,.,63,3,.,.,.,.
2007,LTR,C,LTR_C,LTR_C_2007,LTR_C_2007,5,5,5,5,5,0.00000,0,86,.,3,0,0,0,.,38,16,.,.,.,.
2007,LTR,C,LTR_C,LTR_C_2007,LTR_C_2007,5,5,5,5,5,0.00000,86,0,.,16,3,0,0,.,63,0,.,.,.,.
2007,LTR,C,LTR_C,LTR_C_2007,LTR_C_2007,5,5,5,5,5,0.00000,3,16,.,38,16,0,0,.,63,16,.,.,.,.
2007,LTR,C,LTR_C,LTR_C_2007,LTR_C_2007,3,5,5,3,4,1.15470,0,0,.,63,3,0,0,.,38,63,.,.,.,.
2007,LTR,E,LTR_E,LTR_E_2007,LTR_E_2007,11,11,11,11,11,0.00000,0,16,.,3,38,0,0,.,38,63,.,.,.,.
2007,LTR,E,LTR_E,LTR_E_2007,LTR_E_2007,7,9,8,10,8.5,1.29099,0,0,.,0,63,0,0,.,16,63,.,.,.,.
2007,LTR,E,LTR_E,LTR_E_2007,LTR_E_2007,11,7,7,8,8.25,1.89297,0,16,.,86,38,0,0,.,38,3,.,.,.,.
2007,LTR,E,LTR_E,LTR_E_2007,LTR_E_2007,8,8,8,8,8,0.00000,0,86,.,16,3,3,0,.,63,0,.,.,.,.
2007,LTR,E,LTR_E,LTR_E_2007,LTR_E_2007,5,6,6,7,6,0.81650,0,86,.,16,3,0,3,.,63,3,.,.,.,.
2007,LTR,E,LTR_E,LTR_E_2007,LTR_E_2007,8,5,5,5,5.75,1.50000,0,16,.,38,3,3,0,.,63,0,.,.,.,.
2007,LTR,E,LTR_E,LTR_E_2007,LTR_E_2007,6,6,5,6,5.75,0.50000,0,63,.,63,3,0,0,.,63,0,.,.,.,.
2007,LTR,E,LTR_E,LTR_E_2007,LTR_E_2007,5,5,6,5,5.25,0.50000,16,16,.,63,3,0,0,.,63,0,.,.,.,.
2007,LTR,E,LTR_E,LTR_E_2007,LTR_E_2007,4,4,3,8,4.75,2.21736,0,86,.,16,38,0,0,.,38,38,.,.,.,.
2007,LTR,E,LTR_E,LTR_E_2007,LTR_E_2007,12,1,2,3,4.5,5.06623,0,86,.,3,16,0,0,.,63,3,.,.,.,.
2007,LTR,E,LTR_E,LTR_E_2007,LTR_E_2007,2,5,4,4,3.75,1.25831,0,63,.,38,38,0,0,.,63,3,.,.,.,.
2007,LTR,E,LTR_E,LTR_E_2007,LTR_E_2007,3,2,4,4,3.25,0.95743,0,63,.,16,38,0,0,.,38,16,.,.,.,.
2007,LTR,E,LTR_E,LTR_E_2007,LTR_E_2007,2,3,4,2,2.75,0.95743,0,63,.,16,16,0,0,.,63,0,.,.,.,.
2007,LTR,E,LTR_E,LTR_E_2007,LTR_E_2007,3,3,2,3,2.75,0.50000,0,38,.,38,16,0,0,.,63,16,.,.,.,.
2007,LTR,E,LTR_E,LTR_E_2007,LTR_E_2007,2,2,3,3,2.5,0.57735,0,63,.,16,3,16,0,.,63,16,.,.,.,.
2007,LTR,E,LTR_E,LTR_E_2007,LTR_E_2007,1,3,2,4,2.5,1.29099,0,38,.,38,3,16,0,.,16,38,.,.,.,.
2007,LTR,E,LTR_E,LTR_E_2007,LTR_E_2007,2,3,2,2,2.25,0.50000,0,86,.,16,16,0,3,.,38,3,.,.,.,.
2007,LTR,E,LTR_E,LTR_E_2007,LTR_E_2007,2,3,2,2,2.25,0.50000,0,0,.,63,16,3,0,.,38,38,.,.,.,.
2007,LTR,E,LTR_E,LTR_E_2007,LTR_E_2007,3,1,2,3,2.25,0.95743,0,3,.,38,16,0,0,.,16,38,.,.,.,.
2007,LTR,E,LTR_E,LTR_E_2007,LTR_E_2007,2,2,1,3,2,0.81650,0,63,.,38,16,0,0,.,38,38,.,.,.,.
2007,LTR,E,LTR_E,LTR_E_2007,LTR_E_2007,2,2,1,2,1.75,0.50000,0,63,.,38,16,0,0,.,63,0,.,.,.,.
2007,LTR,E,LTR_E,LTR_E_2007,LTR_E_2007,2,1,2,2,1.75,0.50000,0,38,.,16,16,16,0,.,16,38,.,.,.,.
2007,LTR,E,LTR_E,LTR_E_2007,LTR_E_2007,1,2,1,2,1.5,0.57735,0,0,.,38,3,3,0,.,86,3,.,.,.,.
2007,LTR,E,LTR_E,LTR_E_2007,LTR_E_2007,2,1,1,2,1.5,0.57735,0,63,.,16,38,0,0,.,38,3,.,.,.,.
2007,LTR,E,LTR_E,LTR_E_2007,LTR_E_2007,1,2,2,1,1.5,0.57735,0,16,.,63,16,0,0,.,38,38,.,.,.,.
2007,LTR,E,LTR_E,LTR_E_2007,LTR_E_2007,1,2,1,1,1.25,0.50000,0,38,.,38,38,0,0,.,38,3,.,.,.,.
2007,LTR,E,LTR_E,LTR_E_2007,LTR_E_2007,1,2,1,1,1.25,0.50000,0,38,.,16,16,3,0,.,38,38,.,.,.,.
2007,LTR,E,LTR_E,LTR_E_2007,LTR_E_2007,1,1,1,2,1.25,0.50000,0,3,.,63,0,0,0,.,38,38,.,.,.,.
2007,LTR,E,LTR_E,LTR_E_2007,LTR_E_2007,0,1,1,1,0.75,0.50000,0,38,.,38,3,0,0,.,38,63,.,.,.,.
2007,LTR,E,LTR_E,LTR_E_2007,LTR_E_2007,0,2,0,0,0.5,1.00000,0,16,.,16,16,0,0,.,16,38,.,.,.,.
2007,LTR,W,LTR_W,LTR_W_2007,LTR_W_2007,12,11,11,12,11.5,0.57735,38,0,.,3,38,0,38,.,16,0,.,.,.,.
2007,LTR,W,LTR_W,LTR_W_2007,LTR_W_2007,8,8,8,13,9.25,2.50000,86,0,.,16,16,0,3,.,16,3,.,.,.,.
2007,LTR,W,LTR_W,LTR_W_2007,LTR_W_2007,8,10,8,9,8.75,0.95743,38,0,.,3,86,0,38,.,38,0,.,.,.,.
2007,LTR,W,LTR_W,LTR_W_2007,LTR_W_2007,7,9,7,9,8,1.15470,86,3,.,3,16,0,16,.,16,38,.,.,.,.
2007,LTR,W,LTR_W,LTR_W_2007,LTR_W_2007,8,8,8,7,7.75,0.50000,16,0,.,63,63,0,0,.,63,0,.,.,.,.
2007,LTR,W,LTR_W,LTR_W_2007,LTR_W_2007,8,7,8,7,7.5,0.57735,0,98,.,0,0,0,0,.,0,16,.,.,.,.
2007,LTR,W,LTR_W,LTR_W_2007,LTR_W_2007,6,9,7,7,7.25,1.25831,0,16,.,38,63,0,3,.,38,0,.,.,.,.
2007,LTR,W,LTR_W,LTR_W_2007,LTR_W_2007,7,5,11,6,7.25,2.62996,16,16,.,63,3,3,16,.,38,16,.,.,.,.
2007,LTR,W,LTR_W,LTR_W_2007,LTR_W_2007,7,7,7,7,7,0.00000,86,0,.,16,16,0,0,.,38,0,.,.,.,.
2007,LTR,W,LTR_W,LTR_W_2007,LTR_W_2007,7,7,7,7,7,0.00000,16,63,.,16,16,3,16,.,16,16,.,.,.,.
2007,LTR,W,LTR_W,LTR_W_2007,LTR_W_2007,7,6,6,8,6.75,0.95743,0,63,.,38,16,0,0,.,3,3,.,.,.,.
2007,LTR,W,LTR_W,LTR_W_2007,LTR_W_2007,5,5,8,8,6.5,1.73205,16,38,.,16,38,3,3,.,38,0,.,.,.,.
2007,LTR,W,LTR_W,LTR_W_2007,LTR_W_2007,6,8,6,5,6.25,1.25831,63,0,.,38,3,0,0,.,38,16,.,.,.,.
2007,LTR,W,LTR_W,LTR_W_2007,LTR_W_2007,6,6,6,6,6,0.00000,16,0,.,63,38,0,0,.,16,3,.,.,.,.
2007,LTR,W,LTR_W,LTR_W_2007,LTR_W_2007,5,7,5,7,6,1.15470,16,0,.,63,38,0,0,.,38,16,.,.,.,.
2007,LTR,W,LTR_W,LTR_W_2007,LTR_W_2007,6,6,6,6,6,0.00000,16,38,.,16,63,0,0,.,38,0,.,.,.,.
2007,LTR,W,LTR_W,LTR_W_2007,LTR_W_2007,6,7,5,6,6,0.81650,86,3,.,3,0,0,16,.,16,38,.,.,.,.
2007,LTR,W,LTR_W,LTR_W_2007,LTR_W_2007,6,5,7,5,5.75,0.95743,16,16,.,63,16,0,0,.,38,0,.,.,.,.
2007,LTR,W,LTR_W,LTR_W_2007,LTR_W_2007,7,5,5,5,5.5,1.00000,38,16,.,38,16,0,0,.,16,38,.,.,.,.
2007,LTR,W,LTR_W,LTR_W_2007,LTR_W_2007,7,5,5,5,5.5,1.00000,16,63,.,38,16,0,0,.,16,0,.,.,.,.
2007,LTR,W,LTR_W,LTR_W_2007,LTR_W_2007,6,5,5,5,5.25,0.50000,16,63,.,16,16,0,0,.,63,3,.,.,.,.
2007,LTR,W,LTR_W,LTR_W_2007,LTR_W_2007,5,6,5,5,5.25,0.50000,38,0,.,63,38,3,0,.,16,38,.,.,.,.
2007,LTR,W,LTR_W,LTR_W_2007,LTR_W_2007,5,5,5,6,5.25,0.50000,38,16,.,38,16,0,0,.,38,3,.,.,.,.
2007,LTR,W,LTR_W,LTR_W_2007,LTR_W_2007,5,5,5,5,5,0.00000,63,0,.,38,16,0,0,.,38,0,.,.,.,.
2007,LTR,W,LTR_W,LTR_W_2007,LTR_W_2007,5,5,5,5,5,0.00000,63,3,.,38,16,3,0,.,16,16,.,.,.,.
2007,LTR,W,LTR_W,LTR_W_2007,LTR_W_2007,4,6,5,5,5,0.81650,38,16,.,38,16,0,0,.,38,0,.,.,.,.
2007,LTR,W,LTR_W,LTR_W_2007,LTR_W_2007,5,5,4,5,4.75,0.50000,0,38,.,3,16,3,0,.,16,63,.,.,.,.
2007,LTR,W,LTR_W,LTR_W_2007,LTR_W_2007,5,5,4,5,4.75,0.50000,63,3,.,3,16,0,0,.,38,0,.,.,.,.
2007,LTR,W,LTR_W,LTR_W_2007,LTR_W_2007,5,4,4,4,4.25,0.50000,38,16,.,38,16,0,0,.,16,16,.,.,.,.
2007,LTR,W,LTR_W,LTR_W_2007,LTR_W_2007,4,4,4,4,4,0.00000,38,38,.,16,3,0,0,.,63,0,.,.,.,.
2007,PAW,E,PAW_E,PAW_E_2007,PAW_E_2007,15,14,13,13,13.75,0.95743,63,0,.,3,63,0,38,.,63,0,.,.,.,.
2007,PAW,E,PAW_E,PAW_E_2007,PAW_E_2007,13,13,13,14,13.25,0.50000,0,0,.,3,98,0,0,.,16,63,.,.,.,.
2007,PAW,E,PAW_E,PAW_E_2007,PAW_E_2007,13,13,13,13,13,0.00000,3,0,.,86,16,0,38,.,98,0,.,.,.,.
2007,PAW,E,PAW_E,PAW_E_2007,PAW_E_2007,12,12,12,12,12,0.00000,0,0,.,63,86,0,0,.,38,0,.,.,.,.
2007,PAW,E,PAW_E,PAW_E_2007,PAW_E_2007,12,12,12,12,12,0.00000,0,0,.,63,86,0,3,.,63,0,.,.,.,.
2007,PAW,E,PAW_E,PAW_E_2007,PAW_E_2007,12,12,12,11,11.75,0.50000,0,0,.,86,86,0,0,.,38,0,.,.,.,.
2007,PAW,E,PAW_E,PAW_E_2007,PAW_E_2007,14,14,10,9,11.75,2.62996,38,0,.,0,63,0,38,.,86,0,.,.,.,.
2007,PAW,E,PAW_E,PAW_E_2007,PAW_E_2007,11,11,11,11,11,0.00000,63,0,.,63,63,0,0,.,38,0,.,.,.,.
2007,PAW,E,PAW_E,PAW_E_2007,PAW_E_2007,12,10,12,9,10.75,1.50000,3,0,.,86,63,0,16,.,86,0,.,.,.,.
2007,PAW,E,PAW_E,PAW_E_2007,PAW_E_2007,13,10,10,9,10.5,1.73205,38,0,.,3,98,0,0,.,63,0,.,.,.,.
2007,PAW,E,PAW_E,PAW_E_2007,PAW_E_2007,10,10,10,11,10.25,0.50000,98,0,.,0,38,0,38,.,63,0,.,.,.,.
2007,PAW,E,PAW_E,PAW_E_2007,PAW_E_2007,12,10,10,9,10.25,1.25831,63,0,.,3,38,3,38,.,63,0,.,.,.,.
2007,PAW,E,PAW_E,PAW_E_2007,PAW_E_2007,10,10,10,10,10,0.00000,86,0,.,0,16,0,38,.,86,0,.,.,.,.
2007,PAW,E,PAW_E,PAW_E_2007,PAW_E_2007,10,9,10,9,9.5,0.57735,16,0,.,63,63,0,0,.,63,0,.,.,.,.
2007,PAW,E,PAW_E,PAW_E_2007,PAW_E_2007,9,9,10,9,9.25,0.50000,38,0,.,3,63,0,38,.,63,0,.,.,.,.
2007,PAW,E,PAW_E,PAW_E_2007,PAW_E_2007,9,9,9,9,9,0.00000,38,0,.,3,38,0,63,.,86,0,.,.,.,.
2007,PAW,E,PAW_E,PAW_E_2007,PAW_E_2007,8,8,10,9,8.75,0.95743,16,0,.,0,38,0,63,.,63,0,.,.,.,.
2007,PAW,E,PAW_E,PAW_E_2007,PAW_E_2007,9,8,9,8,8.5,0.57735,98,0,.,0,3,0,0,.,86,0,.,.,.,.
2007,PAW,E,PAW_E,PAW_E_2007,PAW_E_2007,8,9,9,8,8.5,0.57735,38,0,.,3,98,0,38,.,63,0,.,.,.,.
2007,PAW,E,PAW_E,PAW_E_2007,PAW_E_2007,8,8,8,8,8,0.00000,86,0,.,0,63,0,0,.,63,0,.,.,.,.
2007,PAW,E,PAW_E,PAW_E_2007,PAW_E_2007,8,9,8,7,8,0.81650,86,0,.,3,16,3,38,.,38,0,.,.,.,.
2007,PAW,E,PAW_E,PAW_E_2007,PAW_E_2007,7,8,10,6,7.75,1.70783,63,0,.,3,63,0,16,.,63,0,.,.,.,.
2007,PAW,E,PAW_E,PAW_E_2007,PAW_E_2007,8,7,7,7,7.25,0.50000,63,0,.,3,63,38,16,.,38,0,.,.,.,.
2007,PAW,E,PAW_E,PAW_E_2007,PAW_E_2007,7,7,7,7,7,0.00000,63,0,.,16,63,3,3,.,38,0,.,.,.,.
2007,PAW,E,PAW_E,PAW_E_2007,PAW_E_2007,7,7,7,7,7,0.00000,63,0,.,3,63,16,0,.,63,0,.,.,.,.
2007,PAW,E,PAW_E,PAW_E_2007,PAW_E_2007,7,7,7,7,7,0.00000,16,0,.,0,63,0,38,.,86,0,.,.,.,.
2007,PAW,E,PAW_E,PAW_E_2007,PAW_E_2007,6,8,8,6,7,1.15470,86,0,.,3,38,0,16,.,63,0,.,.,.,.
2007,PAW,E,PAW_E,PAW_E_2007,PAW_E_2007,6,6,7,7,6.5,0.57735,63,0,.,3,63,3,0,.,63,0,.,.,.,.
2007,PAW,E,PAW_E,PAW_E_2007,PAW_E_2007,6,6,6,7,6.25,0.50000,63,0,.,3,63,0,0,.,86,0,.,.,.,.
2007,PAW,E,PAW_E,PAW_E_2007,PAW_E_2007,4,6,4,4,4.5,1.00000,63,0,.,3,63,3,0,.,63,0,.,.,.,.
2007,PAW,S,PAW_S,PAW_S_2007,PAW_S_2007,12,14,15,15,14,1.41421,0,0,.,86,86,0,0,.,38,0,.,.,.,.
2007,PAW,S,PAW_S,PAW_S_2007,PAW_S_2007,13,13,13,15,13.5,1.00000,0,0,.,63,86,0,0,.,63,0,.,.,.,.
2007,PAW,S,PAW_S,PAW_S_2007,PAW_S_2007,13,13,13,13,13,0.00000,0,0,.,86,63,0,0,.,63,0,.,.,.,.
2007,PAW,S,PAW_S,PAW_S_2007,PAW_S_2007,12,12,12,15,12.75,1.50000,0,0,.,63,86,0,0,.,86,0,.,.,.,.
2007,PAW,S,PAW_S,PAW_S_2007,PAW_S_2007,12,12,12,12,12,0.00000,0,0,.,63,86,0,0,.,63,0,.,.,.,.
2007,PAW,S,PAW_S,PAW_S_2007,PAW_S_2007,13,13,12,10,12,1.41421,63,0,.,0,63,38,0,.,38,0,.,.,.,.
2007,PAW,S,PAW_S,PAW_S_2007,PAW_S_2007,9,13,13,12,11.75,1.89297,38,0,.,0,86,0,0,.,63,0,.,.,.,.
2007,PAW,S,PAW_S,PAW_S_2007,PAW_S_2007,10,12,12,12,11.5,1.00000,0,0,.,38,86,0,0,.,63,0,.,.,.,.
2007,PAW,S,PAW_S,PAW_S_2007,PAW_S_2007,10,11,11,10,10.5,0.57735,63,0,.,0,63,0,0,.,63,0,.,.,.,.
2007,PAW,S,PAW_S,PAW_S_2007,PAW_S_2007,10,11,10,10,10.25,0.50000,98,0,.,0,38,0,0,.,86,0,.,.,.,.
2007,PAW,S,PAW_S,PAW_S_2007,PAW_S_2007,10,10,10,10,10,0.00000,86,0,.,0,63,0,0,.,38,0,.,.,.,.
2007,PAW,S,PAW_S,PAW_S_2007,PAW_S_2007,10,10,10,10,10,0.00000,38,0,.,63,16,0,0,.,63,0,.,.,.,.
2007,PAW,S,PAW_S,PAW_S_2007,PAW_S_2007,9,12,9,9,9.75,1.50000,86,0,.,3,63,0,38,.,38,0,.,.,.,.
2007,PAW,S,PAW_S,PAW_S_2007,PAW_S_2007,14,8,8,8,9.5,3.00000,86,0,.,0,38,0,38,.,63,0,.,.,.,.
2007,PAW,S,PAW_S,PAW_S_2007,PAW_S_2007,9,9,9,10,9.25,0.50000,86,0,.,0,38,16,0,.,63,0,.,.,.,.
2007,PAW,S,PAW_S,PAW_S_2007,PAW_S_2007,9,9,9,9,9,0.00000,86,0,.,0,38,0,0,.,86,0,.,.,.,.
2007,PAW,S,PAW_S,PAW_S_2007,PAW_S_2007,9,9,9,9,9,0.00000,63,0,.,0,63,0,0,.,38,0,.,.,.,.
2007,PAW,S,PAW_S,PAW_S_2007,PAW_S_2007,9,9,9,9,9,0.00000,16,0,.,38,63,0,0,.,86,0,.,.,.,.
2007,PAW,S,PAW_S,PAW_S_2007,PAW_S_2007,8,9,8,10,8.75,0.95743,16,0,.,38,63,0,3,.,63,0,.,.,.,.
2007,PAW,S,PAW_S,PAW_S_2007,PAW_S_2007,8,9,9,8,8.5,0.57735,86,0,.,0,63,0,0,.,63,0,.,.,.,.
2007,PAW,S,PAW_S,PAW_S_2007,PAW_S_2007,8,8,8,8,8,0.00000,63,0,.,16,63,0,0,.,63,0,.,.,.,.
2007,PAW,S,PAW_S,PAW_S_2007,PAW_S_2007,9,7,7,7,7.5,1.00000,38,0,.,0,86,0,0,.,38,16,.,.,.,.
2007,PAW,S,PAW_S,PAW_S_2007,PAW_S_2007,8,7,7,7,7.25,0.50000,38,0,.,0,86,0,0,.,38,0,.,.,.,.
2007,PAW,S,PAW_S,PAW_S_2007,PAW_S_2007,7,7,7,7,7,0.00000,86,0,.,3,16,0,38,.,63,0,.,.,.,.
2007,PAW,S,PAW_S,PAW_S_2007,PAW_S_2007,7,7,7,7,7,0.00000,63,0,.,0,86,0,0,.,38,0,.,.,.,.
2007,PAW,S,PAW_S,PAW_S_2007,PAW_S_2007,7,7,7,7,7,0.00000,63,0,.,16,63,0,3,.,63,0,.,.,.,.
2007,PAW,S,PAW_S,PAW_S_2007,PAW_S_2007,7,7,7,7,7,0.00000,86,0,.,0,63,0,0,.,63,0,.,.,.,.
2007,PAW,S,PAW_S,PAW_S_2007,PAW_S_2007,7,7,7,7,7,0.00000,86,0,.,0,63,0,0,.,63,0,.,.,.,.
2007,PAW,S,PAW_S,PAW_S_2007,PAW_S_2007,7,7,7,7,7,0.00000,63,0,.,16,38,0,16,.,63,0,.,.,.,.
2007,PAW,S,PAW_S,PAW_S_2007,PAW_S_2007,6,6,6,8,6.5,1.00000,3,3,.,3,98,0,0,.,86,0,.,.,.,.
2007,PAW,W,PAW_W,PAW_W_2007,PAW_W_2007,12,12,12,12,12,0.00000,0,0,.,63,63,0,0,.,63,0,.,.,.,.
2007,PAW,W,PAW_W,PAW_W_2007,PAW_W_2007,11,12,12,11,11.5,0.57735,16,0,.,63,86,0,0,.,38,0,.,.,.,.
2007,PAW,W,PAW_W,PAW_W_2007,PAW_W_2007,11,11,11,11,11,0.00000,38,0,.,0,63,0,0,.,98,0,.,.,.,.
2007,PAW,W,PAW_W,PAW_W_2007,PAW_W_2007,11,11,11,10,10.75,0.50000,0,0,.,3,98,0,0,.,86,0,.,.,.,.
2007,PAW,W,PAW_W,PAW_W_2007,PAW_W_2007,10,10,10,10,10,0.00000,38,0,.,63,16,0,0,.,98,0,.,.,.,.
2007,PAW,W,PAW_W,PAW_W_2007,PAW_W_2007,10,10,10,10,10,0.00000,63,0,.,3,86,0,38,.,86,0,.,.,.,.
2007,PAW,W,PAW_W,PAW_W_2007,PAW_W_2007,10,10,10,10,10,0.00000,38,0,.,16,38,0,0,.,98,0,.,.,.,.
2007,PAW,W,PAW_W,PAW_W_2007,PAW_W_2007,10,10,10,10,10,0.00000,38,0,.,38,63,0,0,.,63,0,.,.,.,.
2007,PAW,W,PAW_W,PAW_W_2007,PAW_W_2007,9,10,10,9,9.5,0.57735,0,0,.,16,86,0,16,.,38,0,.,.,.,.
2007,PAW,W,PAW_W,PAW_W_2007,PAW_W_2007,9,9,10,9,9.25,0.50000,0,0,.,86,38,0,0,.,63,0,.,.,.,.
2007,PAW,W,PAW_W,PAW_W_2007,PAW_W_2007,9,9,9,9,9,0.00000,63,0,.,16,63,0,0,.,38,0,.,.,.,.
2007,PAW,W,PAW_W,PAW_W_2007,PAW_W_2007,9,9,9,9,9,0.00000,38,0,.,3,98,0,0,.,38,0,.,.,.,.
2007,PAW,W,PAW_W,PAW_W_2007,PAW_W_2007,9,9,9,9,9,0.00000,63,0,.,0,63,0,0,.,38,0,.,.,.,.
2007,PAW,W,PAW_W,PAW_W_2007,PAW_W_2007,9,9,9,9,9,0.00000,3,0,.,16,98,0,0,.,86,0,.,.,.,.
2007,PAW,W,PAW_W,PAW_W_2007,PAW_W_2007,9,9,9,9,9,0.00000,86,0,.,0,38,0,0,.,86,0,.,.,.,.
2007,PAW,W,PAW_W,PAW_W_2007,PAW_W_2007,9,9,9,9,9,0.00000,63,0,.,16,38,0,16,.,86,3,.,.,.,.
2007,PAW,W,PAW_W,PAW_W_2007,PAW_W_2007,9,9,9,9,9,0.00000,3,0,.,16,38,0,63,.,86,0,.,.,.,.
2007,PAW,W,PAW_W,PAW_W_2007,PAW_W_2007,9,9,9,8,8.75,0.50000,38,0,.,16,38,0,0,.,98,0,.,.,.,.
2007,PAW,W,PAW_W,PAW_W_2007,PAW_W_2007,8,8,9,9,8.5,0.57735,3,0,.,38,86,0,0,.,38,0,.,.,.,.
2007,PAW,W,PAW_W,PAW_W_2007,PAW_W_2007,8,8,8,8,8,0.00000,98,0,.,0,3,0,0,.,98,0,.,.,.,.
2007,PAW,W,PAW_W,PAW_W_2007,PAW_W_2007,8,8,8,7,7.75,0.50000,63,0,.,16,38,0,0,.,86,0,.,.,.,.
2007,PAW,W,PAW_W,PAW_W_2007,PAW_W_2007,8,7,7,8,7.5,0.57735,63,0,.,0,16,0,16,.,98,0,.,.,.,.
2007,PAW,W,PAW_W,PAW_W_2007,PAW_W_2007,7,7,7,8,7.25,0.50000,86,0,.,0,16,0,0,.,63,0,.,.,.,.
2007,PAW,W,PAW_W,PAW_W_2007,PAW_W_2007,7,7,7,7,7,0.00000,86,0,.,0,38,0,0,.,98,0,.,.,.,.
2007,PAW,W,PAW_W,PAW_W_2007,PAW_W_2007,7,7,7,7,7,0.00000,86,0,.,0,38,0,0,.,63,0,.,.,.,.
2007,PAW,W,PAW_W,PAW_W_2007,PAW_W_2007,7,7,7,7,7,0.00000,38,0,.,0,63,0,3,.,86,0,.,.,.,.
2007,PAW,W,PAW_W,PAW_W_2007,PAW_W_2007,7,7,7,7,7,0.00000,86,0,.,0,38,0,0,.,63,0,.,.,.,.
2007,PAW,W,PAW_W,PAW_W_2007,PAW_W_2007,7,7,7,7,7,0.00000,86,0,.,0,38,0,38,.,38,0,.,.,.,.
2007,PAW,W,PAW_W,PAW_W_2007,PAW_W_2007,6,7,6,7,6.5,0.57735,98,0,.,0,38,0,0,.,63,0,.,.,.,.
2007,PAW,W,PAW_W,PAW_W_2007,PAW_W_2007,5,5,5,5,5,0.00000,98,0,.,0,38,0,16,.,86,0,.,.,.,.
2007,PAW,W,PAW_W,PAW_W_2007,PAW_W_2007,0,0,0,0,0,0.00000,0,0,.,0,0,0,0,.,0,0,.,.,.,.
2007,PYN,N,PYN_N,PYN_N_2007,PYN_N_2007,9,8,9,8,8.5,0.57735,0,98,.,3,16,0,0,.,38,0,.,.,.,.
2007,PYN,N,PYN_N,PYN_N_2007,PYN_N_2007,7,7,7,9,7.5,1.00000,0,63,.,38,38,0,0,.,38,16,.,.,.,.
2007,PYN,N,PYN_N,PYN_N_2007,PYN_N_2007,7,7,8,7,7.25,0.50000,0,86,.,16,63,0,0,.,16,0,.,.,.,.
2007,PYN,N,PYN_N,PYN_N_2007,PYN_N_2007,9,5,9,5,7,2.30940,3,86,.,3,3,3,0,.,63,0,.,.,.,.
2007,PYN,N,PYN_N,PYN_N_2007,PYN_N_2007,7,7,7,7,7,0.00000,3,0,.,63,86,0,3,.,16,16,.,.,.,.
2007,PYN,N,PYN_N,PYN_N_2007,PYN_N_2007,7,7,7,7,7,0.00000,0,86,.,3,16,16,0,.,16,0,.,.,.,.
2007,PYN,N,PYN_N,PYN_N_2007,PYN_N_2007,8,6,7,7,7,0.81650,0,86,.,3,16,0,0,.,16,3,.,.,.,.
2007,PYN,N,PYN_N,PYN_N_2007,PYN_N_2007,5,7,7,8,6.75,1.25831,38,63,.,16,16,3,0,.,38,0,.,.,.,.
2007,PYN,N,PYN_N,PYN_N_2007,PYN_N_2007,6,6,6,6,6,0.00000,38,63,.,16,38,0,0,.,3,16,.,.,.,.
2007,PYN,N,PYN_N,PYN_N_2007,PYN_N_2007,6,6,6,6,6,0.00000,0,63,.,63,0,0,0,.,38,0,.,.,.,.
2007,PYN,N,PYN_N,PYN_N_2007,PYN_N_2007,5,5,5,8,5.75,1.50000,63,16,.,0,16,16,0,.,3,38,.,.,.,.
2007,PYN,N,PYN_N,PYN_N_2007,PYN_N_2007,5,6,5,7,5.75,0.95743,0,63,.,16,3,16,0,.,3,16,.,.,.,.
2007,PYN,N,PYN_N,PYN_N_2007,PYN_N_2007,5,6,5,5,5.25,0.50000,16,38,.,3,3,38,0,.,0,3,.,.,.,.
2007,PYN,N,PYN_N,PYN_N_2007,PYN_N_2007,5,5,6,5,5.25,0.50000,38,38,.,3,16,0,0,.,3,38,.,.,.,.
2007,PYN,N,PYN_N,PYN_N_2007,PYN_N_2007,5,5,5,5,5,0.00000,38,63,.,3,16,3,0,.,38,16,.,.,.,.
2007,PYN,N,PYN_N,PYN_N_2007,PYN_N_2007,5,5,5,5,5,0.00000,16,38,.,3,16,38,0,.,3,0,.,.,.,.
2007,PYN,N,PYN_N,PYN_N_2007,PYN_N_2007,5,5,5,5,5,0.00000,0,86,.,0,3,0,0,.,16,0,.,.,.,.
2007,PYN,N,PYN_N,PYN_N_2007,PYN_N_2007,5,5,5,5,5,0.00000,0,38,.,38,16,16,0,.,0,3,.,.,.,.
2007,PYN,N,PYN_N,PYN_N_2007,PYN_N_2007,5,5,5,5,5,0.00000,63,63,.,0,63,16,0,.,3,16,.,.,.,.
2007,PYN,N,PYN_N,PYN_N_2007,PYN_N_2007,5,5,5,5,5,0.00000,0,63,.,0,63,16,0,.,0,16,.,.,.,.
2007,PYN,N,PYN_N,PYN_N_2007,PYN_N_2007,5,5,5,5,5,0.00000,63,16,.,16,16,3,0,.,3,38,.,.,.,.
2007,PYN,N,PYN_N,PYN_N_2007,PYN_N_2007,5,5,5,5,5,0.00000,0,38,.,16,38,16,3,.,3,3,.,.,.,.
2007,PYN,N,PYN_N,PYN_N_2007,PYN_N_2007,4,5,5,6,5,0.81650,38,63,.,0,63,3,0,.,16,3,.,.,.,.
2007,PYN,N,PYN_N,PYN_N_2007,PYN_N_2007,4,5,5,5,4.75,0.50000,63,63,.,0,3,3,0,.,16,3,.,.,.,.
2007,PYN,N,PYN_N,PYN_N_2007,PYN_N_2007,5,4,5,4,4.5,0.57735,16,63,.,3,16,16,0,.,16,3,.,.,.,.
2007,PYN,N,PYN_N,PYN_N_2007,PYN_N_2007,4,4,4,5,4.25,0.50000,38,38,.,0,3,16,0,.,16,16,.,.,.,.
2007,PYN,N,PYN_N,PYN_N_2007,PYN_N_2007,4,4,5,4,4.25,0.50000,38,38,.,0,38,16,0,.,16,3,.,.,.,.
2007,PYN,N,PYN_N,PYN_N_2007,PYN_N_2007,4,5,4,4,4.25,0.50000,0,63,.,3,16,3,0,.,0,16,.,.,.,.
2007,PYN,N,PYN_N,PYN_N_2007,PYN_N_2007,4,4,4,5,4.25,0.50000,63,16,.,3,3,16,0,.,3,3,.,.,.,.
2007,PYN,N,PYN_N,PYN_N_2007,PYN_N_2007,4,4,4,4,4,0.00000,0,63,.,3,3,16,0,.,16,3,.,.,.,.
2007,PYN,N,PYN_N,PYN_N_2007,PYN_N_2007,0,0,0,0,0,0.00000,0,0,.,0,0,0,0,.,0,0,.,.,.,.
2007,PYN,S,PYN_S,PYN_S_2007,PYN_S_2007,7,6,6,8,6.75,0.95743,0,98,.,3,0,0,0,.,16,3,.,.,.,.
2007,PYN,S,PYN_S,PYN_S_2007,PYN_S_2007,5,5,8,6,6,1.41421,38,63,.,16,3,16,0,.,38,0,.,.,.,.
2007,PYN,S,PYN_S,PYN_S_2007,PYN_S_2007,6,6,7,5,6,0.81650,0,86,.,16,38,3,0,.,38,0,.,.,.,.
2007,PYN,S,PYN_S,PYN_S_2007,PYN_S_2007,6,6,6,6,6,0.00000,0,63,.,3,16,3,0,.,38,16,.,.,.,.
2007,PYN,S,PYN_S,PYN_S_2007,PYN_S_2007,5,5,5,8,5.75,1.50000,0,63,.,16,38,3,0,.,38,0,.,.,.,.
2007,PYN,S,PYN_S,PYN_S_2007,PYN_S_2007,6,6,6,5,5.75,0.50000,0,86,.,3,3,3,0,.,38,0,.,.,.,.
2007,PYN,S,PYN_S,PYN_S_2007,PYN_S_2007,5,6,5,5,5.25,0.50000,0,63,.,16,3,3,0,.,38,0,.,.,.,.
2007,PYN,S,PYN_S,PYN_S_2007,PYN_S_2007,5,6,5,5,5.25,0.50000,0,63,.,16,3,16,16,.,16,3,.,.,.,.
2007,PYN,S,PYN_S,PYN_S_2007,PYN_S_2007,5,5,5,6,5.25,0.50000,38,38,.,16,3,3,0,.,38,0,.,.,.,.
2007,PYN,S,PYN_S,PYN_S_2007,PYN_S_2007,5,5,6,5,5.25,0.50000,0,63,.,3,3,38,0,.,16,3,.,.,.,.
2007,PYN,S,PYN_S,PYN_S_2007,PYN_S_2007,5,5,5,6,5.25,0.50000,63,16,.,3,38,16,0,.,38,3,.,.,.,.
2007,PYN,S,PYN_S,PYN_S_2007,PYN_S_2007,5,5,5,5,5,0.00000,0,86,.,3,0,3,0,.,16,0,.,.,.,.
2007,PYN,S,PYN_S,PYN_S_2007,PYN_S_2007,5,3,4,7,4.75,1.70783,3,63,.,38,38,0,0,.,98,3,.,.,.,.
2007,PYN,S,PYN_S,PYN_S_2007,PYN_S_2007,6,4,2,6,4.5,1.91485,3,63,.,16,38,16,0,.,63,3,.,.,.,.
2007,PYN,S,PYN_S,PYN_S_2007,PYN_S_2007,4,5,5,4,4.5,0.57735,38,63,.,3,3,38,0,.,16,3,.,.,.,.
2007,PYN,S,PYN_S,PYN_S_2007,PYN_S_2007,5,4,5,4,4.5,0.57735,63,16,.,3,3,16,0,.,38,16,.,.,.,.
2007,PYN,S,PYN_S,PYN_S_2007,PYN_S_2007,3,6,3,5,4.25,1.50000,3,38,.,3,38,38,0,.,3,3,.,.,.,.
2007,PYN,S,PYN_S,PYN_S_2007,PYN_S_2007,4,3,5,4,4,0.81650,38,38,.,3,16,3,16,.,98,0,.,.,.,.
2007,PYN,S,PYN_S,PYN_S_2007,PYN_S_2007,3,4,3,5,3.75,0.95743,3,16,.,16,3,38,0,.,63,16,.,.,.,.
2007,PYN,S,PYN_S,PYN_S_2007,PYN_S_2007,4,4,3,4,3.75,0.50000,0,86,.,38,3,16,0,.,86,3,.,.,.,.
2007,PYN,S,PYN_S,PYN_S_2007,PYN_S_2007,3,4,3,3,3.25,0.50000,16,38,.,38,16,3,3,.,86,16,.,.,.,.
2007,PYN,S,PYN_S,PYN_S_2007,PYN_S_2007,1,2,6,3,3,2.16025,3,38,.,16,16,16,0,.,38,38,.,.,.,.
2007,PYN,S,PYN_S,PYN_S_2007,PYN_S_2007,2,3,3,4,3,0.81650,16,63,.,16,16,3,0,.,63,3,.,.,.,.
2007,PYN,S,PYN_S,PYN_S_2007,PYN_S_2007,2,3,3,3,2.75,0.50000,16,38,.,38,16,16,0,.,63,3,.,.,.,.
2007,PYN,S,PYN_S,PYN_S_2007,PYN_S_2007,2,3,2,4,2.75,0.95743,63,16,.,16,3,16,0,.,38,3,.,.,.,.
2007,PYN,S,PYN_S,PYN_S_2007,PYN_S_2007,3,2,2,3,2.5,0.57735,3,38,.,16,16,16,0,.,38,16,.,.,.,.
2007,PYN,S,PYN_S,PYN_S_2007,PYN_S_2007,2,2,2,1,1.75,0.50000,3,86,.,16,3,16,0,.,63,86,.,.,.,.
2007,PYN,S,PYN_S,PYN_S_2007,PYN_S_2007,1,2,2,2,1.75,0.50000,0,38,.,16,0,38,0,.,38,16,.,.,.,.
2007,PYN,S,PYN_S,PYN_S_2007,PYN_S_2007,1,2,1,2,1.5,0.57735,16,38,.,38,3,38,0,.,16,38,.,.,.,.
2007,PYN,W,PYN_W,PYN_W_2007,PYN_W_2007,11,8,7,6,8,2.16025,0,63,.,16,3,3,38,.,38,0,.,.,.,.
2007,PYN,W,PYN_W,PYN_W_2007,PYN_W_2007,7,8,8,7,7.5,0.57735,0,86,.,16,3,3,0,.,3,0,.,.,.,.
2007,PYN,W,PYN_W,PYN_W_2007,PYN_W_2007,7,7,5,9,7,1.63299,0,63,.,38,3,0,0,.,38,0,.,.,.,.
2007,PYN,W,PYN_W,PYN_W_2007,PYN_W_2007,7,7,6,8,7,0.81650,3,86,.,16,16,0,0,.,38,0,.,.,.,.
2007,PYN,W,PYN_W,PYN_W_2007,PYN_W_2007,7,7,7,7,7,0.00000,0,63,.,16,3,16,0,.,16,0,.,.,.,.
2007,PYN,W,PYN_W,PYN_W_2007,PYN_W_2007,6,7,6,8,6.75,0.95743,3,38,.,63,3,16,0,.,38,0,.,.,.,.
2007,PYN,W,PYN_W,PYN_W_2007,PYN_W_2007,7,6,6,6,6.25,0.50000,38,63,.,38,3,16,0,.,38,0,.,.,.,.
2007,PYN,W,PYN_W,PYN_W_2007,PYN_W_2007,7,6,6,6,6.25,0.50000,3,86,.,3,16,3,0,.,38,0,.,.,.,.
2007,PYN,W,PYN_W,PYN_W_2007,PYN_W_2007,6,6,6,6,6,0.00000,38,63,.,16,16,3,0,.,38,0,.,.,.,.
2007,PYN,W,PYN_W,PYN_W_2007,PYN_W_2007,7,6,5,6,6,0.81650,16,38,.,3,16,16,0,.,3,16,.,.,.,.
2007,PYN,W,PYN_W,PYN_W_2007,PYN_W_2007,6,6,6,6,6,0.00000,63,38,.,3,3,16,0,.,38,0,.,.,.,.
2007,PYN,W,PYN_W,PYN_W_2007,PYN_W_2007,5,6,6,6,5.75,0.50000,63,16,.,3,38,3,0,.,38,0,.,.,.,.
2007,PYN,W,PYN_W,PYN_W_2007,PYN_W_2007,6,6,6,5,5.75,0.50000,38,16,.,16,38,16,0,.,16,0,.,.,.,.
2007,PYN,W,PYN_W,PYN_W_2007,PYN_W_2007,5,6,6,5,5.5,0.57735,16,38,.,38,38,0,0,.,38,0,.,.,.,.
2007,PYN,W,PYN_W,PYN_W_2007,PYN_W_2007,5,5,5,7,5.5,1.00000,3,16,.,86,38,3,3,.,16,0,.,.,.,.
2007,PYN,W,PYN_W,PYN_W_2007,PYN_W_2007,6,5,6,5,5.5,0.57735,38,63,.,16,3,16,0,.,16,0,.,.,.,.
2007,PYN,W,PYN_W,PYN_W_2007,PYN_W_2007,6,5,5,6,5.5,0.57735,38,38,.,16,3,16,0,.,16,3,.,.,.,.
2007,PYN,W,PYN_W,PYN_W_2007,PYN_W_2007,4,5,6,6,5.25,0.95743,63,38,.,16,3,16,0,.,16,3,.,.,.,.
2007,PYN,W,PYN_W,PYN_W_2007,PYN_W_2007,5,5,5,6,5.25,0.50000,63,16,.,3,38,3,0,.,16,0,.,.,.,.
2007,PYN,W,PYN_W,PYN_W_2007,PYN_W_2007,6,5,5,5,5.25,0.50000,86,3,.,3,16,16,0,.,3,0,.,.,.,.
2007,PYN,W,PYN_W,PYN_W_2007,PYN_W_2007,5,5,5,5,5,0.00000,0,38,.,63,16,38,0,.,3,0,.,.,.,.
2007,PYN,W,PYN_W,PYN_W_2007,PYN_W_2007,5,5,5,5,5,0.00000,16,86,.,16,3,3,0,.,38,0,.,.,.,.
2007,PYN,W,PYN_W,PYN_W_2007,PYN_W_2007,4,6,4,6,5,1.15470,38,16,.,3,16,38,0,.,3,38,.,.,.,.
2007,PYN,W,PYN_W,PYN_W_2007,PYN_W_2007,5,5,5,5,5,0.00000,16,63,.,16,3,38,0,.,3,3,.,.,.,.
2007,PYN,W,PYN_W,PYN_W_2007,PYN_W_2007,5,5,5,5,5,0.00000,63,16,.,3,3,16,0,.,3,3,.,.,.,.
2007,PYN,W,PYN_W,PYN_W_2007,PYN_W_2007,5,5,5,5,5,0.00000,38,38,.,38,16,0,0,.,16,0,.,.,.,.
2007,PYN,W,PYN_W,PYN_W_2007,PYN_W_2007,5,5,5,5,5,0.00000,63,16,.,16,3,16,0,.,16,0,.,.,.,.
2007,PYN,W,PYN_W,PYN_W_2007,PYN_W_2007,4,5,4,5,4.5,0.57735,38,38,.,16,16,16,0,.,16,16,.,.,.,.
2007,PYN,W,PYN_W,PYN_W_2007,PYN_W_2007,3,4,3,3,3.25,0.50000,16,63,.,3,3,16,0,.,16,3,.,.,.,.
2007,PYN,W,PYN_W,PYN_W_2007,PYN_W_2007,0,0,0,0,0,0.00000,0,0,.,0,0,0,0,.,0,0,.,.,.,.
2007,PYS,N,PYS_N,PYS_N_2007,PYS_N_2007,9,10,13,10,10.5,1.73205,0,0,.,63,63,0,16,.,86,0,.,.,.,.
2007,PYS,N,PYS_N,PYS_N_2007,PYS_N_2007,10,7,7,7,7.75,1.50000,3,16,.,63,16,0,0,.,16,0,.,.,.,.
2007,PYS,N,PYS_N,PYS_N_2007,PYS_N_2007,8,7,8,7,7.5,0.57735,0,86,.,3,3,16,0,.,38,0,.,.,.,.
2007,PYS,N,PYS_N,PYS_N_2007,PYS_N_2007,7,7,7,7,7,0.00000,3,86,.,16,16,3,0,.,16,0,.,.,.,.
2007,PYS,N,PYS_N,PYS_N_2007,PYS_N_2007,7,7,7,7,7,0.00000,0,63,.,16,3,3,0,.,63,0,.,.,.,.
2007,PYS,N,PYS_N,PYS_N_2007,PYS_N_2007,7,7,7,7,7,0.00000,0,86,.,38,16,16,0,.,63,0,.,.,.,.
2007,PYS,N,PYS_N,PYS_N_2007,PYS_N_2007,7,7,7,7,7,0.00000,0,63,.,38,16,0,0,.,38,0,.,.,.,.
2007,PYS,N,PYS_N,PYS_N_2007,PYS_N_2007,8,6,7,6,6.75,0.95743,0,38,.,38,63,16,3,.,63,0,.,.,.,.
2007,PYS,N,PYS_N,PYS_N_2007,PYS_N_2007,7,7,7,6,6.75,0.50000,0,63,.,16,3,16,0,.,16,0,.,.,.,.
2007,PYS,N,PYS_N,PYS_N_2007,PYS_N_2007,5,7,6,7,6.25,0.95743,0,86,.,16,16,3,0,.,38,3,.,.,.,.
2007,PYS,N,PYS_N,PYS_N_2007,PYS_N_2007,6,6,6,6,6,0.00000,0,63,.,16,16,3,0,.,3,0,.,.,.,.
2007,PYS,N,PYS_N,PYS_N_2007,PYS_N_2007,6,6,6,6,6,0.00000,0,63,.,16,16,16,0,.,3,0,.,.,.,.
2007,PYS,N,PYS_N,PYS_N_2007,PYS_N_2007,6,6,6,6,6,0.00000,3,63,.,16,3,38,0,.,16,0,.,.,.,.
2007,PYS,N,PYS_N,PYS_N_2007,PYS_N_2007,6,6,6,6,6,0.00000,63,63,.,38,16,38,38,.,63,0,.,.,.,.
2007,PYS,N,PYS_N,PYS_N_2007,PYS_N_2007,6,6,6,5,5.75,0.50000,0,38,.,38,63,0,16,.,86,0,.,.,.,.
2007,PYS,N,PYS_N,PYS_N_2007,PYS_N_2007,5,6,5,7,5.75,0.95743,16,63,.,38,38,0,0,.,38,0,.,.,.,.
2007,PYS,N,PYS_N,PYS_N_2007,PYS_N_2007,5,6,6,6,5.75,0.50000,16,63,.,38,16,0,0,.,16,0,.,.,.,.
2007,PYS,N,PYS_N,PYS_N_2007,PYS_N_2007,4,6,5,7,5.5,1.29099,3,63,.,3,38,0,3,.,38,0,.,.,.,.
2007,PYS,N,PYS_N,PYS_N_2007,PYS_N_2007,5,6,6,5,5.5,0.57735,0,3,.,63,3,3,0,.,16,0,.,.,.,.
2007,PYS,N,PYS_N,PYS_N_2007,PYS_N_2007,5,6,6,5,5.5,0.57735,0,86,.,0,63,16,0,.,86,0,.,.,.,.
2007,PYS,N,PYS_N,PYS_N_2007,PYS_N_2007,5,7,5,5,5.5,1.00000,0,63,.,16,3,16,16,.,16,0,.,.,.,.
2007,PYS,N,PYS_N,PYS_N_2007,PYS_N_2007,5,5,5,6,5.25,0.50000,38,16,.,0,63,0,0,.,3,0,.,.,.,.
2007,PYS,N,PYS_N,PYS_N_2007,PYS_N_2007,5,5,5,5,5,0.00000,63,38,.,3,3,0,0,.,16,3,.,.,.,.
2007,PYS,N,PYS_N,PYS_N_2007,PYS_N_2007,5,5,5,5,5,0.00000,0,38,.,38,16,38,0,.,16,0,.,.,.,.
2007,PYS,N,PYS_N,PYS_N_2007,PYS_N_2007,5,5,5,5,5,0.00000,86,3,.,0,63,0,0,.,38,0,.,.,.,.
2007,PYS,N,PYS_N,PYS_N_2007,PYS_N_2007,5,5,5,5,5,0.00000,0,38,.,16,16,16,0,.,38,0,.,.,.,.
2007,PYS,N,PYS_N,PYS_N_2007,PYS_N_2007,5,5,5,5,5,0.00000,0,63,.,16,38,38,0,.,38,0,.,.,.,.
2007,PYS,N,PYS_N,PYS_N_2007,PYS_N_2007,5,5,5,5,5,0.00000,0,86,.,3,3,0,0,.,16,0,.,.,.,.
2007,PYS,N,PYS_N,PYS_N_2007,PYS_N_2007,4,5,5,4,4.5,0.57735,3,63,.,3,16,0,0,.,38,0,.,.,.,.
2007,PYS,N,PYS_N,PYS_N_2007,PYS_N_2007,4,4,4,4,4,0.00000,38,16,.,3,38,0,0,.,16,0,.,.,.,.
2007,PYS,S,PYS_S,PYS_S_2007,PYS_S_2007,9,7,9,7,8,1.15470,0,63,.,16,3,0,16,.,63,3,.,.,.,.
2007,PYS,S,PYS_S,PYS_S_2007,PYS_S_2007,7,7,7,7,7,0.00000,0,86,.,38,3,16,0,.,38,0,.,.,.,.
2007,PYS,S,PYS_S,PYS_S_2007,PYS_S_2007,7,7,7,7,7,0.00000,3,63,.,38,0,0,0,.,16,3,.,.,.,.
2007,PYS,S,PYS_S,PYS_S_2007,PYS_S_2007,5,8,8,7,7,1.41421,0,38,.,63,3,16,0,.,16,3,.,.,.,.
2007,PYS,S,PYS_S,PYS_S_2007,PYS_S_2007,7,6,7,7,6.75,0.50000,16,63,.,3,16,0,0,.,86,0,.,.,.,.
2007,PYS,S,PYS_S,PYS_S_2007,PYS_S_2007,6,7,7,7,6.75,0.50000,0,86,.,16,16,16,0,.,38,0,.,.,.,.
2007,PYS,S,PYS_S,PYS_S_2007,PYS_S_2007,7,7,7,5,6.5,1.00000,0,63,.,38,0,0,0,.,63,0,.,.,.,.
2007,PYS,S,PYS_S,PYS_S_2007,PYS_S_2007,6,6,6,8,6.5,1.00000,0,86,.,3,3,0,3,.,63,0,.,.,.,.
2007,PYS,S,PYS_S,PYS_S_2007,PYS_S_2007,5,7,5,9,6.5,1.91485,16,63,.,16,16,16,0,.,38,0,.,.,.,.
2007,PYS,S,PYS_S,PYS_S_2007,PYS_S_2007,6,7,7,6,6.5,0.57735,0,63,.,63,3,3,16,.,63,0,.,.,.,.
2007,PYS,S,PYS_S,PYS_S_2007,PYS_S_2007,7,6,7,6,6.5,0.57735,0,63,.,63,38,16,0,.,63,0,.,.,.,.
2007,PYS,S,PYS_S,PYS_S_2007,PYS_S_2007,6,6,6,7,6.25,0.50000,3,3,.,3,86,3,0,.,63,0,.,.,.,.
2007,PYS,S,PYS_S,PYS_S_2007,PYS_S_2007,6,6,6,7,6.25,0.50000,38,38,.,38,38,3,0,.,63,0,.,.,.,.
2007,PYS,S,PYS_S,PYS_S_2007,PYS_S_2007,6,5,7,7,6.25,0.95743,38,63,.,16,3,16,0,.,38,0,.,.,.,.
2007,PYS,S,PYS_S,PYS_S_2007,PYS_S_2007,7,5,6,6,6,0.81650,63,38,.,16,38,3,0,.,38,0,.,.,.,.
2007,PYS,S,PYS_S,PYS_S_2007,PYS_S_2007,6,6,5,6,5.75,0.50000,63,38,.,3,38,3,0,.,16,0,.,.,.,.
2007,PYS,S,PYS_S,PYS_S_2007,PYS_S_2007,6,6,6,5,5.75,0.50000,0,16,.,63,3,38,0,.,38,0,.,.,.,.
2007,PYS,S,PYS_S,PYS_S_2007,PYS_S_2007,7,5,5,5,5.5,1.00000,16,63,.,3,38,16,0,.,38,0,.,.,.,.
2007,PYS,S,PYS_S,PYS_S_2007,PYS_S_2007,6,6,5,5,5.5,0.57735,38,16,.,16,16,16,0,.,3,3,.,.,.,.
2007,PYS,S,PYS_S,PYS_S_2007,PYS_S_2007,5,5,5,6,5.25,0.50000,3,63,.,16,38,38,16,.,38,0,.,.,.,.
2007,PYS,S,PYS_S,PYS_S_2007,PYS_S_2007,5,5,6,5,5.25,0.50000,0,98,.,16,3,3,0,.,63,0,.,.,.,.
2007,PYS,S,PYS_S,PYS_S_2007,PYS_S_2007,5,6,5,5,5.25,0.50000,3,38,.,63,3,16,0,.,16,16,.,.,.,.
2007,PYS,S,PYS_S,PYS_S_2007,PYS_S_2007,5,5,5,5,5,0.00000,38,63,.,63,16,3,0,.,16,3,.,.,.,.
2007,PYS,S,PYS_S,PYS_S_2007,PYS_S_2007,5,4,5,5,4.75,0.50000,0,38,.,63,38,16,0,.,38,3,.,.,.,.
2007,PYS,S,PYS_S,PYS_S_2007,PYS_S_2007,5,4,5,4,4.5,0.57735,38,63,.,38,16,16,0,.,38,3,.,.,.,.
2007,PYS,S,PYS_S,PYS_S_2007,PYS_S_2007,4,4,4,5,4.25,0.50000,63,38,.,16,3,16,0,.,16,0,.,.,.,.
2007,PYS,S,PYS_S,PYS_S_2007,PYS_S_2007,4,4,5,4,4.25,0.50000,0,63,.,63,0,3,0,.,16,0,.,.,.,.
2007,PYS,S,PYS_S,PYS_S_2007,PYS_S_2007,4,4,4,4,4,0.00000,0,98,.,16,0,0,0,.,38,3,.,.,.,.
2007,PYS,S,PYS_S,PYS_S_2007,PYS_S_2007,1,1,5,1,2,2.00000,0,0,.,0,38,0,0,.,0,98,.,.,.,.
2007,PYS,W,PYS_W,PYS_W_2007,PYS_W_2007,11,7,7,9,8.5,1.91485,0,63,.,3,63,0,3,.,3,38,.,.,.,.
2007,PYS,W,PYS_W,PYS_W_2007,PYS_W_2007,5,5,5,8,5.75,1.50000,38,3,.,3,16,3,0,.,3,86,.,.,.,.
2007,PYS,W,PYS_W,PYS_W_2007,PYS_W_2007,6,5,5,6,5.5,0.57735,38,38,.,16,16,16,16,.,3,3,.,.,.,.
2007,PYS,W,PYS_W,PYS_W_2007,PYS_W_2007,7,5,5,5,5.5,1.00000,38,63,.,16,3,16,0,.,3,3,.,.,.,.
2007,PYS,W,PYS_W,PYS_W_2007,PYS_W_2007,5,7,5,5,5.5,1.00000,63,63,.,3,38,16,0,.,3,38,.,.,.,.
2007,PYS,W,PYS_W,PYS_W_2007,PYS_W_2007,5,5,5,5,5,0.00000,3,86,.,3,3,16,0,.,16,3,.,.,.,.
2007,PYS,W,PYS_W,PYS_W_2007,PYS_W_2007,5,5,5,5,5,0.00000,0,63,.,16,38,16,0,.,16,3,.,.,.,.
2007,PYS,W,PYS_W,PYS_W_2007,PYS_W_2007,5,5,5,5,5,0.00000,0,63,.,16,38,16,0,.,16,16,.,.,.,.
2007,PYS,W,PYS_W,PYS_W_2007,PYS_W_2007,5,5,5,5,5,0.00000,63,16,.,0,16,16,0,.,0,63,.,.,.,.
2007,PYS,W,PYS_W,PYS_W_2007,PYS_W_2007,3,7,4,5,4.75,1.70783,0,16,.,63,16,3,0,.,3,16,.,.,.,.
2007,PYS,W,PYS_W,PYS_W_2007,PYS_W_2007,5,4,5,4,4.5,0.57735,3,63,.,38,38,16,0,.,3,16,.,.,.,.
2007,PYS,W,PYS_W,PYS_W_2007,PYS_W_2007,4,5,4,5,4.5,0.57735,63,38,.,3,16,16,0,.,0,38,.,.,.,.
2007,PYS,W,PYS_W,PYS_W_2007,PYS_W_2007,5,4,4,4,4.25,0.50000,0,63,.,3,38,3,0,.,16,63,.,.,.,.
2007,PYS,W,PYS_W,PYS_W_2007,PYS_W_2007,4,5,4,4,4.25,0.50000,16,63,.,0,38,16,0,.,3,63,.,.,.,.
2007,PYS,W,PYS_W,PYS_W_2007,PYS_W_2007,4,5,4,3,4,0.81650,38,3,.,3,38,0,0,.,3,86,.,.,.,.
2007,PYS,W,PYS_W,PYS_W_2007,PYS_W_2007,3,7,3,3,4,2.00000,38,3,.,16,38,16,0,.,0,38,.,.,.,.
2007,PYS,W,PYS_W,PYS_W_2007,PYS_W_2007,4,4,4,4,4,0.00000,86,0,.,3,3,16,0,.,3,38,.,.,.,.
2007,PYS,W,PYS_W,PYS_W_2007,PYS_W_2007,4,4,4,4,4,0.00000,86,3,.,0,38,16,0,.,3,63,.,.,.,.
2007,PYS,W,PYS_W,PYS_W_2007,PYS_W_2007,4,4,4,4,4,0.00000,16,16,.,38,16,3,0,.,3,63,.,.,.,.
2007,PYS,W,PYS_W,PYS_W_2007,PYS_W_2007,4,4,4,4,4,0.00000,16,3,.,3,38,3,0,.,16,63,.,.,.,.
2007,PYS,W,PYS_W,PYS_W_2007,PYS_W_2007,3,3,4,3,3.25,0.50000,16,16,.,63,16,16,0,.,38,16,.,.,.,.
2007,PYS,W,PYS_W,PYS_W_2007,PYS_W_2007,3,3,3,3,3,0.00000,16,38,.,3,16,0,0,.,0,63,.,.,.,.
2007,PYS,W,PYS_W,PYS_W_2007,PYS_W_2007,2,3,3,3,2.75,0.50000,3,38,.,3,16,0,0,.,0,63,.,.,.,.
2007,PYS,W,PYS_W,PYS_W_2007,PYS_W_2007,3,2,3,3,2.75,0.50000,3,86,.,16,16,16,0,.,16,38,.,.,.,.
2007,PYS,W,PYS_W,PYS_W_2007,PYS_W_2007,3,3,2,3,2.75,0.50000,38,0,.,16,16,3,0,.,3,38,.,.,.,.
2007,PYS,W,PYS_W,PYS_W_2007,PYS_W_2007,3,1,4,2,2.5,1.29099,16,38,.,63,16,3,0,.,16,38,.,.,.,.
2007,PYS,W,PYS_W,PYS_W_2007,PYS_W_2007,1,3,4,1,2.25,1.50000,3,38,.,38,38,3,0,.,16,38,.,.,.,.
2007,PYS,W,PYS_W,PYS_W_2007,PYS_W_2007,2,2,1,2,1.75,0.50000,16,38,.,16,38,16,0,.,16,38,.,.,.,.
2007,PYS,W,PYS_W,PYS_W_2007,PYS_W_2007,2,1,2,1,1.5,0.57735,0,38,.,38,16,16,3,.,3,16,.,.,.,.
2007,PYS,W,PYS_W,PYS_W_2007,PYS_W_2007,1,0,1,0,0.5,0.57735,0,38,.,16,16,16,0,.,3,38,.,.,.,.
2007,PYW,C,PYW_C,PYW_C_2007,PYW_C_2007,11,21,5,8,11.25,6.94622,0,98,.,16,3,0,0,.,16,0,.,.,.,.
2007,PYW,C,PYW_C,PYW_C_2007,PYW_C_2007,7,7,13,7,8.5,3.00000,16,63,.,16,38,0,16,.,38,0,.,.,.,.
2007,PYW,C,PYW_C,PYW_C_2007,PYW_C_2007,9,7,8,8,8,0.81650,0,63,.,16,63,0,16,.,38,0,.,.,.,.
2007,PYW,C,PYW_C,PYW_C_2007,PYW_C_2007,8,7,7,7,7.25,0.50000,63,16,.,3,63,0,0,.,38,0,.,.,.,.
2007,PYW,C,PYW_C,PYW_C_2007,PYW_C_2007,6,7,6,8,6.75,0.95743,16,38,.,16,38,38,16,.,3,3,.,.,.,.
2007,PYW,C,PYW_C,PYW_C_2007,PYW_C_2007,8,6,6,6,6.5,1.00000,38,63,.,16,3,16,0,.,63,0,.,.,.,.
2007,PYW,C,PYW_C,PYW_C_2007,PYW_C_2007,6,7,6,7,6.5,0.57735,16,38,.,63,3,16,0,.,16,0,.,.,.,.
2007,PYW,C,PYW_C,PYW_C_2007,PYW_C_2007,6,6,7,6,6.25,0.50000,63,3,.,16,38,3,0,.,16,0,.,.,.,.
2007,PYW,C,PYW_C,PYW_C_2007,PYW_C_2007,6,6,6,6,6,0.00000,63,63,.,3,16,16,0,.,16,0,.,.,.,.
2007,PYW,C,PYW_C,PYW_C_2007,PYW_C_2007,6,6,6,6,6,0.00000,86,3,.,3,16,16,0,.,16,3,.,.,.,.
2007,PYW,C,PYW_C,PYW_C_2007,PYW_C_2007,6,6,6,6,6,0.00000,86,3,.,0,38,16,0,.,16,3,.,.,.,.
2007,PYW,C,PYW_C,PYW_C_2007,PYW_C_2007,6,6,5,6,5.75,0.50000,38,63,.,3,38,16,0,.,38,0,.,.,.,.
2007,PYW,C,PYW_C,PYW_C_2007,PYW_C_2007,7,5,5,6,5.75,0.95743,86,16,.,16,38,3,0,.,38,3,.,.,.,.
2007,PYW,C,PYW_C,PYW_C_2007,PYW_C_2007,5,7,6,5,5.75,0.95743,3,38,.,38,38,16,0,.,16,3,.,.,.,.
2007,PYW,C,PYW_C,PYW_C_2007,PYW_C_2007,5,7,5,6,5.75,0.95743,63,38,.,0,16,16,0,.,3,3,.,.,.,.
2007,PYW,C,PYW_C,PYW_C_2007,PYW_C_2007,5,6,6,6,5.75,0.50000,63,63,.,3,3,16,0,.,16,3,.,.,.,.
2007,PYW,C,PYW_C,PYW_C_2007,PYW_C_2007,5,7,5,6,5.75,0.95743,0,98,.,3,3,3,0,.,16,0,.,.,.,.
2007,PYW,C,PYW_C,PYW_C_2007,PYW_C_2007,6,5,5,6,5.5,0.57735,38,63,.,16,38,0,0,.,63,0,.,.,.,.
2007,PYW,C,PYW_C,PYW_C_2007,PYW_C_2007,6,5,5,6,5.5,0.57735,0,63,.,16,38,16,0,.,38,0,.,.,.,.
2007,PYW,C,PYW_C,PYW_C_2007,PYW_C_2007,6,5,5,6,5.5,0.57735,63,16,.,16,16,16,0,.,16,0,.,.,.,.
2007,PYW,C,PYW_C,PYW_C_2007,PYW_C_2007,6,5,6,5,5.5,0.57735,86,16,.,3,3,3,0,.,38,0,.,.,.,.
2007,PYW,C,PYW_C,PYW_C_2007,PYW_C_2007,5,6,5,5,5.25,0.50000,0,86,.,3,3,3,0,.,63,0,.,.,.,.
2007,PYW,C,PYW_C,PYW_C_2007,PYW_C_2007,5,5,5,6,5.25,0.50000,38,38,.,16,63,0,0,.,16,3,.,.,.,.
2007,PYW,C,PYW_C,PYW_C_2007,PYW_C_2007,6,5,5,5,5.25,0.50000,16,16,.,16,38,3,0,.,63,16,.,.,.,.
2007,PYW,C,PYW_C,PYW_C_2007,PYW_C_2007,5,5,6,5,5.25,0.50000,63,3,.,0,38,16,0,.,3,3,.,.,.,.
2007,PYW,C,PYW_C,PYW_C_2007,PYW_C_2007,5,5,5,5,5,0.00000,0,86,.,16,16,3,0,.,63,0,.,.,.,.
2007,PYW,C,PYW_C,PYW_C_2007,PYW_C_2007,5,5,5,5,5,0.00000,63,3,.,3,38,16,0,.,16,3,.,.,.,.
2007,PYW,C,PYW_C,PYW_C_2007,PYW_C_2007,5,5,5,5,5,0.00000,86,3,.,3,16,3,0,.,38,3,.,.,.,.
2007,PYW,C,PYW_C,PYW_C_2007,PYW_C_2007,4,4,5,4,4.25,0.50000,38,38,.,3,3,38,0,.,16,0,.,.,.,.
2007,PYW,C,PYW_C,PYW_C_2007,PYW_C_2007,2,3,2,3,2.5,0.57735,0,16,.,3,16,38,0,.,0,38,.,.,.,.
2007,PYW,N,PYW_N,PYW_N_2007,PYW_N_2007,8,8,8,8,8,0.00000,0,63,.,38,3,0,3,.,38,0,.,.,.,.
2007,PYW,N,PYW_N,PYW_N_2007,PYW_N_2007,6,7,6,7,6.5,0.57735,0,63,.,63,16,0,0,.,38,0,.,.,.,.
2007,PYW,N,PYW_N,PYW_N_2007,PYW_N_2007,6,6,6,6,6,0.00000,0,98,.,16,3,0,0,.,63,6,.,.,.,.
2007,PYW,N,PYW_N,PYW_N_2007,PYW_N_2007,6,6,6,6,6,0.00000,63,16,.,16,3,16,0,.,63,3,.,.,.,.
2007,PYW,N,PYW_N,PYW_N_2007,PYW_N_2007,7,5,6,5,5.75,0.95743,0,86,.,38,3,3,0,.,16,3,.,.,.,.
2007,PYW,N,PYW_N,PYW_N_2007,PYW_N_2007,6,5,6,5,5.5,0.57735,38,38,.,38,38,3,0,.,16,16,.,.,.,.
2007,PYW,N,PYW_N,PYW_N_2007,PYW_N_2007,5,5,5,6,5.25,0.50000,38,63,.,3,16,0,0,.,63,0,.,.,.,.
2007,PYW,N,PYW_N,PYW_N_2007,PYW_N_2007,5,5,5,6,5.25,0.50000,3,38,.,38,38,16,0,.,38,0,.,.,.,.
2007,PYW,N,PYW_N,PYW_N_2007,PYW_N_2007,5,5,5,6,5.25,0.50000,0,63,.,38,38,16,0,.,63,0,.,.,.,.
2007,PYW,N,PYW_N,PYW_N_2007,PYW_N_2007,5,6,5,5,5.25,0.50000,0,63,.,38,16,16,0,.,63,0,.,.,.,.
2007,PYW,N,PYW_N,PYW_N_2007,PYW_N_2007,6,6,5,4,5.25,0.95743,3,86,.,16,16,16,0,.,16,16,.,.,.,.
2007,PYW,N,PYW_N,PYW_N_2007,PYW_N_2007,5,5,5,5,5,0.00000,0,86,.,3,16,0,0,.,63,3,.,.,.,.
2007,PYW,N,PYW_N,PYW_N_2007,PYW_N_2007,5,5,5,5,5,0.00000,0,86,.,16,0,16,0,.,63,0,.,.,.,.
2007,PYW,N,PYW_N,PYW_N_2007,PYW_N_2007,5,5,5,5,5,0.00000,38,63,.,3,38,16,0,.,38,0,.,.,.,.
2007,PYW,N,PYW_N,PYW_N_2007,PYW_N_2007,5,4,5,5,4.75,0.50000,38,38,.,16,3,16,0,.,16,38,.,.,.,.
2007,PYW,N,PYW_N,PYW_N_2007,PYW_N_2007,5,5,4,4,4.5,0.57735,0,98,.,16,3,0,0,.,38,3,.,.,.,.
2007,PYW,N,PYW_N,PYW_N_2007,PYW_N_2007,5,4,4,4,4.25,0.50000,0,86,.,16,3,3,0,.,16,0,.,.,.,.
2007,PYW,N,PYW_N,PYW_N_2007,PYW_N_2007,4,4,4,4,4,0.00000,0,98,.,3,3,0,0,.,3,3,.,.,.,.
2007,PYW,N,PYW_N,PYW_N_2007,PYW_N_2007,4,4,4,4,4,0.00000,3,63,.,16,3,3,0,.,3,3,.,.,.,.
2007,PYW,N,PYW_N,PYW_N_2007,PYW_N_2007,4,3,4,4,3.75,0.50000,63,16,.,16,16,3,0,.,38,3,.,.,.,.
2007,PYW,N,PYW_N,PYW_N_2007,PYW_N_2007,5,3,4,3,3.75,0.95743,0,98,.,3,3,3,0,.,38,0,.,.,.,.
2007,PYW,N,PYW_N,PYW_N_2007,PYW_N_2007,3,3,3,5,3.5,1.00000,0,86,.,16,3,0,0,.,38,0,.,.,.,.
2007,PYW,N,PYW_N,PYW_N_2007,PYW_N_2007,3,3,3,4,3.25,0.50000,0,98,.,3,3,0,0,.,38,0,.,.,.,.
2007,PYW,N,PYW_N,PYW_N_2007,PYW_N_2007,4,3,3,3,3.25,0.50000,0,98,.,3,3,0,0,.,38,3,.,.,.,.
2007,PYW,N,PYW_N,PYW_N_2007,PYW_N_2007,3,3,3,4,3.25,0.50000,63,38,.,3,16,16,0,.,38,3,.,.,.,.
2007,PYW,N,PYW_N,PYW_N_2007,PYW_N_2007,4,3,3,3,3.25,0.50000,0,86,.,3,16,3,0,.,63,0,.,.,.,.
2007,PYW,N,PYW_N,PYW_N_2007,PYW_N_2007,3,3,3,3,3,0.00000,16,38,.,3,16,3,0,.,16,3,.,.,.,.
2007,PYW,N,PYW_N,PYW_N_2007,PYW_N_2007,3,3,3,3,3,0.00000,0,63,.,16,3,16,0,.,63,3,.,.,.,.
2007,PYW,N,PYW_N,PYW_N_2007,PYW_N_2007,2,2,2,3,2.25,0.50000,3,0,.,38,3,3,0,.,16,63,.,.,.,.
2007,PYW,N,PYW_N,PYW_N_2007,PYW_N_2007,3,2,2,2,2.25,0.50000,38,38,.,3,16,3,0,.,38,3,.,.,.,.
2007,PYW,S,PYW_S,PYW_S_2007,PYW_S_2007,8,8,7,7,7.5,0.57735,63,63,.,3,3,3,0,.,38,0,.,.,.,.
2007,PYW,S,PYW_S,PYW_S_2007,PYW_S_2007,6,6,10,7,7.25,1.89297,3,38,.,16,16,3,3,.,38,0,.,.,.,.
2007,PYW,S,PYW_S,PYW_S_2007,PYW_S_2007,7,7,7,7,7,0.00000,16,63,.,3,3,16,0,.,38,0,.,.,.,.
2007,PYW,S,PYW_S,PYW_S_2007,PYW_S_2007,6,7,7,6,6.5,0.57735,0,63,.,16,3,38,38,.,16,0,.,.,.,.
2007,PYW,S,PYW_S,PYW_S_2007,PYW_S_2007,7,6,7,6,6.5,0.57735,3,38,.,16,16,16,0,.,16,0,.,.,.,.
2007,PYW,S,PYW_S,PYW_S_2007,PYW_S_2007,6,6,6,7,6.25,0.50000,38,38,.,38,3,16,0,.,38,0,.,.,.,.
2007,PYW,S,PYW_S,PYW_S_2007,PYW_S_2007,9,5,7,4,6.25,2.21736,0,16,.,63,38,38,0,.,3,3,.,.,.,.
2007,PYW,S,PYW_S,PYW_S_2007,PYW_S_2007,6,6,6,5,5.75,0.50000,16,63,.,16,16,0,3,.,16,0,.,.,.,.
2007,PYW,S,PYW_S,PYW_S_2007,PYW_S_2007,6,7,5,5,5.75,0.95743,16,63,.,3,16,16,0,.,38,3,.,.,.,.
2007,PYW,S,PYW_S,PYW_S_2007,PYW_S_2007,5,7,5,5,5.5,1.00000,16,63,.,16,16,38,0,.,38,0,.,.,.,.
2007,PYW,S,PYW_S,PYW_S_2007,PYW_S_2007,9,4,4,5,5.5,2.38048,0,38,.,63,0,0,0,.,63,0,.,.,.,.
2007,PYW,S,PYW_S,PYW_S_2007,PYW_S_2007,5,7,5,5,5.5,1.00000,16,38,.,0,3,63,0,.,3,0,.,.,.,.
2007,PYW,S,PYW_S,PYW_S_2007,PYW_S_2007,7,5,5,5,5.5,1.00000,3,86,.,16,16,3,0,.,38,0,.,.,.,.
2007,PYW,S,PYW_S,PYW_S_2007,PYW_S_2007,7,6,4,5,5.5,1.29099,16,38,.,16,63,16,0,.,0,0,.,.,.,.
2007,PYW,S,PYW_S,PYW_S_2007,PYW_S_2007,5,6,6,4,5.25,0.95743,16,63,.,0,16,16,0,.,3,16,.,.,.,.
2007,PYW,S,PYW_S,PYW_S_2007,PYW_S_2007,7,5,4,5,5.25,1.25831,38,63,.,3,3,3,16,.,63,0,.,.,.,.
2007,PYW,S,PYW_S,PYW_S_2007,PYW_S_2007,5,5,6,5,5.25,0.50000,16,16,.,63,3,3,0,.,3,0,.,.,.,.
2007,PYW,S,PYW_S,PYW_S_2007,PYW_S_2007,5,6,5,5,5.25,0.50000,0,63,.,3,63,16,0,.,38,0,.,.,.,.
2007,PYW,S,PYW_S,PYW_S_2007,PYW_S_2007,5,5,6,5,5.25,0.50000,86,16,.,0,3,3,0,.,16,3,.,.,.,.
2007,PYW,S,PYW_S,PYW_S_2007,PYW_S_2007,5,5,5,5,5,0.00000,38,63,.,16,3,3,0,.,16,3,.,.,.,.
2007,PYW,S,PYW_S,PYW_S_2007,PYW_S_2007,5,5,5,5,5,0.00000,63,38,.,16,0,16,0,.,16,0,.,.,.,.
2007,PYW,S,PYW_S,PYW_S_2007,PYW_S_2007,5,5,5,5,5,0.00000,16,3,.,3,63,38,0,.,16,0,.,.,.,.
2007,PYW,S,PYW_S,PYW_S_2007,PYW_S_2007,5,5,5,5,5,0.00000,16,63,.,3,38,16,0,.,38,0,.,.,.,.
2007,PYW,S,PYW_S,PYW_S_2007,PYW_S_2007,3,5,6,5,4.75,1.25831,3,63,.,38,16,3,0,.,3,0,.,.,.,.
2007,PYW,S,PYW_S,PYW_S_2007,PYW_S_2007,4,4,5,4,4.25,0.50000,3,38,.,3,3,38,0,.,0,16,.,.,.,.
2007,PYW,S,PYW_S,PYW_S_2007,PYW_S_2007,4,4,4,5,4.25,0.50000,0,38,.,3,63,38,0,.,16,16,.,.,.,.
2007,PYW,S,PYW_S,PYW_S_2007,PYW_S_2007,4,4,5,3,4,0.81650,16,38,.,3,3,63,0,.,3,3,.,.,.,.
2007,PYW,S,PYW_S,PYW_S_2007,PYW_S_2007,3,4,3,5,3.75,0.95743,16,38,.,16,16,16,0,.,16,0,.,.,.,.
2007,PYW,S,PYW_S,PYW_S_2007,PYW_S_2007,3,5,3,4,3.75,0.95743,16,63,.,0,3,16,0,.,16,3,.,.,.,.
2007,PYW,S,PYW_S,PYW_S_2007,PYW_S_2007,3,3,3,3,3,0.00000,3,38,.,38,3,16,0,.,16,0,.,.,.,.
2007,RCH2007,N,RCH2007_N,RCH2007_N_2007,RCH2007_N_2007,11,13,10,12,11.5,1.29099,0,63,.,3,38,0,16,.,38,0,.,.,.,.
2007,RCH2007,N,RCH2007_N,RCH2007_N_2007,RCH2007_N_2007,11,12,11,12,11.5,0.57735,0,0,.,86,38,0,16,.,16,0,.,.,.,.
2007,RCH2007,N,RCH2007_N,RCH2007_N_2007,RCH2007_N_2007,11,11,11,13,11.5,1.00000,0,0,.,86,16,0,38,.,38,0,.,.,.,.
2007,RCH2007,N,RCH2007_N,RCH2007_N_2007,RCH2007_N_2007,11,12,11,11,11.25,0.50000,0,16,.,38,38,0,38,.,16,0,.,.,.,.
2007,RCH2007,N,RCH2007_N,RCH2007_N_2007,RCH2007_N_2007,9,11,14,11,11.25,2.06155,0,3,.,16,0,0,63,.,63,0,.,.,.,.
2007,RCH2007,N,RCH2007_N,RCH2007_N_2007,RCH2007_N_2007,11,12,11,11,11.25,0.50000,0,63,.,0,38,0,38,.,16,0,.,.,.,.
2007,RCH2007,N,RCH2007_N,RCH2007_N_2007,RCH2007_N_2007,8,11,11,8,9.5,1.73205,3,16,.,38,38,0,16,.,63,0,.,.,.,.
2007,RCH2007,N,RCH2007_N,RCH2007_N_2007,RCH2007_N_2007,8,9,8,13,9.5,2.38048,0,3,.,86,0,0,16,.,38,0,.,.,.,.
2007,RCH2007,N,RCH2007_N,RCH2007_N_2007,RCH2007_N_2007,9,10,9,9,9.25,0.50000,0,0,.,63,3,0,63,.,63,0,.,.,.,.
2007,RCH2007,N,RCH2007_N,RCH2007_N_2007,RCH2007_N_2007,9,10,9,9,9.25,0.50000,0,38,.,63,3,0,0,.,63,0,.,.,.,.
2007,RCH2007,N,RCH2007_N,RCH2007_N_2007,RCH2007_N_2007,8,9,8,8,8.25,0.50000,0,63,.,38,3,0,0,.,38,0,.,.,.,.
2007,RCH2007,N,RCH2007_N,RCH2007_N_2007,RCH2007_N_2007,8,8,8,8,8,0.00000,0,86,.,16,0,0,16,.,16,0,.,.,.,.
2007,RCH2007,N,RCH2007_N,RCH2007_N_2007,RCH2007_N_2007,8,8,8,8,8,0.00000,0,63,.,38,16,0,0,.,38,0,.,.,.,.
2007,RCH2007,N,RCH2007_N,RCH2007_N_2007,RCH2007_N_2007,9,7,7,9,8,1.15470,0,16,.,86,38,0,0,.,38,0,.,.,.,.
2007,RCH2007,N,RCH2007_N,RCH2007_N_2007,RCH2007_N_2007,7,8,8,8,7.75,0.50000,0,86,.,0,16,0,0,.,63,0,.,.,.,.
2007,RCH2007,N,RCH2007_N,RCH2007_N_2007,RCH2007_N_2007,6,10,7,7,7.5,1.73205,0,38,.,63,0,0,0,.,63,0,.,.,.,.
2007,RCH2007,N,RCH2007_N,RCH2007_N_2007,RCH2007_N_2007,8,7,8,7,7.5,0.57735,0,3,.,86,0,0,0,.,63,0,.,.,.,.
2007,RCH2007,N,RCH2007_N,RCH2007_N_2007,RCH2007_N_2007,6,9,6,8,7.25,1.50000,0,98,.,0,0,0,0,.,38,0,.,.,.,.
2007,RCH2007,N,RCH2007_N,RCH2007_N_2007,RCH2007_N_2007,7,7,7,7,7,0.00000,0,63,.,38,16,0,0,.,63,0,.,.,.,.
2007,RCH2007,N,RCH2007_N,RCH2007_N_2007,RCH2007_N_2007,7,7,7,7,7,0.00000,0,16,.,86,0,0,0,.,38,0,.,.,.,.
2007,RCH2007,N,RCH2007_N,RCH2007_N_2007,RCH2007_N_2007,7,7,7,7,7,0.00000,0,0,.,86,16,0,0,.,86,0,.,.,.,.
2007,RCH2007,N,RCH2007_N,RCH2007_N_2007,RCH2007_N_2007,7,7,7,7,7,0.00000,0,98,.,3,3,0,0,.,16,0,.,.,.,.
2007,RCH2007,N,RCH2007_N,RCH2007_N_2007,RCH2007_N_2007,7,7,7,7,7,0.00000,0,63,.,38,0,0,0,.,38,0,.,.,.,.
2007,RCH2007,N,RCH2007_N,RCH2007_N_2007,RCH2007_N_2007,7,7,7,7,7,0.00000,0,63,.,16,0,0,16,.,63,0,.,.,.,.
2007,RCH2007,N,RCH2007_N,RCH2007_N_2007,RCH2007_N_2007,6,7,6,7,6.5,0.57735,3,3,.,86,16,0,0,.,63,0,.,.,.,.
2007,RCH2007,N,RCH2007_N,RCH2007_N_2007,RCH2007_N_2007,6,6,6,6,6,0.00000,0,86,.,3,0,0,0,.,63,0,.,.,.,.
2007,RCH2007,N,RCH2007_N,RCH2007_N_2007,RCH2007_N_2007,6,6,6,6,6,0.00000,3,86,.,16,3,0,0,.,63,0,.,.,.,.
2007,RCH2007,N,RCH2007_N,RCH2007_N_2007,RCH2007_N_2007,5,6,7,6,6,0.81650,0,86,.,3,3,0,0,.,63,0,.,.,.,.
2007,RCH2007,N,RCH2007_N,RCH2007_N_2007,RCH2007_N_2007,5,6,6,5,5.5,0.57735,0,86,.,3,3,0,0,.,63,0,.,.,.,.
2007,RCH2007,N,RCH2007_N,RCH2007_N_2007,RCH2007_N_2007,5,5,5,5,5,0.00000,0,86,.,3,3,0,0,.,63,0,.,.,.,.
2007,RCH2007,S,RCH2007_S,RCH2007_S_2007,RCH2007_S_2007,17,9,21,10,14.25,5.73730,0,0,.,63,63,0,3,.,63,0,.,.,.,.
2007,RCH2007,S,RCH2007_S,RCH2007_S_2007,RCH2007_S_2007,12,13,12,13,12.5,0.57735,0,38,.,98,0,0,0,.,16,0,.,.,.,.
2007,RCH2007,S,RCH2007_S,RCH2007_S_2007,RCH2007_S_2007,21,8,8,9,11.5,6.35085,0,16,.,86,3,0,3,.,63,0,.,.,.,.
2007,RCH2007,S,RCH2007_S,RCH2007_S_2007,RCH2007_S_2007,11,11,11,11,11,0.00000,0,0,.,98,0,0,0,.,38,16,.,.,.,.
2007,RCH2007,S,RCH2007_S,RCH2007_S_2007,RCH2007_S_2007,7,19,7,7,10,6.00000,0,86,.,3,3,0,0,.,38,0,.,.,.,.
2007,RCH2007,S,RCH2007_S,RCH2007_S_2007,RCH2007_S_2007,7,8,8,11,8.5,1.73205,0,3,.,86,3,0,0,.,63,0,.,.,.,.
2007,RCH2007,S,RCH2007_S,RCH2007_S_2007,RCH2007_S_2007,8,7,8,9,8,0.81650,0,16,.,63,0,0,16,.,63,0,.,.,.,.
2007,RCH2007,S,RCH2007_S,RCH2007_S_2007,RCH2007_S_2007,8,8,8,8,8,0.00000,0,38,.,63,3,0,0,.,63,0,.,.,.,.
2007,RCH2007,S,RCH2007_S,RCH2007_S_2007,RCH2007_S_2007,9,7,7,8,7.75,0.95743,0,63,.,3,3,0,16,.,86,0,.,.,.,.
2007,RCH2007,S,RCH2007_S,RCH2007_S_2007,RCH2007_S_2007,8,7,8,7,7.5,0.57735,0,63,.,0,38,0,0,.,86,0,.,.,.,.
2007,RCH2007,S,RCH2007_S,RCH2007_S_2007,RCH2007_S_2007,7,7,7,9,7.5,1.00000,0,86,.,0,3,0,0,.,63,0,.,.,.,.
2007,RCH2007,S,RCH2007_S,RCH2007_S_2007,RCH2007_S_2007,7,8,7,8,7.5,0.57735,0,98,.,3,3,0,0,.,63,0,.,.,.,.
2007,RCH2007,S,RCH2007_S,RCH2007_S_2007,RCH2007_S_2007,6,8,7,8,7.25,0.95743,0,86,.,3,38,0,0,.,38,0,.,.,.,.
2007,RCH2007,S,RCH2007_S,RCH2007_S_2007,RCH2007_S_2007,7,7,7,7,7,0.00000,0,16,.,86,3,0,0,.,86,0,.,.,.,.
2007,RCH2007,S,RCH2007_S,RCH2007_S_2007,RCH2007_S_2007,6,7,7,8,7,0.81650,0,63,.,0,3,0,0,.,86,0,.,.,.,.
2007,RCH2007,S,RCH2007_S,RCH2007_S_2007,RCH2007_S_2007,7,7,7,7,7,0.00000,0,63,.,16,3,0,0,.,63,0,.,.,.,.
2007,RCH2007,S,RCH2007_S,RCH2007_S_2007,RCH2007_S_2007,7,7,7,7,7,0.00000,0,63,.,3,3,0,3,.,86,0,.,.,.,.
2007,RCH2007,S,RCH2007_S,RCH2007_S_2007,RCH2007_S_2007,7,6,8,7,7,0.81650,0,16,.,63,16,0,0,.,38,0,.,.,.,.
2007,RCH2007,S,RCH2007_S,RCH2007_S_2007,RCH2007_S_2007,7,7,7,7,7,0.00000,0,86,.,16,0,0,0,.,58,0,.,.,.,.
2007,RCH2007,S,RCH2007_S,RCH2007_S_2007,RCH2007_S_2007,7,7,7,7,7,0.00000,0,98,.,0,0,0,0,.,38,0,.,.,.,.
2007,RCH2007,S,RCH2007_S,RCH2007_S_2007,RCH2007_S_2007,7,7,7,7,7,0.00000,0,63,.,16,0,0,0,.,63,0,.,.,.,.
2007,RCH2007,S,RCH2007_S,RCH2007_S_2007,RCH2007_S_2007,7,7,7,7,7,0.00000,0,98,.,3,0,0,0,.,63,0,.,.,.,.
2007,RCH2007,S,RCH2007_S,RCH2007_S_2007,RCH2007_S_2007,6,7,6,7,6.5,0.57735,0,63,.,38,3,0,0,.,63,0,.,.,.,.
2007,RCH2007,S,RCH2007_S,RCH2007_S_2007,RCH2007_S_2007,6,7,6,7,6.5,0.57735,0,86,.,0,3,0,0,.,63,0,.,.,.,.
2007,RCH2007,S,RCH2007_S,RCH2007_S_2007,RCH2007_S_2007,6,6,6,7,6.25,0.50000,0,86,.,0,16,0,0,.,63,0,.,.,.,.
2007,RCH2007,S,RCH2007_S,RCH2007_S_2007,RCH2007_S_2007,6,6,6,6,6,0.00000,0,3,.,86,0,0,0,.,63,0,.,.,.,.
2007,RCH2007,S,RCH2007_S,RCH2007_S_2007,RCH2007_S_2007,6,6,6,6,6,0.00000,0,63,.,0,0,0,3,.,86,0,.,.,.,.
2007,RCH2007,S,RCH2007_S,RCH2007_S_2007,RCH2007_S_2007,6,6,6,6,6,0.00000,0,86,.,3,3,0,0,.,63,0,.,.,.,.
2007,RCH2007,S,RCH2007_S,RCH2007_S_2007,RCH2007_S_2007,6,6,6,6,6,0.00000,0,63,.,63,3,0,0,.,63,0,.,.,.,.
2007,RCH2007,S,RCH2007_S,RCH2007_S_2007,RCH2007_S_2007,5,5,5,5,5,0.00000,0,86,.,0,3,0,0,.,63,0,.,.,.,.
2007,RCH2007,W,RCH2007_W,RCH2007_W_2007,RCH2007_W_2007,11,12,10,9,10.5,1.29099,38,16,.,16,38,0,38,.,98,0,.,.,.,.
2007,RCH2007,W,RCH2007_W,RCH2007_W_2007,RCH2007_W_2007,6,6,4,6,5.5,1.00000,63,0,.,16,63,3,3,.,3,0,.,.,.,.
2007,RCH2007,W,RCH2007_W,RCH2007_W_2007,RCH2007_W_2007,10,3,4,4,5.25,3.20156,3,16,.,63,38,0,38,.,98,0,.,.,.,.
2007,RCH2007,W,RCH2007_W,RCH2007_W_2007,RCH2007_W_2007,5,4,7,3,4.75,1.70783,16,38,.,3,38,0,0,.,98,0,.,.,.,.
2007,RCH2007,W,RCH2007_W,RCH2007_W_2007,RCH2007_W_2007,5,4,4,5,4.5,0.57735,3,16,.,63,0,0,0,.,86,3,.,.,.,.
2007,RCH2007,W,RCH2007_W,RCH2007_W_2007,RCH2007_W_2007,4,5,4,5,4.5,0.57735,3,16,.,86,16,0,0,.,98,0,.,.,.,.
2007,RCH2007,W,RCH2007_W,RCH2007_W_2007,RCH2007_W_2007,4,5,4,4,4.25,0.50000,16,38,.,16,63,0,3,.,98,0,.,.,.,.
2007,RCH2007,W,RCH2007_W,RCH2007_W_2007,RCH2007_W_2007,4,5,3,5,4.25,0.95743,0,16,.,86,3,0,86,.,98,0,.,.,.,.
2007,RCH2007,W,RCH2007_W,RCH2007_W_2007,RCH2007_W_2007,4,4,4,4,4,0.00000,16,63,.,16,16,0,0,.,86,0,.,.,.,.
2007,RCH2007,W,RCH2007_W,RCH2007_W_2007,RCH2007_W_2007,4,4,2,6,4,1.63299,3,0,.,63,38,0,0,.,63,0,.,.,.,.
2007,RCH2007,W,RCH2007_W,RCH2007_W_2007,RCH2007_W_2007,5,4,4,3,4,0.81650,0,3,.,86,3,3,0,.,63,3,.,.,.,.
2007,RCH2007,W,RCH2007_W,RCH2007_W_2007,RCH2007_W_2007,3,4,4,4,3.75,0.50000,3,63,.,16,16,0,3,.,86,3,.,.,.,.
2007,RCH2007,W,RCH2007_W,RCH2007_W_2007,RCH2007_W_2007,3,4,5,3,3.75,0.95743,0,86,.,16,0,0,3,.,63,3,.,.,.,.
2007,RCH2007,W,RCH2007_W,RCH2007_W_2007,RCH2007_W_2007,4,4,2,5,3.75,1.25831,3,38,.,16,0,0,0,.,86,0,.,.,.,.
2007,RCH2007,W,RCH2007_W,RCH2007_W_2007,RCH2007_W_2007,4,4,3,3,3.5,0.57735,3,3,.,63,0,0,0,.,98,0,.,.,.,.
2007,RCH2007,W,RCH2007_W,RCH2007_W_2007,RCH2007_W_2007,4,4,2,4,3.5,1.00000,3,63,.,16,16,0,0,.,98,0,.,.,.,.
2007,RCH2007,W,RCH2007_W,RCH2007_W_2007,RCH2007_W_2007,3,3,3,3,3,0.00000,38,63,.,16,16,0,0,.,86,0,.,.,.,.
2007,RCH2007,W,RCH2007_W,RCH2007_W_2007,RCH2007_W_2007,4,4,2,2,3,1.15470,3,16,.,38,3,0,3,.,98,0,.,.,.,.
2007,RCH2007,W,RCH2007_W,RCH2007_W_2007,RCH2007_W_2007,4,3,3,2,3,0.81650,16,63,.,3,3,3,0,.,38,3,.,.,.,.
2007,RCH2007,W,RCH2007_W,RCH2007_W_2007,RCH2007_W_2007,5,2,2,3,3,1.41421,3,38,.,38,3,0,0,.,98,0,.,.,.,.
2007,RCH2007,W,RCH2007_W,RCH2007_W_2007,RCH2007_W_2007,4,3,2,3,3,0.81650,3,86,.,16,16,0,0,.,98,0,.,.,.,.
2007,RCH2007,W,RCH2007_W,RCH2007_W_2007,RCH2007_W_2007,3,3,2,3,2.75,0.50000,16,63,.,63,16,0,0,.,86,0,.,.,.,.
2007,RCH2007,W,RCH2007_W,RCH2007_W_2007,RCH2007_W_2007,2,3,4,2,2.75,0.95743,16,38,.,38,16,0,0,.,86,0,.,.,.,.
2007,RCH2007,W,RCH2007_W,RCH2007_W_2007,RCH2007_W_2007,3,2,2,4,2.75,0.95743,16,63,.,16,0,0,0,.,98,0,.,.,.,.
2007,RCH2007,W,RCH2007_W,RCH2007_W_2007,RCH2007_W_2007,3,3,3,2,2.75,0.50000,16,63,.,38,16,0,0,.,86,0,.,.,.,.
2007,RCH2007,W,RCH2007_W,RCH2007_W_2007,RCH2007_W_2007,3,3,1,3,2.5,1.00000,3,63,.,16,16,0,0,.,86,0,.,.,.,.
2007,RCH2007,W,RCH2007_W,RCH2007_W_2007,RCH2007_W_2007,2,2,4,2,2.5,1.00000,38,38,.,3,3,0,0,.,98,0,.,.,.,.
2007,RCH2007,W,RCH2007_W,RCH2007_W_2007,RCH2007_W_2007,2,5,1,2,2.5,1.73205,63,16,.,3,16,0,0,.,98,0,.,.,.,.
2007,RCH2007,W,RCH2007_W,RCH2007_W_2007,RCH2007_W_2007,2,2,3,2,2.25,0.50000,16,63,.,16,3,0,0,.,86,0,.,.,.,.
2007,RCH2007,W,RCH2007_W,RCH2007_W_2007,RCH2007_W_2007,4,2,2,1,2.25,1.25831,3,63,.,16,0,0,0,.,98,0,.,.,.,.
2007,RIN,S,RIN_S,RIN_S_2007,RIN_S_2007,13,14,13,13,13.25,0.50000,0,0,.,0,98,0,0,.,86,0,.,.,.,.
2007,RIN,S,RIN_S,RIN_S_2007,RIN_S_2007,12,13,13,14,13,0.81650,38,0,.,0,86,0,38,.,63,3,.,.,.,.
2007,RIN,S,RIN_S,RIN_S_2007,RIN_S_2007,12,14,12,10,12,1.63299,38,0,.,0,86,0,16,.,86,3,.,.,.,.
2007,RIN,S,RIN_S,RIN_S_2007,RIN_S_2007,12,12,12,12,12,0.00000,0,0,.,63,63,0,0,.,86,0,.,.,.,.
2007,RIN,S,RIN_S,RIN_S_2007,RIN_S_2007,10,10,10,10,10,0.00000,0,0,.,63,38,0,38,.,86,0,.,.,.,.
2007,RIN,S,RIN_S,RIN_S_2007,RIN_S_2007,9,9,8,9,8.75,0.50000,98,0,.,3,3,0,0,.,86,0,.,.,.,.
2007,RIN,S,RIN_S,RIN_S_2007,RIN_S_2007,8,8,8,10,8.5,1.00000,98,0,.,3,16,0,0,.,63,0,.,.,.,.
2007,RIN,S,RIN_S,RIN_S_2007,RIN_S_2007,8,8,8,8,8,0.00000,86,0,.,0,38,0,0,.,86,0,.,.,.,.
2007,RIN,S,RIN_S,RIN_S_2007,RIN_S_2007,8,7,8,7,7.5,0.57735,86,0,.,0,38,0,0,.,63,0,.,.,.,.
2007,RIN,S,RIN_S,RIN_S_2007,RIN_S_2007,6,9,7,7,7.25,1.25831,63,0,.,3,38,0,38,.,86,0,.,.,.,.
2007,RIN,S,RIN_S,RIN_S_2007,RIN_S_2007,7,7,7,8,7.25,0.50000,86,0,.,3,16,0,0,.,63,0,.,.,.,.
2007,RIN,S,RIN_S,RIN_S_2007,RIN_S_2007,7,7,7,7,7,0.00000,86,0,.,3,38,0,0,.,63,0,.,.,.,.
2007,RIN,S,RIN_S,RIN_S_2007,RIN_S_2007,7,7,7,7,7,0.00000,86,0,.,0,0,0,0,.,63,0,.,.,.,.
2007,RIN,S,RIN_S,RIN_S_2007,RIN_S_2007,7,7,7,7,7,0.00000,86,0,.,0,38,0,0,.,63,0,.,.,.,.
2007,RIN,S,RIN_S,RIN_S_2007,RIN_S_2007,6,7,7,7,6.75,0.50000,86,0,.,0,38,0,0,.,86,0,.,.,.,.
2007,RIN,S,RIN_S,RIN_S_2007,RIN_S_2007,6,6,6,6,6,0.00000,63,0,.,38,3,0,0,.,63,0,.,.,.,.
2007,RIN,S,RIN_S,RIN_S_2007,RIN_S_2007,6,6,6,6,6,0.00000,63,0,.,16,63,0,0,.,63,0,.,.,.,.
2007,RIN,S,RIN_S,RIN_S_2007,RIN_S_2007,6,6,6,6,6,0.00000,86,0,.,16,16,0,0,.,63,0,.,.,.,.
2007,RIN,S,RIN_S,RIN_S_2007,RIN_S_2007,5,7,6,4,5.5,1.29099,63,0,.,0,38,0,0,.,86,0,.,.,.,.
2007,RIN,S,RIN_S,RIN_S_2007,RIN_S_2007,4,6,5,6,5.25,0.95743,86,0,.,0,16,0,0,.,86,0,.,.,.,.
2007,RIN,S,RIN_S,RIN_S_2007,RIN_S_2007,5,5,5,5,5,0.00000,63,0,.,0,38,0,0,.,86,0,.,.,.,.
2007,RIN,S,RIN_S,RIN_S_2007,RIN_S_2007,4,5,5,4,4.5,0.57735,63,0,.,0,38,0,38,.,86,0,.,.,.,.
2007,RIN,S,RIN_S,RIN_S_2007,RIN_S_2007,4,5,5,3,4.25,0.95743,86,0,.,0,38,0,0,.,63,16,.,.,.,.
2007,RIN,S,RIN_S,RIN_S_2007,RIN_S_2007,2,5,3,5,3.75,1.50000,86,0,.,0,38,0,0,.,86,0,.,.,.,.
2007,RIN,S,RIN_S,RIN_S_2007,RIN_S_2007,3,5,3,4,3.75,0.95743,86,0,.,0,38,0,0,.,63,3,.,.,.,.
2007,RIN,S,RIN_S,RIN_S_2007,RIN_S_2007,3,4,2,3,3,0.81650,63,0,.,0,38,0,0,.,63,3,.,.,.,.
2007,RIN,S,RIN_S,RIN_S_2007,RIN_S_2007,3,3,3,3,3,0.00000,63,0,.,0,16,0,0,.,63,16,.,.,.,.
2007,RIN,S,RIN_S,RIN_S_2007,RIN_S_2007,2,3,3,4,3,0.81650,38,0,.,0,16,0,0,.,86,3,.,.,.,.
2007,RIN,S,RIN_S,RIN_S_2007,RIN_S_2007,2,2,4,3,2.75,0.95743,38,0,.,0,38,0,0,.,86,0,.,.,.,.
2007,RIN,S,RIN_S,RIN_S_2007,RIN_S_2007,2,3,2,3,2.5,0.57735,38,0,.,0,38,0,0,.,86,3,.,.,.,.
2007,RIS,C,RIS_C,RIS_C_2007,RIS_C_2007,21,11,11,10,13.25,5.18813,0,0,.,16,38,0,38,.,16,0,.,.,.,.
2007,RIS,C,RIS_C,RIS_C_2007,RIS_C_2007,5,13,21,6,11.25,7.41058,0,38,.,63,3,0,3,.,63,0,.,.,.,.
2007,RIS,C,RIS_C,RIS_C_2007,RIS_C_2007,9,13,11,12,11.25,1.70783,0,0,.,86,16,0,16,.,3,0,.,.,.,.
2007,RIS,C,RIS_C,RIS_C_2007,RIS_C_2007,10,11,10,10,10.25,0.50000,0,0,.,63,38,16,16,.,3,0,.,.,.,.
2007,RIS,C,RIS_C,RIS_C_2007,RIS_C_2007,9,7,8,15,9.75,3.59398,16,0,.,16,63,38,16,.,16,3,.,.,.,.
2007,RIS,C,RIS_C,RIS_C_2007,RIS_C_2007,7,5,21,5,9.5,7.72442,0,38,.,16,3,16,0,.,16,16,.,.,.,.
2007,RIS,C,RIS_C,RIS_C_2007,RIS_C_2007,7,9,9,8,8.25,0.95743,3,0,.,0,63,38,38,.,16,0,.,.,.,.
2007,RIS,C,RIS_C,RIS_C_2007,RIS_C_2007,7,9,7,7,7.5,1.00000,0,38,.,63,38,16,3,.,16,38,.,.,.,.
2007,RIS,C,RIS_C,RIS_C_2007,RIS_C_2007,7,9,7,7,7.5,1.00000,0,98,.,3,3,3,0,.,16,0,.,.,.,.
2007,RIS,C,RIS_C,RIS_C_2007,RIS_C_2007,7,7,9,7,7.5,1.00000,0,86,.,3,16,3,16,.,38,0,.,.,.,.
2007,RIS,C,RIS_C,RIS_C_2007,RIS_C_2007,8,7,8,5,7,1.41421,3,38,.,3,38,16,0,.,38,0,.,.,.,.
2007,RIS,C,RIS_C,RIS_C_2007,RIS_C_2007,6,7,7,7,6.75,0.50000,0,16,.,38,86,16,3,.,38,0,.,.,.,.
2007,RIS,C,RIS_C,RIS_C_2007,RIS_C_2007,5,6,9,6,6.5,1.73205,3,63,.,16,38,16,3,.,3,0,.,.,.,.
2007,RIS,C,RIS_C,RIS_C_2007,RIS_C_2007,7,6,6,7,6.5,0.57735,16,0,.,16,38,16,0,.,16,3,.,.,.,.
2007,RIS,C,RIS_C,RIS_C_2007,RIS_C_2007,5,5,7,5,5.5,1.00000,0,86,.,16,3,3,0,.,16,0,.,.,.,.
2007,RIS,C,RIS_C,RIS_C_2007,RIS_C_2007,6,5,5,5,5.25,0.50000,16,3,.,3,16,38,0,.,3,16,.,.,.,.
2007,RIS,C,RIS_C,RIS_C_2007,RIS_C_2007,6,5,5,5,5.25,0.50000,16,38,.,38,16,63,0,.,3,0,.,.,.,.
2007,RIS,C,RIS_C,RIS_C_2007,RIS_C_2007,5,5,6,5,5.25,0.50000,0,86,.,3,3,16,0,.,16,0,.,.,.,.
2007,RIS,C,RIS_C,RIS_C_2007,RIS_C_2007,6,5,5,5,5.25,0.50000,86,3,.,3,38,0,0,.,38,0,.,.,.,.
2007,RIS,C,RIS_C,RIS_C_2007,RIS_C_2007,5,5,5,5,5,0.00000,16,0,.,38,63,3,16,.,3,0,.,.,.,.
2007,RIS,C,RIS_C,RIS_C_2007,RIS_C_2007,5,5,5,5,5,0.00000,0,86,.,16,3,3,0,.,16,16,.,.,.,.
2007,RIS,C,RIS_C,RIS_C_2007,RIS_C_2007,5,4,4,4,4.25,0.50000,3,86,.,0,3,16,0,.,38,0,.,.,.,.
2007,RIS,C,RIS_C,RIS_C_2007,RIS_C_2007,4,4,5,4,4.25,0.50000,63,16,.,0,16,3,0,.,38,0,.,.,.,.
2007,RIS,C,RIS_C,RIS_C_2007,RIS_C_2007,5,3,4,3,3.75,0.95743,38,0,.,3,3,16,16,.,38,0,.,.,.,.
2007,RIS,C,RIS_C,RIS_C_2007,RIS_C_2007,3,4,4,3,3.5,0.57735,16,3,.,16,38,38,0,.,16,16,.,.,.,.
2007,RIS,C,RIS_C,RIS_C_2007,RIS_C_2007,2,5,2,5,3.5,1.73205,16,0,.,38,38,16,3,.,3,16,.,.,.,.
2007,RIS,C,RIS_C,RIS_C_2007,RIS_C_2007,3,3,3,3,3,0.00000,3,16,.,16,16,38,0,.,16,16,.,.,.,.
2007,RIS,C,RIS_C,RIS_C_2007,RIS_C_2007,3,3,3,3,3,0.00000,38,0,.,16,3,38,0,.,38,3,.,.,.,.
2007,RIS,C,RIS_C,RIS_C_2007,RIS_C_2007,3,3,3,3,3,0.00000,63,3,.,16,38,3,0,.,16,0,.,.,.,.
2007,RIS,C,RIS_C,RIS_C_2007,RIS_C_2007,2,2,2,2,2,0.00000,38,0,.,16,38,16,0,.,16,16,.,.,.,.
2007,RIS,N,RIS_N,RIS_N_2007,RIS_N_2007,6,6,21,18,12.75,7.88987,3,63,.,38,16,0,3,.,16,0,.,.,.,.
2007,RIS,N,RIS_N,RIS_N_2007,RIS_N_2007,5,14,7,13,9.75,4.42531,0,3,.,38,38,0,38,.,0,0,.,.,.,.
2007,RIS,N,RIS_N,RIS_N_2007,RIS_N_2007,10,8,7,9,8.5,1.29099,3,0,.,38,3,3,63,.,3,3,.,.,.,.
2007,RIS,N,RIS_N,RIS_N_2007,RIS_N_2007,11,5,13,5,8.5,4.12311,0,63,.,38,3,0,16,.,16,0,.,.,.,.
2007,RIS,N,RIS_N,RIS_N_2007,RIS_N_2007,7,7,7,11,8,2.00000,3,3,.,38,63,16,3,.,16,0,.,.,.,.
2007,RIS,N,RIS_N,RIS_N_2007,RIS_N_2007,13,5,5,7,7.5,3.78594,0,16,.,86,63,3,0,.,0,0,.,.,.,.
2007,RIS,N,RIS_N,RIS_N_2007,RIS_N_2007,6,7,7,10,7.5,1.73205,0,0,.,38,63,16,16,.,3,0,.,.,.,.
2007,RIS,N,RIS_N,RIS_N_2007,RIS_N_2007,5,6,5,13,7.25,3.86221,0,0,.,86,38,0,0,.,3,0,.,.,.,.
2007,RIS,N,RIS_N,RIS_N_2007,RIS_N_2007,6,7,8,8,7.25,0.95743,3,3,.,38,63,38,0,.,3,0,.,.,.,.
2007,RIS,N,RIS_N,RIS_N_2007,RIS_N_2007,7,7,7,7,7,0.00000,0,86,.,38,3,3,0,.,16,3,.,.,.,.
2007,RIS,N,RIS_N,RIS_N_2007,RIS_N_2007,7,7,7,7,7,0.00000,0,0,.,38,3,0,63,.,3,3,.,.,.,.
2007,RIS,N,RIS_N,RIS_N_2007,RIS_N_2007,7,5,10,5,6.75,2.36291,0,16,.,86,3,3,0,.,3,3,.,.,.,.
2007,RIS,N,RIS_N,RIS_N_2007,RIS_N_2007,6,9,5,5,6.25,1.89297,0,3,.,63,38,16,0,.,3,16,.,.,.,.
2007,RIS,N,RIS_N,RIS_N_2007,RIS_N_2007,6,6,6,6,6,0.00000,0,63,.,38,3,16,0,.,3,3,.,.,.,.
2007,RIS,N,RIS_N,RIS_N_2007,RIS_N_2007,5,6,5,5,5.25,0.50000,16,63,.,16,38,3,0,.,16,0,.,.,.,.
2007,RIS,N,RIS_N,RIS_N_2007,RIS_N_2007,5,5,6,5,5.25,0.50000,0,86,.,3,16,3,0,.,0,16,.,.,.,.
2007,RIS,N,RIS_N,RIS_N_2007,RIS_N_2007,5,5,5,5,5,0.00000,0,86,.,3,16,3,0,.,38,16,.,.,.,.
2007,RIS,N,RIS_N,RIS_N_2007,RIS_N_2007,5,5,5,5,5,0.00000,3,63,.,3,3,3,0,.,38,3,.,.,.,.
2007,RIS,N,RIS_N,RIS_N_2007,RIS_N_2007,5,5,5,5,5,0.00000,0,86,.,16,16,3,16,.,0,0,.,.,.,.
2007,RIS,N,RIS_N,RIS_N_2007,RIS_N_2007,5,5,5,5,5,0.00000,0,86,.,16,16,16,0,.,16,0,.,.,.,.
2007,RIS,N,RIS_N,RIS_N_2007,RIS_N_2007,5,5,5,5,5,0.00000,0,86,.,3,3,16,0,.,3,0,.,.,.,.
2007,RIS,N,RIS_N,RIS_N_2007,RIS_N_2007,5,5,5,5,5,0.00000,0,86,.,3,3,3,0,.,3,3,.,.,.,.
2007,RIS,N,RIS_N,RIS_N_2007,RIS_N_2007,3,5,3,7,4.5,1.91485,0,16,.,86,16,0,3,.,3,0,.,.,.,.
2007,RIS,N,RIS_N,RIS_N_2007,RIS_N_2007,4,6,4,4,4.5,1.00000,0,3,.,63,63,0,0,.,3,16,.,.,.,.
2007,RIS,N,RIS_N,RIS_N_2007,RIS_N_2007,4,4,4,5,4.25,0.50000,3,86,.,0,3,3,3,.,3,16,.,.,.,.
2007,RIS,N,RIS_N,RIS_N_2007,RIS_N_2007,3,5,3,5,4,1.15470,3,3,.,16,16,16,16,.,3,16,.,.,.,.
2007,RIS,N,RIS_N,RIS_N_2007,RIS_N_2007,3,4,4,3,3.5,0.57735,0,16,.,3,16,3,3,.,3,38,.,.,.,.
2007,RIS,N,RIS_N,RIS_N_2007,RIS_N_2007,3,3,3,3,3,0.00000,0,63,.,0,3,3,0,.,3,38,.,.,.,.
2007,RIS,N,RIS_N,RIS_N_2007,RIS_N_2007,3,3,3,3,3,0.00000,0,63,.,38,3,16,0,.,3,16,.,.,.,.
2007,RIS,N,RIS_N,RIS_N_2007,RIS_N_2007,1,1,1,6,2.25,2.50000,0,3,.,16,3,38,0,.,3,38,.,.,.,.
2007,RIS,S,RIS_S,RIS_S_2007,RIS_S_2007,7,9,10,9,8.75,1.25831,0,63,.,16,63,16,0,.,16,0,.,.,.,.
2007,RIS,S,RIS_S,RIS_S_2007,RIS_S_2007,5,17,6,4,8,6.05530,0,38,.,16,16,16,0,.,16,16,.,.,.,.
2007,RIS,S,RIS_S,RIS_S_2007,RIS_S_2007,7,7,7,7,7,0.00000,16,16,.,3,38,3,38,.,16,3,.,.,.,.
2007,RIS,S,RIS_S,RIS_S_2007,RIS_S_2007,6,7,6,7,6.5,0.57735,3,0,.,16,38,16,38,.,38,16,.,.,.,.
2007,RIS,S,RIS_S,RIS_S_2007,RIS_S_2007,7,6,7,5,6.25,0.95743,0,86,.,3,3,3,3,.,3,16,.,.,.,.
2007,RIS,S,RIS_S,RIS_S_2007,RIS_S_2007,5,6,5,5,5.25,0.50000,0,86,.,16,16,0,0,.,16,16,.,.,.,.
2007,RIS,S,RIS_S,RIS_S_2007,RIS_S_2007,6,5,5,5,5.25,0.50000,0,86,.,38,3,0,0,.,16,0,.,.,.,.
2007,RIS,S,RIS_S,RIS_S_2007,RIS_S_2007,5,5,5,5,5,0.00000,38,16,.,3,38,3,0,.,3,16,.,.,.,.
2007,RIS,S,RIS_S,RIS_S_2007,RIS_S_2007,5,4,5,6,5,0.81650,3,63,.,16,16,3,0,.,16,3,.,.,.,.
2007,RIS,S,RIS_S,RIS_S_2007,RIS_S_2007,5,5,5,4,4.75,0.50000,16,38,.,3,16,16,3,.,16,16,.,.,.,.
2007,RIS,S,RIS_S,RIS_S_2007,RIS_S_2007,6,4,5,4,4.75,0.95743,16,3,.,16,3,3,16,.,16,16,.,.,.,.
2007,RIS,S,RIS_S,RIS_S_2007,RIS_S_2007,4,5,5,4,4.5,0.57735,0,86,.,3,3,3,0,.,16,0,.,.,.,.
2007,RIS,S,RIS_S,RIS_S_2007,RIS_S_2007,4,4,5,4,4.25,0.50000,63,16,.,38,3,3,0,.,38,0,.,.,.,.
2007,RIS,S,RIS_S,RIS_S_2007,RIS_S_2007,4,4,4,5,4.25,0.50000,3,63,.,3,16,16,0,.,3,16,.,.,.,.
2007,RIS,S,RIS_S,RIS_S_2007,RIS_S_2007,4,4,4,4,4,0.00000,0,38,.,16,16,0,3,.,38,16,.,.,.,.
2007,RIS,S,RIS_S,RIS_S_2007,RIS_S_2007,4,4,4,4,4,0.00000,38,63,.,3,16,16,0,.,16,16,.,.,.,.
2007,RIS,S,RIS_S,RIS_S_2007,RIS_S_2007,3,3,4,6,4,1.41421,0,16,.,63,16,38,16,.,0,3,.,.,.,.
2007,RIS,S,RIS_S,RIS_S_2007,RIS_S_2007,3,5,5,3,4,1.15470,3,38,.,38,16,3,0,.,16,3,.,.,.,.
2007,RIS,S,RIS_S,RIS_S_2007,RIS_S_2007,2,5,6,2,3.75,2.06155,3,3,.,38,16,38,0,.,16,16,.,.,.,.
2007,RIS,S,RIS_S,RIS_S_2007,RIS_S_2007,2,3,6,3,3.5,1.73205,3,0,.,16,3,38,0,.,16,38,.,.,.,.
2007,RIS,S,RIS_S,RIS_S_2007,RIS_S_2007,3,4,3,4,3.5,0.57735,38,0,.,38,16,3,0,.,16,38,.,.,.,.
2007,RIS,S,RIS_S,RIS_S_2007,RIS_S_2007,3,4,4,3,3.5,0.57735,63,0,.,16,3,16,0,.,3,0,.,.,.,.
2007,RIS,S,RIS_S,RIS_S_2007,RIS_S_2007,3,3,3,4,3.25,0.50000,0,3,.,63,38,38,0,.,3,3,.,.,.,.
2007,RIS,S,RIS_S,RIS_S_2007,RIS_S_2007,3,3,3,3,3,0.00000,0,38,.,63,3,3,0,.,0,38,.,.,.,.
2007,RIS,S,RIS_S,RIS_S_2007,RIS_S_2007,3,3,3,3,3,0.00000,0,38,.,0,0,3,0,.,0,63,.,.,.,.
2007,RIS,S,RIS_S,RIS_S_2007,RIS_S_2007,3,3,3,3,3,0.00000,0,86,.,0,3,3,0,.,16,38,.,.,.,.
2007,RIS,S,RIS_S,RIS_S_2007,RIS_S_2007,3,3,3,3,3,0.00000,38,3,.,3,16,16,0,.,3,16,.,.,.,.
2007,RIS,S,RIS_S,RIS_S_2007,RIS_S_2007,2,2,3,3,2.5,0.57735,3,0,.,16,3,0,0,.,16,63,.,.,.,.
2007,RIS,S,RIS_S,RIS_S_2007,RIS_S_2007,1,1,1,1,1,0.00000,3,3,.,16,3,16,0,.,16,63,.,.,.,.
2007,RIS,S,RIS_S,RIS_S_2007,RIS_S_2007,1,1,1,1,1,0.00000,0,3,.,38,16,0,0,.,3,63,.,.,.,.
2007,STE,N,STE_N,STE_N_2007,STE_N_2007,8,9,9,9,8.75,0.50000,16,16,.,16,86,3,0,.,38,0,.,.,.,.
2007,STE,N,STE_N,STE_N_2007,STE_N_2007,7,7,7,7,7,0.00000,0,98,.,16,0,3,0,.,3,0,.,.,.,.
2007,STE,N,STE_N,STE_N_2007,STE_N_2007,8,6,7,6,6.75,0.95743,0,86,.,38,3,16,0,.,3,3,.,.,.,.
2007,STE,N,STE_N,STE_N_2007,STE_N_2007,6,7,7,7,6.75,0.50000,0,86,.,3,38,3,0,.,3,0,.,.,.,.
2007,STE,N,STE_N,STE_N_2007,STE_N_2007,5,7,6,7,6.25,0.95743,0,86,.,16,3,16,0,.,16,0,.,.,.,.
2007,STE,N,STE_N,STE_N_2007,STE_N_2007,7,5,6,6,6,0.81650,0,38,.,63,3,38,0,.,16,0,.,.,.,.
2007,STE,N,STE_N,STE_N_2007,STE_N_2007,7,5,5,6,5.75,0.95743,0,38,.,63,3,3,0,.,3,0,.,.,.,.
2007,STE,N,STE_N,STE_N_2007,STE_N_2007,6,5,5,6,5.5,0.57735,0,3,.,63,3,38,0,.,3,3,.,.,.,.
2007,STE,N,STE_N,STE_N_2007,STE_N_2007,6,6,5,5,5.5,0.57735,0,16,.,63,16,3,0,.,16,3,.,.,.,.
2007,STE,N,STE_N,STE_N_2007,STE_N_2007,5,6,5,5,5.25,0.50000,0,63,.,38,3,16,0,.,16,0,.,.,.,.
2007,STE,N,STE_N,STE_N_2007,STE_N_2007,6,5,5,5,5.25,0.50000,0,63,.,63,3,3,0,.,3,0,.,.,.,.
2007,STE,N,STE_N,STE_N_2007,STE_N_2007,5,5,5,5,5,0.00000,0,63,.,38,3,16,0,.,38,3,.,.,.,.
2007,STE,N,STE_N,STE_N_2007,STE_N_2007,4,6,5,5,5,0.81650,38,16,.,16,3,16,0,.,3,3,.,.,.,.
2007,STE,N,STE_N,STE_N_2007,STE_N_2007,5,5,5,5,5,0.00000,63,0,.,0,16,16,0,.,16,3,.,.,.,.
2007,STE,N,STE_N,STE_N_2007,STE_N_2007,5,5,5,5,5,0.00000,0,0,.,98,3,3,0,.,16,0,.,.,.,.
2007,STE,N,STE_N,STE_N_2007,STE_N_2007,4,6,5,5,5,0.81650,16,38,.,63,3,3,0,.,16,0,.,.,.,.
2007,STE,N,STE_N,STE_N_2007,STE_N_2007,5,4,5,5,4.75,0.50000,0,16,.,63,3,38,0,.,3,3,.,.,.,.
2007,STE,N,STE_N,STE_N_2007,STE_N_2007,4,4,5,5,4.5,0.57735,0,63,.,3,3,16,0,.,16,3,.,.,.,.
2007,STE,N,STE_N,STE_N_2007,STE_N_2007,4,5,5,4,4.5,0.57735,0,38,.,38,3,38,0,.,16,0,.,.,.,.
2007,STE,N,STE_N,STE_N_2007,STE_N_2007,4,4,5,4,4.25,0.50000,0,86,.,38,3,16,0,.,3,0,.,.,.,.
2007,STE,N,STE_N,STE_N_2007,STE_N_2007,4,4,5,4,4.25,0.50000,0,0,.,38,3,63,0,.,16,0,.,.,.,.
2007,STE,N,STE_N,STE_N_2007,STE_N_2007,3,4,5,3,3.75,0.95743,0,3,.,38,16,16,0,.,3,3,.,.,.,.
2007,STE,N,STE_N,STE_N_2007,STE_N_2007,3,4,4,4,3.75,0.50000,0,38,.,38,3,3,0,.,16,0,.,.,.,.
2007,STE,N,STE_N,STE_N_2007,STE_N_2007,5,3,3,4,3.75,0.95743,0,16,.,63,3,38,0,.,3,16,.,.,.,.
2007,STE,N,STE_N,STE_N_2007,STE_N_2007,4,4,4,3,3.75,0.50000,0,3,.,38,3,63,0,.,3,0,.,.,.,.
2007,STE,N,STE_N,STE_N_2007,STE_N_2007,4,3,3,5,3.75,0.95743,16,16,.,3,16,38,0,.,16,3,.,.,.,.
2007,STE,N,STE_N,STE_N_2007,STE_N_2007,3,4,4,3,3.5,0.57735,0,63,.,16,3,38,0,.,3,0,.,.,.,.
2007,STE,N,STE_N,STE_N_2007,STE_N_2007,4,3,4,3,3.5,0.57735,16,63,.,3,3,16,0,.,16,3,.,.,.,.
2007,STE,N,STE_N,STE_N_2007,STE_N_2007,3,3,3,3,3,0.00000,0,16,.,16,16,38,0,.,3,16,.,.,.,.
2007,STE,N,STE_N,STE_N_2007,STE_N_2007,2,3,2,2,2.25,0.50000,0,3,.,16,38,38,0,.,3,16,.,.,.,.
2007,STE,S,STE_S,STE_S_2007,STE_S_2007,9,9,9,9,9,0.00000,0,0,.,98,3,3,0,.,3,0,.,.,.,.
2007,STE,S,STE_S,STE_S_2007,STE_S_2007,9,6,9,9,8.25,1.50000,0,16,.,86,3,16,0,.,3,0,.,.,.,.
2007,STE,S,STE_S,STE_S_2007,STE_S_2007,6,10,7,10,8.25,2.06155,0,38,.,86,3,0,0,.,3,0,.,.,.,.
2007,STE,S,STE_S,STE_S_2007,STE_S_2007,8,8,8,9,8.25,0.50000,0,98,.,3,16,3,0,.,16,0,.,.,.,.
2007,STE,S,STE_S,STE_S_2007,STE_S_2007,8,8,8,8,8,0.00000,0,63,.,38,3,0,0,.,16,0,.,.,.,.
2007,STE,S,STE_S,STE_S_2007,STE_S_2007,8,8,8,8,8,0.00000,0,86,.,16,16,3,0,.,16,0,.,.,.,.
2007,STE,S,STE_S,STE_S_2007,STE_S_2007,8,8,8,8,8,0.00000,0,38,.,63,3,0,3,.,16,0,.,.,.,.
2007,STE,S,STE_S,STE_S_2007,STE_S_2007,8,7,7,9,7.75,0.95743,0,86,.,3,38,0,0,.,16,0,.,.,.,.
2007,STE,S,STE_S,STE_S_2007,STE_S_2007,7,8,9,7,7.75,0.95743,0,63,.,3,38,0,0,.,3,3,.,.,.,.
2007,STE,S,STE_S,STE_S_2007,STE_S_2007,7,7,10,7,7.75,1.50000,0,86,.,16,16,3,0,.,38,0,.,.,.,.
2007,STE,S,STE_S,STE_S_2007,STE_S_2007,7,7,9,7,7.5,1.00000,0,63,.,3,63,0,0,.,16,0,.,.,.,.
2007,STE,S,STE_S,STE_S_2007,STE_S_2007,7,7,8,7,7.25,0.50000,0,86,.,16,3,16,0,.,3,0,.,.,.,.
2007,STE,S,STE_S,STE_S_2007,STE_S_2007,7,7,7,7,7,0.00000,0,86,.,3,16,0,0,.,3,0,.,.,.,.
2007,STE,S,STE_S,STE_S_2007,STE_S_2007,7,7,7,7,7,0.00000,0,98,.,0,0,3,0,.,16,0,.,.,.,.
2007,STE,S,STE_S,STE_S_2007,STE_S_2007,7,7,7,7,7,0.00000,0,86,.,16,16,3,0,.,3,0,.,.,.,.
2007,STE,S,STE_S,STE_S_2007,STE_S_2007,7,7,7,7,7,0.00000,0,98,.,3,3,3,0,.,3,0,.,.,.,.
2007,STE,S,STE_S,STE_S_2007,STE_S_2007,7,6,7,7,6.75,0.50000,0,63,.,63,16,0,0,.,16,0,.,.,.,.
2007,STE,S,STE_S,STE_S_2007,STE_S_2007,7,6,7,6,6.5,0.57735,0,38,.,38,16,38,0,.,0,3,.,.,.,.
2007,STE,S,STE_S,STE_S_2007,STE_S_2007,6,7,6,7,6.5,0.57735,0,86,.,16,3,16,0,.,16,0,.,.,.,.
2007,STE,S,STE_S,STE_S_2007,STE_S_2007,6,6,7,5,6,0.81650,0,63,.,38,16,3,0,.,16,0,.,.,.,.
2007,STE,S,STE_S,STE_S_2007,STE_S_2007,6,5,5,7,5.75,0.95743,0,86,.,16,0,16,0,.,3,0,.,.,.,.
2007,STE,S,STE_S,STE_S_2007,STE_S_2007,6,5,6,6,5.75,0.50000,0,16,.,86,3,16,0,.,3,3,.,.,.,.
2007,STE,S,STE_S,STE_S_2007,STE_S_2007,6,5,5,6,5.5,0.57735,16,3,.,63,16,16,0,.,3,0,.,.,.,.
2007,STE,S,STE_S,STE_S_2007,STE_S_2007,6,5,6,5,5.5,0.57735,0,98,.,3,3,3,0,.,16,0,.,.,.,.
2007,STE,S,STE_S,STE_S_2007,STE_S_2007,5,5,5,5,5,0.00000,0,16,.,16,16,38,0,.,3,16,.,.,.,.
2007,STE,S,STE_S,STE_S_2007,STE_S_2007,4,5,5,5,4.75,0.50000,0,63,.,16,3,38,0,.,16,3,.,.,.,.
2007,STE,S,STE_S,STE_S_2007,STE_S_2007,5,5,5,4,4.75,0.50000,0,63,.,3,38,16,0,.,3,16,.,.,.,.
2007,STE,S,STE_S,STE_S_2007,STE_S_2007,4,4,4,5,4.25,0.50000,0,3,.,38,16,16,0,.,3,16,.,.,.,.
2007,STE,S,STE_S,STE_S_2007,STE_S_2007,4,5,4,4,4.25,0.50000,0,86,.,16,0,16,0,.,16,0,.,.,.,.
2007,STE,S,STE_S,STE_S_2007,STE_S_2007,4,4,4,4,4,0.00000,0,38,.,16,16,16,0,.,3,3,.,.,.,.
2007,STE,W,STE_W,STE_W_2007,STE_W_2007,8,10,9,9,9,0.81650,0,86,.,0,38,0,3,.,0,0,.,.,.,.
2007,STE,W,STE_W,STE_W_2007,STE_W_2007,8,8,8,11,8.75,1.50000,0,86,.,3,16,0,0,.,38,0,.,.,.,.
2007,STE,W,STE_W,STE_W_2007,STE_W_2007,3,7,9,15,8.5,5.00000,0,16,.,63,3,38,0,.,0,0,.,.,.,.
2007,STE,W,STE_W,STE_W_2007,STE_W_2007,7,8,7,7,7.25,0.50000,0,98,.,0,3,0,3,.,38,0,.,.,.,.
2007,STE,W,STE_W,STE_W_2007,STE_W_2007,7,7,7,7,7,0.00000,0,98,.,0,0,3,0,.,38,0,.,.,.,.
2007,STE,W,STE_W,STE_W_2007,STE_W_2007,7,7,7,7,7,0.00000,0,98,.,0,0,0,0,.,16,0,.,.,.,.
2007,STE,W,STE_W,STE_W_2007,STE_W_2007,7,6,6,6,6.25,0.50000,0,98,.,0,3,0,0,.,38,0,.,.,.,.
2007,STE,W,STE_W,STE_W_2007,STE_W_2007,5,7,7,4,5.75,1.50000,0,86,.,0,3,16,0,.,16,0,.,.,.,.
2007,STE,W,STE_W,STE_W_2007,STE_W_2007,5,4,8,5,5.5,1.73205,0,63,.,0,0,63,0,.,0,0,.,.,.,.
2007,STE,W,STE_W,STE_W_2007,STE_W_2007,7,5,5,5,5.5,1.00000,0,38,.,86,3,16,0,.,3,0,.,.,.,.
2007,STE,W,STE_W,STE_W_2007,STE_W_2007,5,6,5,5,5.25,0.50000,16,3,.,38,63,16,0,.,0,3,.,.,.,.
2007,STE,W,STE_W,STE_W_2007,STE_W_2007,5,5,6,5,5.25,0.50000,0,98,.,0,3,16,0,.,16,0,.,.,.,.
2007,STE,W,STE_W,STE_W_2007,STE_W_2007,6,5,5,5,5.25,0.50000,0,98,.,3,0,3,0,.,16,0,.,.,.,.
2007,STE,W,STE_W,STE_W_2007,STE_W_2007,5,5,5,5,5,0.00000,16,16,.,86,3,3,0,.,3,0,.,.,.,.
2007,STE,W,STE_W,STE_W_2007,STE_W_2007,5,5,5,5,5,0.00000,0,86,.,16,3,3,0,.,38,0,.,.,.,.
2007,STE,W,STE_W,STE_W_2007,STE_W_2007,5,5,5,5,5,0.00000,0,3,.,38,38,38,0,.,3,0,.,.,.,.
2007,STE,W,STE_W,STE_W_2007,STE_W_2007,5,5,5,5,5,0.00000,0,86,.,3,3,16,0,.,16,0,.,.,.,.
2007,STE,W,STE_W,STE_W_2007,STE_W_2007,5,5,5,5,5,0.00000,0,86,.,16,3,16,0,.,38,0,.,.,.,.
2007,STE,W,STE_W,STE_W_2007,STE_W_2007,5,5,5,5,5,0.00000,63,0,.,3,16,3,0,.,3,3,.,.,.,.
2007,STE,W,STE_W,STE_W_2007,STE_W_2007,5,5,5,5,5,0.00000,0,38,.,63,0,0,0,.,16,16,.,.,.,.
2007,STE,W,STE_W,STE_W_2007,STE_W_2007,4,5,3,6,4.5,1.29099,0,63,.,38,16,3,0,.,16,0,.,.,.,.
2007,STE,W,STE_W,STE_W_2007,STE_W_2007,4,5,4,4,4.25,0.50000,0,86,.,38,3,3,0,.,3,3,.,.,.,.
2007,STE,W,STE_W,STE_W_2007,STE_W_2007,5,3,4,4,4,0.81650,0,63,.,38,3,16,0,.,3,0,.,.,.,.
2007,STE,W,STE_W,STE_W_2007,STE_W_2007,2,5,4,5,4,1.41421,0,3,.,38,38,38,0,.,3,3,.,.,.,.
2007,STE,W,STE_W,STE_W_2007,STE_W_2007,3,5,4,3,3.75,0.95743,16,3,.,86,16,3,0,.,3,3,.,.,.,.
2007,STE,W,STE_W,STE_W_2007,STE_W_2007,3,3,3,5,3.5,1.00000,0,16,.,63,16,0,0,.,3,38,.,.,.,.
2007,STE,W,STE_W,STE_W_2007,STE_W_2007,3,3,3,3,3,0.00000,16,0,.,38,38,38,0,.,3,16,.,.,.,.
2007,STE,W,STE_W,STE_W_2007,STE_W_2007,3,3,3,3,3,0.00000,16,0,.,38,38,16,0,.,0,16,.,.,.,.
2007,STE,W,STE_W,STE_W_2007,STE_W_2007,3,3,3,3,3,0.00000,16,0,.,3,38,0,0,.,0,38,.,.,.,.
2007,STE,W,STE_W,STE_W_2007,STE_W_2007,2,2,2,2,2,0.00000,0,3,.,3,63,38,0,.,0,16,.,.,.,.